<?xml version="1.0" encoding="utf-8"?>
<COLLADA xmlns="http://www.collada.org/2005/11/COLLADASchema" version="1.4.1">
  <asset><contributor><author>Mixamo</author><authoring_tool>COLLADA Mixamo exporter</authoring_tool><comments></comments></contributor><created>2018-02-10T16:12:22Z</created><modified>2018-02-10T16:12:22Z</modified><revision></revision><title></title><unit meter="0.010000"/><up_axis>Y_UP</up_axis></asset>
  <library_animations>
    <animation id="mixamorig_Hips-anim" name="mixamorig_Hips"><source id="mixamorig_Hips-Matrix-animation-input"><float_array id="mixamorig_Hips-Matrix-animation-input-array" count="56">

0.000000 0.033333 0.066667 0.100000 0.133333 0.166667 0.200000 0.233333 0.266667 0.300000 0.333333 0.366667 0.400000 0.433333 0.466667 0.500000
0.533333 0.566667 0.600000 0.633333 0.666667 0.700000 0.733333 0.766667 0.800000 0.833333 0.866667 0.900000 0.933333 0.966667 1.000000 1.033333
1.066667 1.100000 1.133333 1.166667 1.200000 1.233333 1.266667 1.300000 1.333333 1.366667 1.400000 1.433333 1.466667 1.500000 1.533333 1.566667
1.600000 1.633333 1.666667 1.700000 1.733333 1.766667 1.800000 1.833333</float_array><technique_common><accessor source="#mixamorig_Hips-Matrix-animation-input-array" count="56"><param name="TIME" type="float"/></accessor></technique_common></source><source id="mixamorig_Hips-Matrix-animation-output-transform"><float_array id="mixamorig_Hips-Matrix-animation-output-transform-array" count="896">

0.988619 -0.116508 0.095180 -0.754456 0.147945 0.867726 -0.474514 188.243042 -0.027306 0.483194 0.875087 4.344707 0.000000 0.000000 0.000000 1.000000
0.987118 -0.107275 0.118702 -0.111512 0.150550 0.873916 -0.462176 190.913071 -0.054155 0.474092 0.878808 11.906677 0.000000 0.000000 0.000000 1.000000
0.986082 -0.094794 0.136588 0.575708 0.146357 0.884686 -0.442618 193.728745 -0.078880 0.456448 0.886246 20.386019 0.000000 0.000000 0.000000 1.000000
0.985705 -0.081067 0.147692 1.767403 0.136560 0.897853 -0.418582 196.579453 -0.098673 0.432767 0.896090 30.534981 0.000000 0.000000 0.000000 1.000000
0.986532 -0.068299 0.148624 2.830654 0.122305 0.911355 -0.393032 199.249069 -0.108605 0.405916 0.907434 41.994694 0.000000 0.000000 0.000000 1.000000
0.987701 -0.056755 0.145687 3.439714 0.107138 0.924322 -0.366266 201.708878 -0.113874 0.377370 0.919034 54.011780 0.000000 0.000000 0.000000 1.000000
0.991041 -0.041214 0.127040 4.151604 0.082429 0.937170 -0.338995 204.063873 -0.105087 0.346430 0.932171 66.880264 0.000000 0.000000 0.000000 1.000000
0.995992 -0.030919 0.083929 4.824336 0.055964 0.947405 -0.315106 206.148712 -0.069772 0.318540 0.945338 79.664062 0.000000 0.000000 0.000000 1.000000
0.999111 -0.022688 0.035522 5.402693 0.032090 0.955854 -0.292084 207.492447 -0.027327 0.292964 0.955733 90.966408 0.000000 0.000000 0.000000 1.000000
0.999843 -0.012029 -0.012995 6.003261 0.008045 0.962335 -0.271746 208.835571 0.015775 0.271599 0.962281 100.366653 0.000000 0.000000 0.000000 1.000000
0.998285 -0.000876 -0.058540 6.777489 -0.014391 0.965539 -0.259862 208.873779 0.056750 0.260258 0.963870 107.932472 0.000000 0.000000 0.000000 1.000000
0.994761 0.005706 -0.102070 7.318287 -0.031687 0.966479 -0.254783 208.194748 0.097195 0.256682 0.961596 114.787575 0.000000 0.000000 0.000000 1.000000
0.990056 0.001343 -0.140666 7.436948 -0.037778 0.965761 -0.256670 207.156219 0.135505 0.259432 0.956208 121.754372 0.000000 0.000000 0.000000 1.000000
0.985028 -0.011561 -0.172006 7.053755 -0.035086 0.963423 -0.265680 205.854645 0.168786 0.267737 0.948593 128.989288 0.000000 0.000000 0.000000 1.000000
0.980642 -0.025827 -0.194098 6.220308 -0.029636 0.960267 -0.277504 204.340424 0.193553 0.277884 0.940913 137.099915 0.000000 0.000000 0.000000 1.000000
0.979612 -0.043326 -0.196169 4.545568 -0.016402 0.955960 -0.293038 202.858185 0.200226 0.290281 0.935760 146.152267 0.000000 0.000000 0.000000 1.000000
0.980870 -0.065457 -0.183327 2.057373 0.004723 0.949495 -0.313747 201.277313 0.194604 0.306879 0.931641 155.767319 0.000000 0.000000 0.000000 1.000000
0.982273 -0.089775 -0.164562 -0.944811 0.029654 0.941227 -0.336470 198.804184 0.185097 0.325626 0.927204 165.712814 0.000000 0.000000 0.000000 1.000000
0.982693 -0.115498 -0.144829 -4.702632 0.056197 0.930859 -0.361032 195.237473 0.176514 0.346645 0.921239 175.798218 0.000000 0.000000 0.000000 1.000000
0.982071 -0.140964 -0.125165 -8.857584 0.082748 0.918924 -0.385658 190.518372 0.169381 0.368386 0.914113 185.426559 0.000000 0.000000 0.000000 1.000000
0.980576 -0.163586 -0.108214 -13.556551 0.105994 0.906176 -0.409402 186.014435 0.165034 0.389980 0.905914 194.198624 0.000000 0.000000 0.000000 1.000000
0.978143 -0.183675 -0.097464 -18.388819 0.124085 0.891739 -0.435207 183.351669 0.166849 0.413601 0.895040 201.986664 0.000000 0.000000 0.000000 1.000000
0.973635 -0.201608 -0.106721 -21.773874 0.130030 0.874906 -0.466510 182.618591 0.187423 0.440334 0.878054 208.420334 0.000000 0.000000 0.000000 1.000000
0.967337 -0.218996 -0.127673 -24.217323 0.128411 0.857580 -0.498064 182.836929 0.218564 0.465401 0.857690 214.784134 0.000000 0.000000 0.000000 1.000000
0.958814 -0.238025 -0.154982 -26.596855 0.122888 0.839571 -0.529168 183.617096 0.256074 0.488329 0.834243 221.398026 0.000000 0.000000 0.000000 1.000000
0.953265 -0.249858 -0.169871 -29.084318 0.117472 0.824509 -0.553521 184.908005 0.278362 0.507697 0.815327 228.117767 0.000000 0.000000 0.000000 1.000000
0.952776 -0.250386 -0.171828 -31.715405 0.114413 0.820113 -0.560646 186.657852 0.281296 0.514511 0.810032 235.604874 0.000000 0.000000 0.000000 1.000000
0.956475 -0.241740 -0.163453 -34.508663 0.113939 0.825041 -0.553466 188.839294 0.268651 0.510753 0.816675 243.777481 0.000000 0.000000 0.000000 1.000000
0.961159 -0.228279 -0.155116 -37.618961 0.115055 0.842276 -0.526625 191.418762 0.250868 0.488324 0.835826 252.400894 0.000000 0.000000 0.000000 1.000000
0.965700 -0.211539 -0.150580 -40.864170 0.114539 0.867482 -0.484103 194.115189 0.233032 0.450251 0.861957 261.630951 0.000000 0.000000 0.000000 1.000000
0.969428 -0.193054 -0.151461 -44.482159 0.109835 0.893368 -0.435695 196.881958 0.219423 0.405739 0.887259 272.008698 0.000000 0.000000 0.000000 1.000000
0.972180 -0.172838 -0.158095 -48.786282 0.100445 0.917344 -0.385215 199.896774 0.211607 0.358618 0.909184 283.144440 0.000000 0.000000 0.000000 1.000000
0.973765 -0.152921 -0.168515 -52.255867 0.088510 0.936753 -0.338616 202.760818 0.209638 0.314817 0.925712 294.812469 0.000000 0.000000 0.000000 1.000000
0.973778 -0.133673 -0.184085 -55.695030 0.073582 0.950737 -0.301139 205.423874 0.215271 0.279697 0.935643 306.902954 0.000000 0.000000 0.000000 1.000000
0.971066 -0.128131 -0.201526 -59.765038 0.066170 0.955198 -0.288476 207.634857 0.229460 0.266795 0.936039 317.507599 0.000000 0.000000 0.000000 1.000000
0.967387 -0.124279 -0.220719 -63.429054 0.059185 0.958145 -0.280099 208.941574 0.246291 0.257901 0.934252 325.993530 0.000000 0.000000 0.000000 1.000000
0.962936 -0.120542 -0.241296 -66.682991 0.051097 0.959908 -0.275618 208.689667 0.264846 0.253073 0.930489 333.829987 0.000000 0.000000 0.000000 1.000000
0.957686 -0.118276 -0.262389 -70.045280 0.043386 0.960568 -0.274640 207.965546 0.284525 0.251635 0.925054 341.019257 0.000000 0.000000 0.000000 1.000000
0.951756 -0.117784 -0.283351 -73.389801 0.036429 0.960239 -0.276792 206.417984 0.304686 0.253116 0.918204 348.303894 0.000000 0.000000 0.000000 1.000000
0.945348 -0.119496 -0.303377 -76.722198 0.030820 0.959007 -0.281703 203.899963 0.324603 0.256957 0.910278 356.123230 0.000000 0.000000 0.000000 1.000000
0.938789 -0.122903 -0.321824 -80.044411 0.026208 0.956967 -0.289011 200.385834 0.343496 0.262886 0.901611 364.858093 0.000000 0.000000 0.000000 1.000000
0.932407 -0.128454 -0.337810 -83.379211 0.022931 0.953848 -0.299413 195.874146 0.360681 0.271429 0.892321 374.719421 0.000000 0.000000 0.000000 1.000000
0.926452 -0.137585 -0.350368 -86.761093 0.022801 0.949609 -0.312607 191.747635 0.375722 0.281626 0.882904 385.251312 0.000000 0.000000 0.000000 1.000000
0.921505 -0.147822 -0.359133 -90.160347 0.024209 0.944794 -0.326768 188.125732 0.387610 0.292425 0.874212 394.803314 0.000000 0.000000 0.000000 1.000000
0.917950 -0.159173 -0.363361 -93.609344 0.027642 0.939409 -0.341682 184.784683 0.395731 0.303603 0.866730 404.166382 0.000000 0.000000 0.000000 1.000000
0.915873 -0.171977 -0.362768 -97.173180 0.033830 0.933450 -0.357109 182.773148 0.400040 0.314794 0.860740 413.300323 0.000000 0.000000 0.000000 1.000000
0.915034 -0.188779 -0.356477 -101.080101 0.046005 0.926804 -0.372716 182.115952 0.400745 0.324648 0.856742 422.489075 0.000000 0.000000 0.000000 1.000000
0.915503 -0.203690 -0.346935 -104.913635 0.057453 0.919713 -0.388366 181.672272 0.398187 0.335617 0.853703 431.065063 0.000000 0.000000 0.000000 1.000000
0.917267 -0.214911 -0.335314 -108.588821 0.066106 0.912394 -0.403939 181.424255 0.392749 0.348353 0.851116 438.804993 0.000000 0.000000 0.000000 1.000000
0.919925 -0.225415 -0.320820 -112.381065 0.074672 0.903968 -0.421030 181.498581 0.384917 0.363360 0.848415 445.952301 0.000000 0.000000 0.000000 1.000000
0.923750 -0.234108 -0.303115 -116.281250 0.083807 0.895809 -0.436466 181.884247 0.373714 0.377783 0.847123 452.295258 0.000000 0.000000 0.000000 1.000000
0.928685 -0.240167 -0.282600 -120.266510 0.092798 0.888237 -0.449914 182.503784 0.359071 0.391604 0.847180 457.679047 0.000000 0.000000 0.000000 1.000000
0.934829 -0.244160 -0.257837 -124.357651 0.103458 0.881875 -0.459992 183.411560 0.339692 0.403339 0.849663 461.886993 0.000000 0.000000 0.000000 1.000000
0.941842 -0.246470 -0.228443 -128.579987 0.116447 0.877019 -0.466130 184.645615 0.315236 0.412419 0.854714 465.717743 0.000000 0.000000 0.000000 1.000000
0.948326 -0.249034 -0.196623 -133.099945 0.131533 0.872468 -0.470636 186.302200 0.288752 0.420454 0.860140 468.523468 0.000000 0.000000 0.000000 1.000000
0.953747 -0.252132 -0.163694 -137.971375 0.147949 0.867726 -0.474513 188.243073 0.261682 0.428347 0.864894 470.909668 0.000000 0.000000 0.000000 1.000000</float_array><technique_common><accessor source="#mixamorig_Hips-Matrix-animation-output-transform-array" count="56" stride="16"><param type="float4x4"/></accessor></technique_common></source><source id="mixamorig_Hips-Interpolations"><Name_array id="mixamorig_Hips-Interpolations-array" count="56">
 LINEAR LINEAR LINEAR LINEAR LINEAR LINEAR LINEAR LINEAR LINEAR LINEAR LINEAR
LINEAR LINEAR LINEAR LINEAR LINEAR LINEAR LINEAR LINEAR LINEAR LINEAR LINEAR LINEAR
LINEAR LINEAR LINEAR LINEAR LINEAR LINEAR LINEAR LINEAR LINEAR LINEAR LINEAR LINEAR
LINEAR LINEAR LINEAR LINEAR LINEAR LINEAR LINEAR LINEAR LINEAR LINEAR LINEAR LINEAR
LINEAR LINEAR LINEAR LINEAR LINEAR LINEAR LINEAR LINEAR LINEAR</Name_array><technique_common><accessor source="#mixamorig_Hips-Interpolations-array" count="56"><param type="name"/></accessor></technique_common></source><sampler id="mixamorig_Hips-Matrix-animation-transform"><input semantic="INPUT" source="#mixamorig_Hips-Matrix-animation-input"/><input semantic="OUTPUT" source="#mixamorig_Hips-Matrix-animation-output-transform"/><input semantic="INTERPOLATION" source="#mixamorig_Hips-Interpolations"/></sampler><channel source="#mixamorig_Hips-Matrix-animation-transform" target="mixamorig_Hips/matrix"/></animation>
    <animation id="mixamorig_Spine-anim" name="mixamorig_Spine"><source id="mixamorig_Spine-Matrix-animation-input"><float_array id="mixamorig_Spine-Matrix-animation-input-array" count="56">

0.000000 0.033333 0.066667 0.100000 0.133333 0.166667 0.200000 0.233333 0.266667 0.300000 0.333333 0.366667 0.400000 0.433333 0.466667 0.500000
0.533333 0.566667 0.600000 0.633333 0.666667 0.700000 0.733333 0.766667 0.800000 0.833333 0.866667 0.900000 0.933333 0.966667 1.000000 1.033333
1.066667 1.100000 1.133333 1.166667 1.200000 1.233333 1.266667 1.300000 1.333333 1.366667 1.400000 1.433333 1.466667 1.500000 1.533333 1.566667
1.600000 1.633333 1.666667 1.700000 1.733333 1.766667 1.800000 1.833333</float_array><technique_common><accessor source="#mixamorig_Spine-Matrix-animation-input-array" count="56"><param name="TIME" type="float"/></accessor></technique_common></source><source id="mixamorig_Spine-Matrix-animation-output-transform"><float_array id="mixamorig_Spine-Matrix-animation-output-transform-array" count="896">

0.992814 -0.095688 0.071869 -0.057500 0.113006 0.947258 -0.299887 18.534300 -0.039383 0.305854 0.951264 -2.042900 0.000000 0.000000 0.000000 1.000000
0.992538 -0.089916 0.082360 -0.057500 0.110474 0.949006 -0.295268 18.534300 -0.051611 0.302163 0.951858 -2.042900 0.000000 0.000000 0.000000 1.000000
0.992212 -0.084025 0.091950 -0.057500 0.106966 0.953032 -0.283353 18.534300 -0.063823 0.290982 0.954597 -2.042900 0.000000 0.000000 0.000000 1.000000
0.991902 -0.078505 0.099839 -0.057500 0.102462 0.959124 -0.263786 18.534300 -0.075050 0.271880 0.959400 -2.042900 0.000000 0.000000 0.000000 1.000000
0.991564 -0.075033 0.105695 -0.057500 0.098312 0.966770 -0.235988 18.534300 -0.084476 0.244389 0.965991 -2.042900 0.000000 0.000000 0.000000 1.000000
0.992028 -0.073660 0.102246 -0.057500 0.093282 0.974763 -0.202820 18.534300 -0.084726 0.210740 0.973863 -2.042900 0.000000 0.000000 0.000000 1.000000
0.993298 -0.074281 0.088557 -0.057500 0.088463 0.981668 -0.168826 18.534300 -0.074393 0.175529 0.981660 -2.042900 0.000000 0.000000 0.000000 1.000000
0.994563 -0.076827 0.070297 -0.057500 0.085882 0.986915 -0.136465 18.534300 -0.058893 0.141760 0.988148 -2.042900 0.000000 0.000000 0.000000 1.000000
0.995817 -0.077591 0.048246 -0.057500 0.082574 0.990301 -0.111741 18.534300 -0.039108 0.115257 0.992566 -2.042900 0.000000 0.000000 0.000000 1.000000
0.995951 -0.086299 0.025191 -0.057500 0.088493 0.990472 -0.105521 18.534300 -0.015845 0.107323 0.994098 -2.042900 0.000000 0.000000 0.000000 1.000000
0.995083 -0.099033 0.001663 -0.057500 0.098627 0.989176 -0.108640 18.534300 0.009114 0.108270 0.994080 -2.042900 0.000000 0.000000 0.000000 1.000000
0.994343 -0.103935 -0.021920 -0.057500 0.100829 0.988463 -0.113021 18.534300 0.033414 0.110172 0.993351 -2.042900 0.000000 0.000000 0.000000 1.000000
0.993754 -0.102157 -0.044909 -0.057500 0.096270 0.988343 -0.117942 18.534300 0.056434 0.112882 0.992004 -2.042900 0.000000 0.000000 0.000000 1.000000
0.992991 -0.097678 -0.066547 -0.057500 0.088984 0.988410 -0.122992 18.534300 0.077790 0.116208 0.990174 -2.042900 0.000000 0.000000 0.000000 1.000000
0.991864 -0.093671 -0.086212 -0.057500 0.082207 0.988351 -0.128076 18.534300 0.097205 0.119947 0.988010 -2.042900 0.000000 0.000000 0.000000 1.000000
0.990304 -0.092454 -0.103680 -0.057500 0.078282 0.987981 -0.133288 18.534300 0.114757 0.123879 0.985639 -2.042900 0.000000 0.000000 0.000000 1.000000
0.988041 -0.097929 -0.119099 -0.057500 0.081058 0.986959 -0.139077 18.534300 0.131166 0.127760 0.983094 -2.042900 0.000000 0.000000 0.000000 1.000000
0.985173 -0.109972 -0.131683 -0.057500 0.090522 0.985203 -0.145535 18.534300 0.145739 0.131457 0.980550 -2.042900 0.000000 0.000000 0.000000 1.000000
0.983790 -0.123878 -0.129657 -0.057500 0.103457 0.982660 -0.153870 18.534300 0.146470 0.137962 0.979547 -2.042900 0.000000 0.000000 0.000000 1.000000
0.983228 -0.138820 -0.118283 -0.057500 0.116693 0.977278 -0.176950 18.534300 0.140159 0.160180 0.977086 -2.042900 0.000000 0.000000 0.000000 1.000000
0.983269 -0.153387 -0.098253 -0.057500 0.129891 0.968560 -0.212179 18.534300 0.127709 0.195867 0.972279 -2.042900 0.000000 0.000000 0.000000 1.000000
0.983199 -0.166803 -0.074143 -0.057500 0.143829 0.958022 -0.248005 18.534300 0.112399 0.233174 0.965917 -2.042900 0.000000 0.000000 0.000000 1.000000
0.983224 -0.176313 -0.046738 -0.057500 0.156909 0.948221 -0.276145 18.534300 0.093005 0.264178 0.959979 -2.042900 0.000000 0.000000 0.000000 1.000000
0.985472 -0.168774 -0.018959 -0.057500 0.155970 0.943540 -0.292242 18.534300 0.067211 0.285039 0.956157 -2.042900 0.000000 0.000000 0.000000 1.000000
0.989720 -0.142873 0.006414 -0.057500 0.138251 0.944291 -0.298666 18.534300 0.036614 0.296483 0.954336 -2.042900 0.000000 0.000000 0.000000 1.000000
0.991283 -0.129080 0.026388 -0.057500 0.131020 0.944776 -0.300385 18.534300 0.013843 0.301224 0.953453 -2.042900 0.000000 0.000000 0.000000 1.000000
0.991251 -0.124973 0.042469 -0.057500 0.131956 0.945755 -0.296875 18.534300 -0.003064 0.299881 0.953972 -2.042900 0.000000 0.000000 0.000000 1.000000
0.990213 -0.128424 0.054639 -0.057500 0.138746 0.948161 -0.285903 18.534300 -0.015090 0.290686 0.956700 -2.042900 0.000000 0.000000 0.000000 1.000000
0.988810 -0.134373 0.064793 -0.057500 0.147016 0.951441 -0.270455 18.534300 -0.025305 0.276954 0.960550 -2.042900 0.000000 0.000000 0.000000 1.000000
0.987256 -0.139825 0.075987 -0.057500 0.154616 0.955811 -0.250040 18.534300 -0.037667 0.258602 0.965249 -2.042900 0.000000 0.000000 0.000000 1.000000
0.986142 -0.141126 0.087221 -0.057500 0.157441 0.961837 -0.223789 18.534300 -0.052310 0.234420 0.970727 -2.042900 0.000000 0.000000 0.000000 1.000000
0.986600 -0.130788 0.097545 -0.057500 0.147657 0.970068 -0.192783 18.534300 -0.069412 0.204603 0.976381 -2.042900 0.000000 0.000000 0.000000 1.000000
0.988128 -0.112056 0.105104 -0.057500 0.128483 0.977816 -0.165433 18.534300 -0.084234 0.176973 0.980604 -2.042900 0.000000 0.000000 0.000000 1.000000
0.989344 -0.101945 0.103946 -0.057500 0.116276 0.982911 -0.142709 18.534300 -0.087621 0.153275 0.984291 -2.042900 0.000000 0.000000 0.000000 1.000000
0.990825 -0.094713 0.096414 -0.057500 0.106489 0.986376 -0.125391 18.534300 -0.083225 0.134508 0.987411 -2.042900 0.000000 0.000000 0.000000 1.000000
0.992399 -0.091083 0.082759 -0.057500 0.100335 0.988221 -0.115548 18.534300 -0.071260 0.122974 0.989848 -2.042900 0.000000 0.000000 0.000000 1.000000
0.993643 -0.091835 0.065107 -0.057500 0.098966 0.988258 -0.116416 18.534300 -0.053652 0.122119 0.991064 -2.042900 0.000000 0.000000 0.000000 1.000000
0.994517 -0.094613 0.044555 -0.057500 0.099359 0.987754 -0.120291 18.534300 -0.032628 0.124058 0.991738 -2.042900 0.000000 0.000000 0.000000 1.000000
0.994857 -0.098840 0.022162 -0.057500 0.100882 0.986520 -0.128848 18.534300 -0.009128 0.130421 0.991417 -2.042900 0.000000 0.000000 0.000000 1.000000
0.994587 -0.103897 -0.001165 -0.057500 0.102690 0.984617 -0.141365 18.534300 0.015835 0.140480 0.989957 -2.042900 0.000000 0.000000 0.000000 1.000000
0.993630 -0.110064 -0.024209 -0.057500 0.105254 0.983120 -0.149657 18.534300 0.040272 0.146156 0.988442 -2.042900 0.000000 0.000000 0.000000 1.000000
0.992097 -0.116647 -0.046229 -0.057500 0.108602 0.982819 -0.149241 18.534300 0.062843 0.143041 0.987720 -2.042900 0.000000 0.000000 0.000000 1.000000
0.990229 -0.122478 -0.066670 -0.057500 0.111770 0.982988 -0.145745 18.534300 0.083386 0.136870 0.987073 -2.042900 0.000000 0.000000 0.000000 1.000000
0.988222 -0.127758 -0.084232 -0.057500 0.115008 0.983173 -0.141929 18.534300 0.100947 0.130570 0.986286 -2.042900 0.000000 0.000000 0.000000 1.000000
0.986409 -0.131815 -0.098096 -0.057500 0.117405 0.983101 -0.140459 18.534300 0.114952 0.127033 0.985215 -2.042900 0.000000 0.000000 0.000000 1.000000
0.985645 -0.133576 -0.103254 -0.057500 0.117859 0.982285 -0.145689 18.534300 0.120885 0.131428 0.983927 -2.042900 0.000000 0.000000 0.000000 1.000000
0.986862 -0.128617 -0.097779 -0.057500 0.111337 0.979940 -0.165295 18.534300 0.117078 0.152236 0.981385 -2.042900 0.000000 0.000000 0.000000 1.000000
0.989171 -0.124609 -0.077546 -0.057500 0.106016 0.972019 -0.209619 18.534300 0.101496 0.199128 0.974703 -2.042900 0.000000 0.000000 0.000000 1.000000
0.990770 -0.123024 -0.056924 -0.057500 0.104234 0.959885 -0.260299 18.534300 0.086663 0.251963 0.963849 -2.042900 0.000000 0.000000 0.000000 1.000000
0.992047 -0.120436 -0.036578 -0.057500 0.104802 0.951308 -0.289879 18.534300 0.069709 0.283740 0.956364 -2.042900 0.000000 0.000000 0.000000 1.000000
0.992985 -0.116995 -0.017131 -0.057500 0.106672 0.948870 -0.297099 18.534300 0.051014 0.293187 0.954693 -2.042900 0.000000 0.000000 0.000000 1.000000
0.993537 -0.113492 0.002051 -0.057500 0.108835 0.947323 -0.301221 18.534300 0.032244 0.299497 0.953552 -2.042900 0.000000 0.000000 0.000000 1.000000
0.993740 -0.109753 0.020863 -0.057500 0.110900 0.946552 -0.302888 18.534300 0.013495 0.303305 0.952798 -2.042900 0.000000 0.000000 0.000000 1.000000
0.993646 -0.105582 0.038978 -0.057500 0.112439 0.946409 -0.302765 18.534300 -0.004922 0.305224 0.952268 -2.042900 0.000000 0.000000 0.000000 1.000000
0.993334 -0.100809 0.055896 -0.057500 0.113046 0.946734 -0.301522 18.534300 -0.022523 0.305831 0.951819 -2.042900 0.000000 0.000000 0.000000 1.000000
0.992814 -0.095686 0.071865 -0.057500 0.113002 0.947262 -0.299877 18.534300 -0.039381 0.305843 0.951267 -2.042900 0.000000 0.000000 0.000000 1.000000</float_array><technique_common><accessor source="#mixamorig_Spine-Matrix-animation-output-transform-array" count="56" stride="16"><param type="float4x4"/></accessor></technique_common></source><source id="mixamorig_Spine-Interpolations"><Name_array id="mixamorig_Spine-Interpolations-array" count="56">
 LINEAR LINEAR LINEAR LINEAR LINEAR LINEAR LINEAR LINEAR LINEAR LINEAR LINEAR
LINEAR LINEAR LINEAR LINEAR LINEAR LINEAR LINEAR LINEAR LINEAR LINEAR LINEAR LINEAR
LINEAR LINEAR LINEAR LINEAR LINEAR LINEAR LINEAR LINEAR LINEAR LINEAR LINEAR LINEAR
LINEAR LINEAR LINEAR LINEAR LINEAR LINEAR LINEAR LINEAR LINEAR LINEAR LINEAR LINEAR
LINEAR LINEAR LINEAR LINEAR LINEAR LINEAR LINEAR LINEAR LINEAR</Name_array><technique_common><accessor source="#mixamorig_Spine-Interpolations-array" count="56"><param type="name"/></accessor></technique_common></source><sampler id="mixamorig_Spine-Matrix-animation-transform"><input semantic="INPUT" source="#mixamorig_Spine-Matrix-animation-input"/><input semantic="OUTPUT" source="#mixamorig_Spine-Matrix-animation-output-transform"/><input semantic="INTERPOLATION" source="#mixamorig_Spine-Interpolations"/></sampler><channel source="#mixamorig_Spine-Matrix-animation-transform" target="mixamorig_Spine/matrix"/></animation>
    <animation id="mixamorig_Spine1-anim" name="mixamorig_Spine1"><source id="mixamorig_Spine1-Matrix-animation-input"><float_array id="mixamorig_Spine1-Matrix-animation-input-array" count="56">

0.000000 0.033333 0.066667 0.100000 0.133333 0.166667 0.200000 0.233333 0.266667 0.300000 0.333333 0.366667 0.400000 0.433333 0.466667 0.500000
0.533333 0.566667 0.600000 0.633333 0.666667 0.700000 0.733333 0.766667 0.800000 0.833333 0.866667 0.900000 0.933333 0.966667 1.000000 1.033333
1.066667 1.100000 1.133333 1.166667 1.200000 1.233333 1.266667 1.300000 1.333333 1.366667 1.400000 1.433333 1.466667 1.500000 1.533333 1.566667
1.600000 1.633333 1.666667 1.700000 1.733333 1.766667 1.800000 1.833333</float_array><technique_common><accessor source="#mixamorig_Spine1-Matrix-animation-input-array" count="56"><param name="TIME" type="float"/></accessor></technique_common></source><source id="mixamorig_Spine1-Matrix-animation-output-transform"><float_array id="mixamorig_Spine1-Matrix-animation-output-transform-array" count="896">

0.998067 -0.058709 0.020369 0.305500 0.061750 0.973734 -0.219155 19.736099 -0.006967 0.219989 0.975477 -0.783400 0.000000 0.000000 0.000000 1.000000
0.998213 -0.053204 0.027221 0.305500 0.057813 0.975066 -0.214252 19.736099 -0.015143 0.215443 0.976399 -0.783400 0.000000 0.000000 0.000000 1.000000
0.998332 -0.047374 0.033004 0.305500 0.053078 0.978010 -0.201692 19.736099 -0.022723 0.203108 0.978893 -0.783400 0.000000 0.000000 0.000000 1.000000
0.998442 -0.041490 0.037308 0.305500 0.047658 0.981859 -0.183523 19.736099 -0.029017 0.185015 0.982307 -0.783400 0.000000 0.000000 0.000000 1.000000
0.998568 -0.035821 0.039722 0.305500 0.041804 0.985940 -0.161789 19.736099 -0.033368 0.163218 0.986026 -0.783400 0.000000 0.000000 0.000000 1.000000
0.998736 -0.030641 0.039837 0.305500 0.035890 0.989705 -0.138547 19.736099 -0.035182 0.139801 0.989554 -0.783400 0.000000 0.000000 0.000000 1.000000
0.998962 -0.026219 0.037242 0.305500 0.030378 0.992799 -0.115878 19.736099 -0.033936 0.116889 0.992565 -0.783400 0.000000 0.000000 0.000000 1.000000
0.999247 -0.022845 0.031347 0.305500 0.025758 0.995058 -0.095891 19.736099 -0.029002 0.096627 0.994898 -0.783400 0.000000 0.000000 0.000000 1.000000
0.999557 -0.020835 0.021268 0.305500 0.022489 0.996482 -0.080728 19.736099 -0.019511 0.081171 0.996509 -0.783400 0.000000 0.000000 0.000000 1.000000
0.999761 -0.020341 0.007967 0.305500 0.020886 0.996910 -0.075728 19.736099 -0.006402 0.075876 0.997097 -0.783400 0.000000 0.000000 0.000000 1.000000
0.999744 -0.021397 -0.007349 0.305500 0.020713 0.996322 -0.083141 19.736099 0.009101 0.082968 0.996511 -0.783400 0.000000 0.000000 0.000000 1.000000
0.999441 -0.023776 -0.023496 0.305500 0.021485 0.995401 -0.093353 19.736099 0.025607 0.092796 0.995356 -0.783400 0.000000 0.000000 0.000000 1.000000
0.998857 -0.027222 -0.039292 0.305500 0.023106 0.994551 -0.101658 19.736099 0.041845 0.100634 0.994043 -0.783400 0.000000 0.000000 0.000000 1.000000
0.998068 -0.031482 -0.053557 0.305500 0.025654 0.994012 -0.106216 19.736099 0.056580 0.104637 0.992900 -0.783400 0.000000 0.000000 0.000000 1.000000
0.997197 -0.036956 -0.065053 0.305500 0.029887 0.993867 -0.106469 19.736099 0.068588 0.104227 0.992186 -0.783400 0.000000 0.000000 0.000000 1.000000
0.996243 -0.043743 -0.074743 0.305500 0.035895 0.994003 -0.103294 19.736099 0.078813 0.100223 0.991839 -0.783400 0.000000 0.000000 0.000000 1.000000
0.995164 -0.051054 -0.083917 0.305500 0.042790 0.994316 -0.097489 19.736099 0.088417 0.093427 0.991692 -0.783400 0.000000 0.000000 0.000000 1.000000
0.994089 -0.057908 -0.091837 0.305500 0.048130 0.993272 -0.105326 19.736099 0.097318 0.100283 0.990188 -0.783400 0.000000 0.000000 0.000000 1.000000
0.993175 -0.063633 -0.097744 0.305500 0.051490 0.991182 -0.122092 19.736099 0.104652 0.116226 0.987694 -0.783400 0.000000 0.000000 0.000000 1.000000
0.992502 -0.069269 -0.100709 0.305500 0.054670 0.988483 -0.141111 19.736099 0.109324 0.134547 0.984858 -0.783400 0.000000 0.000000 0.000000 1.000000
0.992282 -0.074524 -0.099114 0.305500 0.058217 0.985675 -0.158288 19.736099 0.109490 0.151297 0.982406 -0.783400 0.000000 0.000000 0.000000 1.000000
0.992803 -0.078714 -0.090261 0.305500 0.062338 0.983171 -0.171724 19.736099 0.102259 0.164861 0.981001 -0.783400 0.000000 0.000000 0.000000 1.000000
0.993460 -0.081923 -0.079534 0.305500 0.066077 0.980578 -0.184666 19.736099 0.093117 0.178203 0.979578 -0.783400 0.000000 0.000000 0.000000 1.000000
0.994167 -0.083814 -0.067877 0.305500 0.069268 0.978590 -0.193815 19.736099 0.082668 0.187983 0.978687 -0.783400 0.000000 0.000000 0.000000 1.000000
0.994934 -0.083960 -0.055294 0.305500 0.071340 0.977171 -0.200117 19.736099 0.070834 0.195158 0.978211 -0.783400 0.000000 0.000000 0.000000 1.000000
0.995922 -0.079666 -0.042338 0.305500 0.069550 0.976886 -0.202131 19.736099 0.057462 0.198362 0.978443 -0.783400 0.000000 0.000000 0.000000 1.000000
0.996780 -0.074787 -0.028909 0.305500 0.067581 0.977665 -0.199010 19.736099 0.043146 0.196415 0.979571 -0.783400 0.000000 0.000000 0.000000 1.000000
0.997440 -0.069868 -0.015246 0.305500 0.065663 0.979246 -0.191742 19.736099 0.028326 0.190250 0.981327 -0.783400 0.000000 0.000000 0.000000 1.000000
0.997917 -0.064491 -0.001683 0.305500 0.063117 0.981390 -0.181355 19.736099 0.013348 0.180871 0.983416 -0.783400 0.000000 0.000000 0.000000 1.000000
0.998200 -0.058856 0.011504 0.305500 0.059953 0.983836 -0.168738 19.736099 -0.001386 0.169124 0.985594 -0.783400 0.000000 0.000000 0.000000 1.000000
0.998296 -0.053166 0.024040 0.305500 0.056257 0.986346 -0.154779 19.736099 -0.015483 0.155867 0.987657 -0.783400 0.000000 0.000000 0.000000 1.000000
0.998229 -0.047623 0.035650 0.305500 0.052183 0.988725 -0.140355 19.736099 -0.028564 0.141967 0.989459 -0.783400 0.000000 0.000000 0.000000 1.000000
0.998037 -0.042430 0.046059 0.305500 0.047954 0.990827 -0.126340 19.736099 -0.040275 0.128301 0.990917 -0.783400 0.000000 0.000000 0.000000 1.000000
0.997800 -0.037841 0.054444 0.305500 0.043842 0.992556 -0.113624 19.736099 -0.049739 0.115761 0.992031 -0.783400 0.000000 0.000000 0.000000 1.000000
0.997861 -0.034535 0.055502 0.305500 0.040140 0.993844 -0.103258 19.736099 -0.051595 0.105265 0.993105 -0.783400 0.000000 0.000000 0.000000 1.000000
0.998392 -0.032986 0.046104 0.305500 0.037353 0.994550 -0.097338 19.736099 -0.042642 0.098904 0.994183 -0.783400 0.000000 0.000000 0.000000 1.000000
0.999151 -0.033594 0.023868 0.305500 0.035857 0.994165 -0.101741 19.736099 -0.020311 0.102510 0.994525 -0.783400 0.000000 0.000000 0.000000 1.000000
0.999368 -0.035529 -0.000572 0.305500 0.035226 0.992701 -0.115345 19.736099 0.004666 0.115252 0.993325 -0.783400 0.000000 0.000000 0.000000 1.000000
0.999140 -0.037968 -0.016655 0.305500 0.035428 0.990518 -0.132737 19.736099 0.021537 0.132033 0.991011 -0.783400 0.000000 0.000000 0.000000 1.000000
0.998648 -0.041715 -0.031028 0.305500 0.036543 0.987737 -0.151790 19.736099 0.036979 0.150451 0.987926 -0.783400 0.000000 0.000000 0.000000 1.000000
0.997853 -0.049076 -0.043360 0.305500 0.041024 0.984547 -0.170248 19.736099 0.051045 0.168104 0.984447 -0.783400 0.000000 0.000000 0.000000 1.000000
0.996757 -0.060069 -0.053538 0.305500 0.049158 0.981348 -0.185847 19.736099 0.063703 0.182612 0.981119 -0.783400 0.000000 0.000000 0.000000 1.000000
0.995531 -0.071431 -0.061771 0.305500 0.058067 0.978861 -0.196110 19.736099 0.074474 0.191647 0.978634 -0.783400 0.000000 0.000000 0.000000 1.000000
0.994401 -0.080718 -0.068204 0.305500 0.065782 0.977936 -0.198279 19.736099 0.082704 0.192682 0.977770 -0.783400 0.000000 0.000000 0.000000 1.000000
0.993290 -0.090082 -0.072527 0.305500 0.074805 0.978711 -0.191128 19.736099 0.088200 0.184420 0.978882 -0.783400 0.000000 0.000000 0.000000 1.000000
0.992328 -0.098475 -0.074749 0.305500 0.083881 0.980435 -0.178075 19.736099 0.090823 0.170438 0.981174 -0.783400 0.000000 0.000000 0.000000 1.000000
0.991737 -0.104104 -0.074961 0.305500 0.090811 0.982443 -0.162969 19.736099 0.090611 0.154816 0.983779 -0.783400 0.000000 0.000000 0.000000 1.000000
0.991738 -0.105521 -0.072951 0.305500 0.093714 0.984277 -0.149718 19.736099 0.087603 0.141645 0.986034 -0.783400 0.000000 0.000000 0.000000 1.000000
0.992316 -0.103854 -0.067253 0.305500 0.093476 0.985384 -0.142412 19.736099 0.081060 0.135031 0.987520 -0.783400 0.000000 0.000000 0.000000 1.000000
0.993288 -0.099894 -0.058304 0.305500 0.090230 0.984599 -0.149745 19.736099 0.072364 0.143480 0.987004 -0.783400 0.000000 0.000000 0.000000 1.000000
0.994451 -0.094188 -0.046869 0.305500 0.085474 0.983076 -0.162034 19.736099 0.061338 0.157128 0.985672 -0.783400 0.000000 0.000000 0.000000 1.000000
0.995613 -0.087284 -0.033720 0.305500 0.080007 0.980962 -0.176953 19.736099 0.048524 0.173479 0.983641 -0.783400 0.000000 0.000000 0.000000 1.000000
0.996623 -0.079733 -0.019634 0.305500 0.074495 0.978503 -0.192308 19.736099 0.034545 0.190195 0.981138 -0.783400 0.000000 0.000000 0.000000 1.000000
0.997384 -0.072085 -0.005396 0.305500 0.069433 0.976111 -0.205879 19.736099 0.020108 0.204965 0.978563 -0.783400 0.000000 0.000000 0.000000 1.000000
0.997849 -0.065066 0.007955 0.305500 0.065256 0.974536 -0.214524 19.736099 0.006206 0.214582 0.976686 -0.783400 0.000000 0.000000 0.000000 1.000000
0.998067 -0.058709 0.020369 0.305500 0.061750 0.973734 -0.219155 19.736099 -0.006967 0.219989 0.975477 -0.783400 0.000000 0.000000 0.000000 1.000000</float_array><technique_common><accessor source="#mixamorig_Spine1-Matrix-animation-output-transform-array" count="56" stride="16"><param type="float4x4"/></accessor></technique_common></source><source id="mixamorig_Spine1-Interpolations"><Name_array id="mixamorig_Spine1-Interpolations-array" count="56">
 LINEAR LINEAR LINEAR LINEAR LINEAR LINEAR LINEAR LINEAR LINEAR LINEAR LINEAR
LINEAR LINEAR LINEAR LINEAR LINEAR LINEAR LINEAR LINEAR LINEAR LINEAR LINEAR LINEAR
LINEAR LINEAR LINEAR LINEAR LINEAR LINEAR LINEAR LINEAR LINEAR LINEAR LINEAR LINEAR
LINEAR LINEAR LINEAR LINEAR LINEAR LINEAR LINEAR LINEAR LINEAR LINEAR LINEAR LINEAR
LINEAR LINEAR LINEAR LINEAR LINEAR LINEAR LINEAR LINEAR LINEAR</Name_array><technique_common><accessor source="#mixamorig_Spine1-Interpolations-array" count="56"><param type="name"/></accessor></technique_common></source><sampler id="mixamorig_Spine1-Matrix-animation-transform"><input semantic="INPUT" source="#mixamorig_Spine1-Matrix-animation-input"/><input semantic="OUTPUT" source="#mixamorig_Spine1-Matrix-animation-output-transform"/><input semantic="INTERPOLATION" source="#mixamorig_Spine1-Interpolations"/></sampler><channel source="#mixamorig_Spine1-Matrix-animation-transform" target="mixamorig_Spine1/matrix"/></animation>
    <animation id="mixamorig_Spine2-anim" name="mixamorig_Spine2"><source id="mixamorig_Spine2-Matrix-animation-input"><float_array id="mixamorig_Spine2-Matrix-animation-input-array" count="56">

0.000000 0.033333 0.066667 0.100000 0.133333 0.166667 0.200000 0.233333 0.266667 0.300000 0.333333 0.366667 0.400000 0.433333 0.466667 0.500000
0.533333 0.566667 0.600000 0.633333 0.666667 0.700000 0.733333 0.766667 0.800000 0.833333 0.866667 0.900000 0.933333 0.966667 1.000000 1.033333
1.066667 1.100000 1.133333 1.166667 1.200000 1.233333 1.266667 1.300000 1.333333 1.366667 1.400000 1.433333 1.466667 1.500000 1.533333 1.566667
1.600000 1.633333 1.666667 1.700000 1.733333 1.766667 1.800000 1.833333</float_array><technique_common><accessor source="#mixamorig_Spine2-Matrix-animation-input-array" count="56"><param name="TIME" type="float"/></accessor></technique_common></source><source id="mixamorig_Spine2-Matrix-animation-output-transform"><float_array id="mixamorig_Spine2-Matrix-animation-output-transform-array" count="896">

0.998063 -0.058283 0.021777 0.152700 0.061644 0.973755 -0.219093 25.612801 -0.008436 0.220011 0.975461 -0.124700 0.000000 0.000000 0.000000 1.000000
0.998275 -0.051194 0.028730 0.152700 0.056173 0.975183 -0.214155 25.612801 -0.017054 0.215399 0.976377 -0.124700 0.000000 0.000000 0.000000 1.000000
0.998435 -0.044494 0.033893 0.152700 0.050435 0.978163 -0.201627 25.612801 -0.024182 0.203020 0.978876 -0.124700 0.000000 0.000000 0.000000 1.000000
0.998576 -0.038325 0.037104 0.152700 0.044508 0.982008 -0.183518 25.612801 -0.029404 0.184909 0.982316 -0.124700 0.000000 0.000000 0.000000 1.000000
0.998730 -0.032833 0.038207 0.152700 0.038608 0.986061 -0.161845 25.612801 -0.032360 0.163115 0.986076 -0.124700 0.000000 0.000000 0.000000 1.000000
0.998917 -0.028162 0.037041 0.152700 0.033046 0.989790 -0.138647 25.612801 -0.032758 0.139721 0.989649 -0.124700 0.000000 0.000000 0.000000 1.000000
0.999141 -0.024455 0.033447 0.152700 0.028184 0.992850 -0.115994 25.612801 -0.030371 0.116837 0.992687 -0.124700 0.000000 0.000000 0.000000 1.000000
0.999394 -0.021927 0.027043 0.152700 0.024430 0.995082 -0.095993 25.612801 -0.024805 0.096596 0.995015 -0.124700 0.000000 0.000000 0.000000 1.000000
0.999638 -0.020993 0.016808 0.152700 0.022285 0.996482 -0.080789 25.612801 -0.015053 0.081134 0.996590 -0.124700 0.000000 0.000000 0.000000 1.000000
0.999765 -0.021388 0.003547 0.152700 0.021595 0.996899 -0.075667 25.612801 -0.001918 0.075726 0.997127 -0.124700 0.000000 0.000000 0.000000 1.000000
0.999679 -0.022450 -0.011757 0.152700 0.021401 0.996335 -0.082822 25.612801 0.013573 0.082544 0.996495 -0.124700 0.000000 0.000000 0.000000 1.000000
0.999317 -0.024272 -0.027878 0.152700 0.021593 0.995461 -0.092684 25.612801 0.030001 0.092018 0.995305 -0.124700 0.000000 0.000000 0.000000 1.000000
0.998684 -0.027064 -0.043553 0.152700 0.022571 0.994677 -0.100541 25.612801 0.046042 0.099425 0.993979 -0.124700 0.000000 0.000000 0.000000 1.000000
0.997862 -0.031036 -0.057524 0.152700 0.024894 0.994206 -0.104572 25.612801 0.060437 0.102916 0.992852 -0.124700 0.000000 0.000000 0.000000 1.000000
0.996988 -0.036163 -0.068609 0.152700 0.028861 0.994096 -0.104593 25.612801 0.071987 0.102298 0.992146 -0.124700 0.000000 0.000000 0.000000 1.000000
0.996072 -0.042349 -0.077760 0.152700 0.034345 0.994239 -0.101538 25.612801 0.081612 0.098468 0.991788 -0.124700 0.000000 0.000000 0.000000 1.000000
0.995046 -0.049480 -0.086229 0.152700 0.041134 0.994529 -0.096017 25.612801 0.090508 0.091994 0.991638 -0.124700 0.000000 0.000000 0.000000 1.000000
0.993994 -0.056883 -0.093485 0.152700 0.047068 0.993459 -0.104039 25.612801 0.098792 0.099014 0.990170 -0.124700 0.000000 0.000000 0.000000 1.000000
0.993027 -0.064112 -0.098933 0.152700 0.051987 0.991337 -0.120615 25.612801 0.105809 0.114631 0.987757 -0.124700 0.000000 0.000000 0.000000 1.000000
0.992228 -0.071792 -0.101638 0.152700 0.057160 0.988473 -0.140192 25.612801 0.110531 0.133293 0.984894 -0.124700 0.000000 0.000000 0.000000 1.000000
0.991771 -0.079190 -0.100590 0.152700 0.062703 0.985507 -0.157623 25.612801 0.111615 0.150019 0.982363 -0.124700 0.000000 0.000000 0.000000 1.000000
0.991957 -0.085007 -0.093784 0.152700 0.068133 0.983020 -0.170379 25.612801 0.106675 0.162619 0.980906 -0.124700 0.000000 0.000000 0.000000 1.000000
0.992509 -0.089264 -0.083415 0.152700 0.072974 0.980731 -0.181221 25.612801 0.097984 0.173776 0.979898 -0.124700 0.000000 0.000000 0.000000 1.000000
0.993202 -0.091906 -0.071433 0.152700 0.076862 0.978677 -0.190481 25.612801 0.087417 0.183696 0.979088 -0.124700 0.000000 0.000000 0.000000 1.000000
0.993998 -0.092462 -0.058468 0.152700 0.079260 0.977062 -0.197657 25.612801 0.075403 0.191836 0.978526 -0.124700 0.000000 0.000000 0.000000 1.000000
0.994961 -0.089404 -0.045384 0.152700 0.078594 0.976510 -0.200628 25.612801 0.062255 0.196050 0.978616 -0.124700 0.000000 0.000000 0.000000 1.000000
0.995968 -0.083712 -0.032236 0.152700 0.075740 0.977303 -0.197842 25.612801 0.048066 0.194603 0.979704 -0.124700 0.000000 0.000000 0.000000 1.000000
0.996870 -0.076752 -0.018964 0.152700 0.071748 0.979011 -0.190758 25.612801 0.033207 0.188801 0.981454 -0.124700 0.000000 0.000000 0.000000 1.000000
0.997611 -0.068828 -0.005848 0.152700 0.066644 0.981303 -0.180563 25.612801 0.018166 0.179742 0.983546 -0.124700 0.000000 0.000000 0.000000 1.000000
0.998158 -0.060273 0.006837 0.152700 0.060564 0.983896 -0.168168 25.612801 0.003409 0.168272 0.985735 -0.124700 0.000000 0.000000 0.000000 1.000000
0.998500 -0.051421 0.018813 0.152700 0.053716 0.986536 -0.154472 25.612801 -0.010617 0.155251 0.987818 -0.124700 0.000000 0.000000 0.000000 1.000000
0.998647 -0.042606 0.029803 0.152700 0.046384 0.989013 -0.140360 25.612801 -0.023496 0.141552 0.989652 -0.124700 0.000000 0.000000 0.000000 1.000000
0.998634 -0.034162 0.039529 0.152700 0.038922 0.991177 -0.126700 25.612801 -0.034852 0.128066 0.991153 -0.124700 0.000000 0.000000 0.000000 1.000000
0.998524 -0.026525 0.047393 0.152700 0.031804 0.992931 -0.114355 25.612801 -0.044025 0.115694 0.992309 -0.124700 0.000000 0.000000 0.000000 1.000000
0.998614 -0.021639 0.047984 0.152700 0.026554 0.994192 -0.104291 25.612801 -0.045448 0.105420 0.993389 -0.124700 0.000000 0.000000 0.000000 1.000000
0.999039 -0.020569 0.038698 0.152700 0.024298 0.994841 -0.098497 25.612801 -0.036472 0.099343 0.994385 -0.124700 0.000000 0.000000 0.000000 1.000000
0.999556 -0.024268 0.017291 0.152700 0.025916 0.994397 -0.102481 25.612801 -0.014707 0.102883 0.994585 -0.124700 0.000000 0.000000 0.000000 1.000000
0.999532 -0.029904 -0.006424 0.152700 0.028960 0.992843 -0.115864 25.612801 0.009843 0.115624 0.993244 -0.124700 0.000000 0.000000 0.000000 1.000000
0.999155 -0.034534 -0.022277 0.152700 0.031268 0.990594 -0.133215 25.612801 0.026668 0.132406 0.990837 -0.124700 0.000000 0.000000 0.000000 1.000000
0.998530 -0.040288 -0.036267 0.152700 0.034321 0.987737 -0.152308 25.612801 0.041958 0.150839 0.987668 -0.124700 0.000000 0.000000 0.000000 1.000000
0.997668 -0.048782 -0.047727 0.152700 0.039964 0.984487 -0.170845 25.612801 0.055321 0.168539 0.984141 -0.124700 0.000000 0.000000 0.000000 1.000000
0.996595 -0.060063 -0.056485 0.152700 0.048566 0.981250 -0.186520 25.612801 0.066629 0.183142 0.980826 -0.124700 0.000000 0.000000 0.000000 1.000000
