<?xml version="1.0" encoding="utf-8"?>
<COLLADA xmlns="http://www.collada.org/2005/11/COLLADASchema" version="1.4.1">
  <asset><contributor><author>Mixamo</author><authoring_tool>COLLADA Mixamo exporter</authoring_tool><comments></comments></contributor><created>2018-02-10T11:47:45Z</created><modified>2018-02-10T11:47:45Z</modified><revision></revision><title></title><unit meter="0.010000"/><up_axis>Y_UP</up_axis></asset>
  <library_animations>
    <animation id="mixamorig_Hips-anim" name="mixamorig_Hips"><source id="mixamorig_Hips-Matrix-animation-input"><float_array id="mixamorig_Hips-Matrix-animation-input-array" count="34">

0.000000 0.033333 0.066667 0.100000 0.133333 0.166667 0.200000 0.233333 0.266667 0.300000 0.333333 0.366667 0.400000 0.433333 0.466667 0.500000
0.533333 0.566667 0.600000 0.633333 0.666667 0.700000 0.733333 0.766667 0.800000 0.833333 0.866667 0.900000 0.933333 0.966667 1.000000 1.033333
1.066667 1.100000</float_array><technique_common><accessor source="#mixamorig_Hips-Matrix-animation-input-array" count="34"><param name="TIME" type="float"/></accessor></technique_common></source><source id="mixamorig_Hips-Matrix-animation-output-transform"><float_array id="mixamorig_Hips-Matrix-animation-output-transform-array" count="544">

0.938417 -0.168722 -0.301508 0.553150 -0.037026 0.818523 -0.573279 161.595413 0.343515 0.549139 0.761869 -2.816615 0.000000 0.000000 0.000000 1.000000
0.930209 -0.169528 -0.325532 1.473967 -0.037615 0.838233 -0.544013 159.673035 0.365098 0.518291 0.773355 8.697393 0.000000 0.000000 0.000000 1.000000
0.921490 -0.169657 -0.349389 2.594255 -0.037174 0.856901 -0.514139 157.735519 0.386619 0.486762 0.783319 20.277670 0.000000 0.000000 0.000000 1.000000
0.911180 -0.170218 -0.375201 3.811933 -0.035504 0.874839 -0.483111 155.748657 0.410475 0.453523 0.791093 31.799072 0.000000 0.000000 0.000000 1.000000
0.901219 -0.170406 -0.398455 5.091491 -0.031250 0.891497 -0.451947 153.799118 0.432236 0.419755 0.798109 43.403896 0.000000 0.000000 0.000000 1.000000
0.894125 -0.168613 -0.414861 6.434544 -0.024790 0.906350 -0.421800 151.928284 0.447130 0.387426 0.806211 55.223297 0.000000 0.000000 0.000000 1.000000
0.893222 -0.164392 -0.418486 7.798040 -0.015547 0.918912 -0.394157 150.246445 0.449348 0.358575 0.818236 67.476326 0.000000 0.000000 0.000000 1.000000
0.906453 -0.149636 -0.394907 9.432893 -0.009966 0.927281 -0.374235 149.528015 0.422188 0.343162 0.839045 81.058800 0.000000 0.000000 0.000000 1.000000
0.916881 -0.130382 -0.377267 10.568056 -0.022759 0.926535 -0.375520 149.955307 0.398512 0.352893 0.846555 94.405441 0.000000 0.000000 0.000000 1.000000
0.920718 -0.117255 -0.372195 11.305789 -0.036707 0.923536 -0.381751 151.270096 0.388498 0.365147 0.846012 106.105186 0.000000 0.000000 0.000000 1.000000
0.923732 -0.104170 -0.368602 12.184147 -0.051268 0.920026 -0.388489 152.865524 0.379592 0.377758 0.844517 117.270638 0.000000 0.000000 0.000000 1.000000
0.925236 -0.086664 -0.369361 13.177018 -0.070316 0.917521 -0.391420 155.125214 0.372819 0.388128 0.842830 128.561615 0.000000 0.000000 0.000000 1.000000
0.925430 -0.071607 -0.372090 14.134459 -0.086610 0.916011 -0.391691 157.992386 0.368886 0.394709 0.841503 138.709579 0.000000 0.000000 0.000000 1.000000
0.926830 -0.062280 -0.370281 14.647462 -0.097557 0.912340 -0.397641 160.163773 0.362587 0.404669 0.839508 147.855118 0.000000 0.000000 0.000000 1.000000
0.929612 -0.050929 -0.365004 14.629368 -0.109857 0.907088 -0.406354 161.961258 0.351786 0.417849 0.837645 156.456284 0.000000 0.000000 0.000000 1.000000
0.935437 -0.036596 -0.351594 14.123807 -0.120846 0.901593 -0.415362 163.600418 0.332195 0.431034 0.838961 164.380112 0.000000 0.000000 0.000000 1.000000
0.943739 -0.021386 -0.330000 13.441661 -0.129669 0.894059 -0.428771 164.880844 0.304209 0.447439 0.840985 171.905014 0.000000 0.000000 0.000000 1.000000
0.953170 -0.012284 -0.302186 12.387346 -0.127720 0.889356 -0.439014 165.234909 0.274144 0.457050 0.846139 180.173508 0.000000 0.000000 0.000000 1.000000
0.962310 -0.011498 -0.271712 11.106314 -0.114411 0.889273 -0.442836 164.784637 0.246718 0.457232 0.854441 189.345001 0.000000 0.000000 0.000000 1.000000
0.972799 -0.010666 -0.231405 9.843727 -0.096728 0.888983 -0.447608 163.690903 0.210489 0.457816 0.863770 199.671219 0.000000 0.000000 0.000000 1.000000
0.982482 -0.014338 -0.185805 8.526337 -0.072494 0.889100 -0.451936 161.568848 0.171679 0.457489 0.872485 210.983154 0.000000 0.000000 0.000000 1.000000
0.988844 -0.011384 -0.148519 7.040569 -0.057382 0.891009 -0.450344 158.875244 0.137458 0.453842 0.880416 223.475998 0.000000 0.000000 0.000000 1.000000
0.990239 -0.002902 -0.139352 5.600996 -0.061616 0.887674 -0.456332 156.042923 0.125023 0.460464 0.878830 236.817596 0.000000 0.000000 0.000000 1.000000
0.985946 0.000243 -0.167062 4.005403 -0.078392 0.883743 -0.461360 153.991043 0.147528 0.467972 0.871342 250.284515 0.000000 0.000000 0.000000 1.000000
0.980360 -0.007547 -0.197072 2.656782 -0.087080 0.880017 -0.466890 154.190460 0.176950 0.474881 0.862077 263.266418 0.000000 0.000000 0.000000 1.000000
0.976866 -0.020294 -0.212886 1.455219 -0.087349 0.870795 -0.483825 154.968628 0.195199 0.491227 0.848878 274.515259 0.000000 0.000000 0.000000 1.000000
0.973367 -0.034581 -0.226629 0.766425 -0.085626 0.862175 -0.499322 155.582855 0.212661 0.505429 0.836252 284.927826 0.000000 0.000000 0.000000 1.000000
0.969680 -0.053897 -0.238361 0.206138 -0.077860 0.856411 -0.510390 158.003769 0.231644 0.513473 0.826248 294.497314 0.000000 0.000000 0.000000 1.000000
0.965792 -0.076119 -0.247893 -0.317048 -0.066432 0.851420 -0.520260 160.656723 0.250663 0.518931 0.817239 303.331055 0.000000 0.000000 0.000000 1.000000
0.961616 -0.093626 -0.257932 -0.590431 -0.059710 0.846066 -0.529723 162.431580 0.267823 0.524792 0.808000 311.600677 0.000000 0.000000 0.000000 1.000000
0.956968 -0.111284 -0.268008 -0.636444 -0.053518 0.840029 -0.539895 163.338318 0.285217 0.531006 0.797925 319.978516 0.000000 0.000000 0.000000 1.000000
0.951530 -0.130296 -0.278592 -0.370551 -0.047184 0.833259 -0.550866 163.157578 0.303915 0.537311 0.786723 328.468933 0.000000 0.000000 0.000000 1.000000
0.945284 -0.149787 -0.289831 0.092813 -0.041454 0.826030 -0.562100 162.361588 0.323604 0.543359 0.774623 336.947632 0.000000 0.000000 0.000000 1.000000
0.938417 -0.168723 -0.301505 0.547539 -0.037023 0.818523 -0.573279 161.595581 0.343514 0.549138 0.761870 345.462067 0.000000 0.000000 0.000000 1.000000</float_array><technique_common><accessor source="#mixamorig_Hips-Matrix-animation-output-transform-array" count="34" stride="16"><param type="float4x4"/></accessor></technique_common></source><source id="mixamorig_Hips-Interpolations"><Name_array id="mixamorig_Hips-Interpolations-array" count="34">
 LINEAR LINEAR LINEAR LINEAR LINEAR LINEAR LINEAR LINEAR LINEAR LINEAR LINEAR
LINEAR LINEAR LINEAR LINEAR LINEAR LINEAR LINEAR LINEAR LINEAR LINEAR LINEAR LINEAR
LINEAR LINEAR LINEAR LINEAR LINEAR LINEAR LINEAR LINEAR LINEAR LINEAR LINEAR</Name_array><technique_common><accessor source="#mixamorig_Hips-Interpolations-array" count="34"><param type="name"/></accessor></technique_common></source><sampler id="mixamorig_Hips-Matrix-animation-transform"><input semantic="INPUT" source="#mixamorig_Hips-Matrix-animation-input"/><input semantic="OUTPUT" source="#mixamorig_Hips-Matrix-animation-output-transform"/><input semantic="INTERPOLATION" source="#mixamorig_Hips-Interpolations"/></sampler><channel source="#mixamorig_Hips-Matrix-animation-transform" target="mixamorig_Hips/matrix"/></animation>
    <animation id="mixamorig_Spine-anim" name="mixamorig_Spine"><source id="mixamorig_Spine-Matrix-animation-input"><float_array id="mixamorig_Spine-Matrix-animation-input-array" count="34">

0.000000 0.033333 0.066667 0.100000 0.133333 0.166667 0.200000 0.233333 0.266667 0.300000 0.333333 0.366667 0.400000 0.433333 0.466667 0.500000
0.533333 0.566667 0.600000 0.633333 0.666667 0.700000 0.733333 0.766667 0.800000 0.833333 0.866667 0.900000 0.933333 0.966667 1.000000 1.033333
1.066667 1.100000</float_array><technique_common><accessor source="#mixamorig_Spine-Matrix-animation-input-array" count="34"><param name="TIME" type="float"/></accessor></technique_common></source><source id="mixamorig_Spine-Matrix-animation-output-transform"><float_array id="mixamorig_Spine-Matrix-animation-output-transform-array" count="544">

0.997428 0.058326 -0.041653 -0.057500 -0.066608 0.968927 -0.238209 18.534300 0.026465 0.240371 0.970320 -2.042900 0.000000 0.000000 0.000000 1.000000
0.997037 0.069529 -0.032912 -0.057500 -0.075825 0.960385 -0.268163 18.534300 0.012963 0.269864 0.962811 -2.042900 0.000000 0.000000 0.000000 1.000000
0.996392 0.081520 -0.023596 -0.057500 -0.084845 0.950654 -0.298425 18.534300 -0.001896 0.299350 0.954141 -2.042900 0.000000 0.000000 0.000000 1.000000
0.995440 0.094210 -0.014971 -0.057500 -0.093886 0.939806 -0.328557 18.534300 -0.016883 0.328464 0.944366 -2.042900 0.000000 0.000000 0.000000 1.000000
0.994187 0.107403 -0.007598 -0.057500 -0.102988 0.927977 -0.358123 18.534300 -0.031412 0.356824 0.933643 -2.042900 0.000000 0.000000 0.000000 1.000000
0.992788 0.119876 -0.001088 -0.057500 -0.110970 0.915517 -0.386672 18.534300 -0.045356 0.384004 0.922217 -2.042900 0.000000 0.000000 0.000000 1.000000
0.991338 0.131267 0.004210 -0.057500 -0.117789 0.902818 -0.413577 18.534300 -0.058089 0.409499 0.910459 -2.042900 0.000000 0.000000 0.000000 1.000000
0.991712 0.128219 0.008202 -0.057500 -0.112087 0.894607 -0.432569 18.534300 -0.062801 0.428064 0.901564 -2.042900 0.000000 0.000000 0.000000 1.000000
0.992542 0.121272 0.012410 -0.057500 -0.104156 0.896516 -0.430592 18.534300 -0.063345 0.426088 0.902461 -2.042900 0.000000 0.000000 0.000000 1.000000
0.991869 0.126409 0.014693 -0.057500 -0.108004 0.897222 -0.428168 18.534300 -0.067307 0.423100 0.903580 -2.042900 0.000000 0.000000 0.000000 1.000000
0.992379 0.122063 0.016840 -0.057500 -0.103469 0.899708 -0.424051 18.534300 -0.066912 0.419077 0.905482 -2.042900 0.000000 0.000000 0.000000 1.000000
0.993734 0.109955 0.020072 -0.057500 -0.091695 0.904671 -0.416128 18.534300 -0.063914 0.411680 0.909084 -2.042900 0.000000 0.000000 0.000000 1.000000
0.994704 0.099994 0.023779 -0.057500 -0.081054 0.905401 -0.416748 18.534300 -0.063202 0.412613 0.908711 -2.042900 0.000000 0.000000 0.000000 1.000000
0.995535 0.091096 0.024735 -0.057500 -0.072651 0.906746 -0.415372 18.534300 -0.060268 0.411720 0.909315 -2.042900 0.000000 0.000000 0.000000 1.000000
0.996449 0.080492 0.024710 -0.057500 -0.063149 0.908534 -0.413011 18.534300 -0.055694 0.409984 0.910391 -2.042900 0.000000 0.000000 0.000000 1.000000
0.997358 0.069085 0.022447 -0.057500 -0.053536 0.907937 -0.415673 18.534300 -0.049097 0.413373 0.909237 -2.042900 0.000000 0.000000 0.000000 1.000000
0.998343 0.053899 0.020129 -0.057500 -0.040447 0.906293 -0.420710 18.534300 -0.040919 0.419199 0.906972 -2.042900 0.000000 0.000000 0.000000 1.000000
0.998954 0.042947 0.015684 -0.057500 -0.032303 0.905722 -0.422639 18.534300 -0.032357 0.421691 0.906162 -2.042900 0.000000 0.000000 0.000000 1.000000
0.999253 0.037447 0.009540 -0.057500 -0.029945 0.906415 -0.421326 18.534300 -0.024424 0.420726 0.906859 -2.042900 0.000000 0.000000 0.000000 1.000000
0.999641 0.026731 0.001954 -0.057500 -0.023534 0.910312 -0.413253 18.534300 -0.012825 0.413058 0.910614 -2.042900 0.000000 0.000000 0.000000 1.000000
0.999836 0.016380 -0.007733 -0.057500 -0.018105 0.916932 -0.398632 18.534300 0.000561 0.398707 0.917078 -2.042900 0.000000 0.000000 0.000000 1.000000
0.999865 0.000989 -0.016425 -0.057500 -0.007285 0.921643 -0.387969 18.534300 0.014754 0.388037 0.921526 -2.042900 0.000000 0.000000 0.000000 1.000000
0.999626 -0.019964 -0.018704 -0.057500 0.011561 0.927922 -0.372595 18.534300 0.024794 0.372240 0.927805 -2.042900 0.000000 0.000000 0.000000 1.000000
0.999348 -0.032846 -0.015010 -0.057500 0.025271 0.932964 -0.359083 18.534300 0.025798 0.358469 0.933185 -2.042900 0.000000 0.000000 0.000000 1.000000
0.999586 -0.026670 -0.010757 -0.057500 0.021150 0.935229 -0.353412 18.534300 0.019485 0.353038 0.935406 -2.042900 0.000000 0.000000 0.000000 1.000000
0.999655 -0.024788 -0.008693 -0.057500 0.020311 0.939252 -0.342628 18.534300 0.016658 0.342333 0.939431 -2.042900 0.000000 0.000000 0.000000 1.000000
0.999746 -0.021243 -0.007493 -0.057500 0.017537 0.942778 -0.332960 18.534300 0.014137 0.332744 0.942911 -2.042900 0.000000 0.000000 0.000000 1.000000
0.999916 -0.005820 -0.011619 -0.057500 0.001635 0.943347 -0.331804 18.534300 0.012892 0.331757 0.943277 -2.042900 0.000000 0.000000 0.000000 1.000000
0.999710 0.014448 -0.019258 -0.057500 -0.020047 0.942513 -0.333568 18.534300 0.013331 0.333857 0.942529 -2.042900 0.000000 0.000000 0.000000 1.000000
0.999254 0.029575 -0.024832 -0.057500 -0.036152 0.942472 -0.332323 18.534300 0.013575 0.332973 0.942839 -2.042900 0.000000 0.000000 0.000000 1.000000
0.998722 0.040684 -0.029994 -0.057500 -0.048184 0.945574 -0.321819 18.534300 0.015269 0.322853 0.946326 -2.042900 0.000000 0.000000 0.000000 1.000000
0.998245 0.047984 -0.034704 -0.057500 -0.056179 0.952682 -0.298734 18.534300 0.018727 0.300159 0.953705 -2.042900 0.000000 0.000000 0.000000 1.000000
0.997831 0.053281 -0.038652 -0.057500 -0.061729 0.961320 -0.268426 18.534300 0.022855 0.270230 0.962524 -2.042900 0.000000 0.000000 0.000000 1.000000
0.997428 0.058327 -0.041656 -0.057500 -0.066609 0.968927 -0.238210 18.534300 0.026467 0.240371 0.970320 -2.042900 0.000000 0.000000 0.000000 1.000000</float_array><technique_common><accessor source="#mixamorig_Spine-Matrix-animation-output-transform-array" count="34" stride="16"><param type="float4x4"/></accessor></technique_common></source><source id="mixamorig_Spine-Interpolations"><Name_array id="mixamorig_Spine-Interpolations-array" count="34">
 LINEAR LINEAR LINEAR LINEAR LINEAR LINEAR LINEAR LINEAR LINEAR LINEAR LINEAR
LINEAR LINEAR LINEAR LINEAR LINEAR LINEAR LINEAR LINEAR LINEAR LINEAR LINEAR LINEAR
LINEAR LINEAR LINEAR LINEAR LINEAR LINEAR LINEAR LINEAR LINEAR LINEAR LINEAR</Name_array><technique_common><accessor source="#mixamorig_Spine-Interpolations-array" count="34"><param type="name"/></accessor></technique_common></source><sampler id="mixamorig_Spine-Matrix-animation-transform"><input semantic="INPUT" source="#mixamorig_Spine-Matrix-animation-input"/><input semantic="OUTPUT" source="#mixamorig_Spine-Matrix-animation-output-transform"/><input semantic="INTERPOLATION" source="#mixamorig_Spine-Interpolations"/></sampler><channel source="#mixamorig_Spine-Matrix-animation-transform" target="mixamorig_Spine/matrix"/></animation>
    <animation id="mixamorig_Spine1-anim" name="mixamorig_Spine1"><source id="mixamorig_Spine1-Matrix-animation-input"><float_array id="mixamorig_Spine1-Matrix-animation-input-array" count="34">

0.000000 0.033333 0.066667 0.100000 0.133333 0.166667 0.200000 0.233333 0.266667 0.300000 0.333333 0.366667 0.400000 0.433333 0.466667 0.500000
0.533333 0.566667 0.600000 0.633333 0.666667 0.700000 0.733333 0.766667 0.800000 0.833333 0.866667 0.900000 0.933333 0.966667 1.000000 1.033333
1.066667 1.100000</float_array><technique_common><accessor source="#mixamorig_Spine1-Matrix-animation-input-array" count="34"><param name="TIME" type="float"/></accessor></technique_common></source><source id="mixamorig_Spine1-Matrix-animation-output-transform"><float_array id="mixamorig_Spine1-Matrix-animation-output-transform-array" count="544">

0.995382 -0.075614 0.059141 0.305500 0.064674 0.983502 0.168941 19.736099 -0.070940 -0.164336 0.983850 -0.783400 0.000000 0.000000 0.000000 1.000000
0.995776 -0.073245 0.055366 0.305500 0.064777 0.987785 0.141723 19.736099 -0.065070 -0.137538 0.988357 -0.783400 0.000000 0.000000 0.000000 1.000000
0.996194 -0.070361 0.051456 0.305500 0.064171 0.991477 0.113378 19.736099 -0.058995 -0.109645 0.992219 -0.783400 0.000000 0.000000 0.000000 1.000000
0.996587 -0.067485 0.047546 0.305500 0.063281 0.994372 0.084969 19.736099 -0.053013 -0.081670 0.995249 -0.783400 0.000000 0.000000 0.000000 1.000000
0.996915 -0.065146 0.043771 0.305500 0.062583 0.996378 0.057570 19.736099 -0.047363 -0.054653 0.997381 -0.783400 0.000000 0.000000 0.000000 1.000000
0.997146 -0.063865 0.040266 0.305500 0.062587 0.997519 0.032244 19.736099 -0.042225 -0.029632 0.998669 -0.783400 0.000000 0.000000 0.000000 1.000000
0.997228 -0.064419 0.037229 0.305500 0.064072 0.997891 0.010443 19.736099 -0.037824 -0.008028 0.999252 -0.783400 0.000000 0.000000 0.000000 1.000000
0.997097 -0.067090 0.035997 0.305500 0.067070 0.997747 0.001747 19.736099 -0.036033 0.000672 0.999350 -0.783400 0.000000 0.000000 0.000000 1.000000
0.996807 -0.069346 0.039583 0.305500 0.069405 0.997589 -0.000129 19.736099 -0.039478 0.002876 0.999216 -0.783400 0.000000 0.000000 0.000000 1.000000
0.996253 -0.072614 0.046986 0.305500 0.072712 0.997353 -0.000372 19.736099 -0.046835 0.003787 0.998895 -0.783400 0.000000 0.000000 0.000000 1.000000
0.995761 -0.076194 0.051517 0.305500 0.076149 0.997092 0.002831 19.736099 -0.051583 0.001104 0.998668 -0.783400 0.000000 0.000000 0.000000 1.000000
0.995613 -0.078944 0.050224 0.305500 0.078937 0.996877 0.002142 19.736099 -0.050236 0.001832 0.998736 -0.783400 0.000000 0.000000 0.000000 1.000000
0.995471 -0.081764 0.048505 0.305500 0.081620 0.996651 0.004929 19.736099 -0.048745 -0.000947 0.998811 -0.783400 0.000000 0.000000 0.000000 1.000000
0.995400 -0.084460 0.045230 0.305500 0.084097 0.996409 0.009870 19.736099 -0.045901 -0.006021 0.998928 -0.783400 0.000000 0.000000 0.000000 1.000000
0.995453 -0.085624 0.041740 0.305500 0.085072 0.996264 0.014837 19.736099 -0.042854 -0.011219 0.999018 -0.783400 0.000000 0.000000 0.000000 1.000000
0.995586 -0.086710 0.035908 0.305500 0.085929 0.996042 0.022749 19.736099 -0.037738 -0.019563 0.999096 -0.783400 0.000000 0.000000 0.000000 1.000000
0.995597 -0.088846 0.029892 0.305500 0.087739 0.995475 0.036496 19.736099 -0.032999 -0.033712 0.998887 -0.783400 0.000000 0.000000 0.000000 1.000000
0.995571 -0.090869 0.024101 0.305500 0.089631 0.994806 0.048248 19.736099 -0.028360 -0.045874 0.998545 -0.783400 0.000000 0.000000 0.000000 1.000000
0.995442 -0.093646 0.018064 0.305500 0.092482 0.994079 0.057049 19.736099 -0.023299 -0.055118 0.998208 -0.783400 0.000000 0.000000 0.000000 1.000000
0.995191 -0.097618 0.008111 0.305500 0.096891 0.993172 0.064973 19.736099 -0.014398 -0.063874 0.997854 -0.783400 0.000000 0.000000 0.000000 1.000000
0.995086 -0.098923 -0.004332 0.305500 0.098980 0.992540 0.071189 19.736099 -0.002742 -0.071267 0.997453 -0.783400 0.000000 0.000000 0.000000 1.000000
0.995215 -0.096653 -0.014339 0.305500 0.097483 0.992151 0.078318 19.736099 0.006656 -0.079341 0.996825 -0.783400 0.000000 0.000000 0.000000 1.000000
0.995436 -0.094409 -0.013965 0.305500 0.095265 0.991714 0.086184 19.736099 0.005712 -0.087121 0.996181 -0.783400 0.000000 0.000000 0.000000 1.000000
0.995753 -0.092032 -0.002342 0.305500 0.091878 0.991834 0.088454 19.736099 -0.005818 -0.088294 0.996077 -0.783400 0.000000 0.000000 0.000000 1.000000
0.995709 -0.092074 0.009273 0.305500 0.090771 0.991258 0.095746 19.736099 -0.018008 -0.094494 0.995363 -0.783400 0.000000 0.000000 0.000000 1.000000
0.995913 -0.088721 0.016909 0.305500 0.086456 0.990632 0.105705 19.736099 -0.026129 -0.103811 0.994254 -0.783400 0.000000 0.000000 0.000000 1.000000
0.996113 -0.084818 0.023779 0.305500 0.081553 0.990011 0.115007 19.736099 -0.033296 -0.112620 0.993080 -0.783400 0.000000 0.000000 0.000000 1.000000
0.995899 -0.085752 0.028827 0.305500 0.081432 0.988518 0.127286 19.736099 -0.039411 -0.124417 0.991447 -0.783400 0.000000 0.000000 0.000000 1.000000
0.995518 -0.088582 0.033124 0.305500 0.083095 0.986533 0.140884 19.736099 -0.045157 -0.137500 0.989472 -0.783400 0.000000 0.000000 0.000000 1.000000
0.995152 -0.090992 0.037334 0.305500 0.084271 0.984571 0.153357 19.736099 -0.050713 -0.149468 0.987465 -0.783400 0.000000 0.000000 0.000000 1.000000
0.994991 -0.090651 0.042128 0.305500 0.082716 0.983282 0.162218 19.736099 -0.056129 -0.157921 0.985855 -0.783400 0.000000 0.000000 0.000000 1.000000
0.995088 -0.086800 0.047608 0.305500 0.077793 0.983012 0.166241 19.736099 -0.061229 -0.161720 0.984935 -0.783400 0.000000 0.000000 0.000000 1.000000
0.995271 -0.081159 0.053382 0.305500 0.071195 0.983289 0.167553 19.736099 -0.066088 -0.162960 0.984417 -0.783400 0.000000 0.000000 0.000000 1.000000
0.995382 -0.075614 0.059141 0.305500 0.064674 0.983502 0.168941 19.736099 -0.070940 -0.164336 0.983850 -0.783400 0.000000 0.000000 0.000000 1.000000</float_array><technique_common><accessor source="#mixamorig_Spine1-Matrix-animation-output-transform-array" count="34" stride="16"><param type="float4x4"/></accessor></technique_common></source><source id="mixamorig_Spine1-Interpolations"><Name_array id="mixamorig_Spine1-Interpolations-array" count="34">
 LINEAR LINEAR LINEAR LINEAR LINEAR LINEAR LINEAR LINEAR LINEAR LINEAR LINEAR
LINEAR LINEAR LINEAR LINEAR LINEAR LINEAR LINEAR LINEAR LINEAR LINEAR LINEAR LINEAR
LINEAR LINEAR LINEAR LINEAR LINEAR LINEAR LINEAR LINEAR LINEAR LINEAR LINEAR</Name_array><technique_common><accessor source="#mixamorig_Spine1-Interpolations-array" count="34"><param type="name"/></accessor></technique_common></source><sampler id="mixamorig_Spine1-Matrix-animation-transform"><input semantic="INPUT" source="#mixamorig_Spine1-Matrix-animation-input"/><input semantic="OUTPUT" source="#mixamorig_Spine1-Matrix-animation-output-transform"/><input semantic="INTERPOLATION" source="#mixamorig_Spine1-Interpolations"/></sampler><channel source="#mixamorig_Spine1-Matrix-animation-transform" target="mixamorig_Spine1/matrix"/></animation>
    <animation id="mixamorig_Spine2-anim" name="mixamorig_Spine2"><source id="mixamorig_Spine2-Matrix-animation-input"><float_array id="mixamorig_Spine2-Matrix-animation-input-array" count="34">

0.000000 0.033333 0.066667 0.100000 0.133333 0.166667 0.200000 0.233333 0.266667 0.300000 0.333333 0.366667 0.400000 0.433333 0.466667 0.500000
0.533333 0.566667 0.600000 0.633333 0.666667 0.700000 0.733333 0.766667 0.800000 0.833333 0.866667 0.900000 0.933333 0.966667 1.000000 1.033333
1.066667 1.100000</float_array><technique_common><accessor source="#mixamorig_Spine2-Matrix-animation-input-array" count="34"><param name="TIME" type="float"/></accessor></technique_common></source><source id="mixamorig_Spine2-Matrix-animation-output-transform"><float_array id="mixamorig_Spine2-Matrix-animation-output-transform-array" count="544">

0.999765 0.021672 0.000126 0.152700 -0.021422 0.989090 -0.145745 25.612801 -0.003283 0.145708 0.989322 -0.124700 0.000000 0.000000 0.000000 1.000000
0.999932 0.008914 0.007552 0.152700 -0.007933 0.992589 -0.121260 25.612801 -0.008577 0.121192 0.992592 -0.124700 0.000000 0.000000 0.000000 1.000000
0.999876 -0.003954 0.015241 0.152700 0.005387 0.995444 -0.095191 25.612801 -0.014795 0.095261 0.995342 -0.124700 0.000000 0.000000 0.000000 1.000000
0.999596 -0.016819 0.022921 0.152700 0.018363 0.997454 -0.068902 25.612801 -0.021703 0.069295 0.997360 -0.124700 0.000000 0.000000 0.000000 1.000000
0.999103 -0.029570 0.030318 0.152700 0.030883 0.998563 -0.043802 25.612801 -0.028979 0.044699 0.998580 -0.124700 0.000000 0.000000 0.000000 1.000000
0.998422 -0.042093 0.037165 0.152700 0.042904 0.998852 -0.021303 25.612801 -0.036225 0.022864 0.999082 -0.124700 0.000000 0.000000 0.000000 1.000000
0.997595 -0.054280 0.043100 0.152700 0.054477 0.998509 -0.003418 25.612801 -0.042850 0.005757 0.999065 -0.124700 0.000000 0.000000 0.000000 1.000000
0.997039 -0.061601 0.046038 0.152700 0.061524 0.998101 0.003078 25.612801 -0.046140 -0.000236 0.998935 -0.124700 0.000000 0.000000 0.000000 1.000000
0.996734 -0.063348 0.050083 0.152700 0.063353 0.997990 0.001495 25.612801 -0.050077 0.001683 0.998744 -0.124700 0.000000 0.000000 0.000000 1.000000
0.996243 -0.064733 0.057528 0.152700 0.064888 0.997892 -0.000827 25.612801 -0.057354 0.004557 0.998344 -0.124700 0.000000 0.000000 0.000000 1.000000
0.995903 -0.066258 0.061543 0.152700 0.066491 0.997785 -0.001748 25.612801 -0.061291 0.005833 0.998103 -0.124700 0.000000 0.000000 0.000000 1.000000
0.995955 -0.067378 0.059441 0.152700 0.067996 0.997650 -0.008437 25.612801 -0.058733 0.012445 0.998196 -0.124700 0.000000 0.000000 0.000000 1.000000
0.996059 -0.068000 0.056947 0.152700 0.068848 0.997542 -0.013055 25.612801 -0.055919 0.016924 0.998292 -0.124700 0.000000 0.000000 0.000000 1.000000
0.996271 -0.068435 0.052536 0.152700 0.069410 0.997444 -0.016961 25.612801 -0.051241 0.020544 0.998475 -0.124700 0.000000 0.000000 0.000000 1.000000
0.996618 -0.067149 0.047360 0.152700 0.068257 0.997421 -0.022181 25.612801 -0.045749 0.025339 0.998632 -0.124700 0.000000 0.000000 0.000000 1.000000
0.997034 -0.065911 0.039746 0.152700 0.066961 0.997425 -0.025679 25.612801 -0.037951 0.028265 0.998880 -0.124700 0.000000 0.000000 0.000000 1.000000
0.997338 -0.065609 0.031806 0.152700 0.066398 0.997494 -0.024415 25.612801 -0.030125 0.026462 0.999196 -0.124700 0.000000 0.000000 0.000000 1.000000
0.997588 -0.065131 0.023995 0.152700 0.065749 0.997499 -0.025928 25.612801 -0.022247 0.027443 0.999376 -0.124700 0.000000 0.000000 0.000000 1.000000
0.997725 -0.065460 0.016134 0.152700 0.065939 0.997336 -0.031205 25.612801 -0.014049 0.032198 0.999383 -0.124700 0.000000 0.000000 0.000000 1.000000
0.997679 -0.067936 0.004687 0.152700 0.068065 0.996949 -0.038201 25.612801 -0.002077 0.038431 0.999259 -0.124700 0.000000 0.000000 0.000000 1.000000
0.997596 -0.068624 -0.009677 0.152700 0.068090 0.996544 -0.047579 25.612801 0.012908 0.046806 0.998821 -0.124700 0.000000 0.000000 0.000000 1.000000
0.997600 -0.065541 -0.022336 0.152700 0.064197 0.996344 -0.056361 25.612801 0.025949 0.054792 0.998161 -0.124700 0.000000 0.000000 0.000000 1.000000
0.997883 -0.059821 -0.025528 0.152700 0.058079 0.996242 -0.064252 25.612801 0.029276 0.062633 0.997607 -0.124700 0.000000 0.000000 0.000000 1.000000
0.998557 -0.050468 -0.018352 0.152700 0.048900 0.995777 -0.077695 25.612801 0.022195 0.076685 0.996808 -0.124700 0.000000 0.000000 0.000000 1.000000
0.999018 -0.043138 -0.010080 0.152700 0.042107 0.995360 -0.086517 25.612801 0.013766 0.086007 0.996199 -0.124700 0.000000 0.000000 0.000000 1.000000
0.999410 -0.033628 -0.007030 0.152700 0.032833 0.995157 -0.092652 25.612801 0.010112 0.092366 0.995674 -0.124700 0.000000 0.000000 0.000000 1.000000
0.999705 -0.023769 -0.005038 0.152700 0.023152 0.994787 -0.099308 25.612801 0.007372 0.099162 0.995044 -0.124700 0.000000 0.000000 0.000000 1.000000
0.999813 -0.019061 -0.003115 0.152700 0.018640 0.994533 -0.102748 25.612801 0.005057 0.102670 0.994703 -0.124700 0.000000 0.000000 0.000000 1.000000
0.999865 -0.016393 -0.001250 0.152700 0.016172 0.994365 -0.104773 25.612801 0.002961 0.104738 0.994495 -0.124700 0.000000 0.000000 0.000000 1.000000
0.999909 -0.013454 0.000275 0.152700 0.013405 0.994111 -0.107537 25.612801 0.001174 0.107531 0.994201 -0.124700 0.000000 0.000000 0.000000 1.000000
0.999968 -0.007914 0.001170 0.152700 0.007996 0.993537 -0.113230 25.612801 -0.000266 0.113236 0.993568 -0.124700 0.000000 0.000000 0.000000 1.000000
0.999999 0.000896 0.001171 0.152700 -0.000746 0.992437 -0.122753 25.612801 -0.001273 0.122752 0.992437 -0.124700 0.000000 0.000000 0.000000 1.000000
0.999936 0.011329 0.000634 0.152700 -0.011141 0.990877 -0.134311 25.612801 -0.002150 0.134295 0.990939 -0.124700 0.000000 0.000000 0.000000 1.000000
0.999765 0.021672 0.000125 0.152700 -0.021422 0.989090 -0.145744 25.612801 -0.003283 0.145707 0.989322 -0.124700 0.000000 0.000000 0.000000 1.000000</float_array><technique_common><accessor source="#mixamorig_Spine2-Matrix-animation-output-transform-array" count="34" stride="16"><param type="float4x4"/></accessor></technique_common></source><source id="mixamorig_Spine2-Interpolations"><Name_array id="mixamorig_Spine2-Interpolations-array" count="34">
 LINEAR LINEAR LINEAR LINEAR LINEAR LINEAR LINEAR LINEAR LINEAR LINEAR LINEAR
LINEAR LINEAR LINEAR LINEAR LINEAR LINEAR LINEAR LINEAR LINEAR LINEAR LINEAR LINEAR
LINEAR LINEAR LINEAR LINEAR LINEAR LINEAR LINEAR LINEAR LINEAR LINEAR LINEAR</Name_array><technique_common><accessor source="#mixamorig_Spine2-Interpolations-array" count="34"><param type="name"/></accessor></technique_common></source><sampler id="mixamorig_Spine2-Matrix-animation-transform"><input semantic="INPUT" source="#mixamorig_Spine2-Matrix-animation-input"/><input semantic="OUTPUT" source="#mixamorig_Spine2-Matrix-animation-output-transform"/><input semantic="INTERPOLATION" source="#mixamorig_Spine2-Interpolations"/></sampler><channel source="#mixamorig_Spine2-Matrix-animation-transform" target="mixamorig_Spine2/matrix"/></animation>
    <animation id="mixamorig_Neck-anim" name="mixamorig_Neck"><source id="mixamorig_Neck-Matrix-animation-input"><float_array id="mixamorig_Neck-Matrix-animation-input-array" count="34">

0.000000 0.033333 0.066667 0.100000 0.133333 0.166667 0.200000 0.233333 0.266667 0.300000 0.333333 0.366667 0.400000 0.433333 0.466667 0.500000
0.533333 0.566667 0.600000 0.633333 0.666667 0.700000 0.733333 0.766667 0.800000 0.833333 0.866667 0.900000 0.933333 0.966667 1.000000 1.033333
1.066667 1.100000</float_array><technique_common><accessor source="#mixamorig_Neck-Matrix-animation-input-array" count="34"><param name="TIME" type="float"/></accessor></technique_common></source><source id="mixamorig_Neck-Matrix-animation-output-transform"><float_array id="mixamorig_Neck-Matrix-animation-output-transform-array" count="544">

0.976850 0.191947 0.094446 0.879800 -0.184772 0.979545 -0.079691 30.689800 -0.107811 0.060395 0.992335 2.800200 0.000000 0.000000 0.000000 1.000000
0.972497 0.208267 0.104279 0.879800 -0.202988 0.977401 -0.059026 30.689800 -0.114215 0.036235 0.992795 2.800200 0.000000 0.000000 0.000000 1.000000
0.967150 0.226536 0.115340 0.879800 -0.223241 0.973905 -0.040897 30.689800 -0.121595 0.013805 0.992484 2.800200 0.000000 0.000000 0.000000 1.000000
0.961311 0.244960 0.126000 0.879800 -0.243996 0.969497 -0.023268 30.689800 -0.127856 -0.008376 0.991757 2.800200 0.000000 0.000000 0.000000 1.000000
0.955695 0.261708 0.134746 0.879800 -0.263601 0.964624 -0.003915 30.689800 -0.131004 -0.031778 0.990872 2.800200 0.000000 0.000000 0.000000 1.000000
0.951179 0.274953 0.140214 0.879800 -0.280294 0.959716 0.019492 30.689800 -0.129206 -0.057842 0.989929 2.800200 0.000000 0.000000 0.000000 1.000000
0.949010 0.282192 0.140527 0.879800 -0.291513 0.955236 0.050444 30.689800 -0.120002 -0.088838 0.988791 2.800200 0.000000 0.000000 0.000000 1.000000
0.954684 0.268024 0.129392 0.879800 -0.279065 0.957248 0.076152 30.689800 -0.103450 -0.108809 0.988665 2.800200 0.000000 0.000000 0.000000 1.000000
0.962197 0.241892 0.125158 0.879800 -0.254929 0.961638 0.101306 30.689800 -0.095852 -0.129382 0.986951 2.800200 0.000000 0.000000 0.000000 1.000000
0.967750 0.219563 0.123496 0.879800 -0.234142 0.964841 0.119415 30.689800 -0.092935 -0.144480 0.985134 2.800200 0.000000 0.000000 0.000000 1.000000
0.969051 0.213516 0.123899 0.879800 -0.227289 0.967561 0.110294 30.689800 -0.096330 -0.135042 0.986146 2.800200 0.000000 0.000000 0.000000 1.000000
0.968871 0.212525 0.126972 0.879800 -0.224981 0.969880 0.093362 30.689800 -0.103306 -0.119022 0.987503 2.800200 0.000000 0.000000 0.000000 1.000000
0.968357 0.214878 0.126937 0.879800 -0.225155 0.971590 0.072931 30.689800 -0.107660 -0.099204 0.989226 2.800200 0.000000 0.000000 0.000000 1.000000
0.967836 0.216689 0.127826 0.879800 -0.225871 0.972172 0.062166 30.689800 -0.110798 -0.089039 0.989846 2.800200 0.000000 0.000000 0.000000 1.000000
0.970390 0.204355 0.128771 0.879800 -0.213306 0.975148 0.059899 30.689800 -0.113330 -0.085593 0.989864 2.800200 0.000000 0.000000 0.000000 1.000000
0.974497 0.184263 0.128070 0.879800 -0.192462 0.979773 0.054798 30.689800 -0.115383 -0.078049 0.990250 2.800200 0.000000 0.000000 0.000000 1.000000
0.977932 0.169539 0.122085 0.879800 -0.175019 0.983922 0.035575 30.689800 -0.114091 -0.056157 0.991882 2.800200 0.000000 0.000000 0.000000 1.000000
0.979398 0.163920 0.117937 0.879800 -0.166580 0.985942 0.012993 30.689800 -0.114150 -0.032371 0.992936 2.800200 0.000000 0.000000 0.000000 1.000000
0.980376 0.165672 0.106842 0.879800 -0.164408 0.986177 -0.020596 30.689800 -0.108777 0.002626 0.994063 2.800200 0.000000 0.000000 0.000000 1.000000
0.979702 0.177322 0.093496 0.879800 -0.172800 0.983448 -0.054491 30.689800 -0.101611 0.037229 0.994127 2.800200 0.000000 0.000000 0.000000 1.000000
0.978865 0.188158 0.080123 0.879800 -0.182805 0.980678 -0.069658 30.689800 -0.091681 0.053539 0.994348 2.800200 0.000000 0.000000 0.000000 1.000000
0.981070 0.179556 0.072536 0.879800 -0.174273 0.981942 -0.073613 30.689800 -0.084444 0.059578 0.994646 2.800200 0.000000 0.000000 0.000000 1.000000
0.980889 0.180275 0.073202 0.879800 -0.176681 0.982842 -0.052970 30.689800 -0.081495 0.039024 0.995909 2.800200 0.000000 0.000000 0.000000 1.000000
0.979363 0.184040 0.083528 0.879800 -0.183192 0.982917 -0.017764 30.689800 -0.085370 0.002096 0.996347 2.800200 0.000000 0.000000 0.000000 1.000000
0.977963 0.185331 0.096125 0.879800 -0.186512 0.982447 0.003361 30.689800 -0.093815 -0.021216 0.995364 2.800200 0.000000 0.000000 0.000000 1.000000
0.977388 0.187449 0.097855 0.879800 -0.189062 0.981937 0.007392 30.689800 -0.094701 -0.025726 0.995173 2.800200 0.000000 0.000000 0.000000 1.000000
0.977394 0.188516 0.095725 0.879800 -0.189745 0.981826 0.003823 30.689800 -0.093265 -0.021900 0.995400 2.800200 0.000000 0.000000 0.000000 1.000000
0.976267 0.195514 0.093145 0.879800 -0.195286 0.980677 -0.011649 30.689800 -0.093623 -0.006817 0.995584 2.800200 0.000000 0.000000 0.000000 1.000000
0.974640 0.204762 0.090271 0.879800 -0.202708 0.978734 -0.031461 30.689800 -0.094793 0.012364 0.995420 2.800200 0.000000 0.000000 0.000000 1.000000
0.973210 0.212386 0.088059 0.879800 -0.208558 0.976695 -0.050702 30.689800 -0.096775 0.030978 0.994824 2.800200 0.000000 0.000000 0.000000 1.000000
0.972800 0.214518 0.087422 0.879800 -0.209358 0.975706 -0.064552 30.689800 -0.099146 0.044493 0.994078 2.800200 0.000000 0.000000 0.000000 1.000000
0.973763 0.209462 0.088941 0.879800 -0.203489 0.976447 -0.071718 30.689800 -0.101868 0.051737 0.993452 2.800200 0.000000 0.000000 0.000000 1.000000
0.975380 0.200558 0.091705 0.879800 -0.194002 0.978081 -0.075630 30.689800 -0.104864 0.055977 0.992910 2.800200 0.000000 0.000000 0.000000 1.000000
0.976846 0.191968 0.094450 0.879800 -0.184785 0.979537 -0.079758 30.689800 -0.107828 0.060458 0.992330 2.800200 0.000000 0.000000 0.000000 1.000000</float_array><technique_common><accessor source="#mixamorig_Neck-Matrix-animation-output-transform-array" count="34" stride="16"><param type="float4x4"/></accessor></technique_common></source><source id="mixamorig_Neck-Interpolations"><Name_array id="mixamorig_Neck-Interpolations-array" count="34">
 LINEAR LINEAR LINEAR LINEAR LINEAR LINEAR LINEAR LINEAR LINEAR LINEAR LINEAR
LINEAR LINEAR LINEAR LINEAR LINEAR LINEAR LINEAR LINEAR LINEAR LINEAR LINEAR LINEAR
LINEAR LINEAR LINEAR LINEAR LINEAR LINEAR LINEAR LINEAR LINEAR LINEAR LINEAR</Name_array><technique_common><accessor source="#mixamorig_Neck-Interpolations-array" count="34"><param type="name"/></accessor></technique_common></source><sampler id="mixamorig_Neck-Matrix-animation-transform"><input semantic="INPUT" source="#mixamorig_Neck-Matrix-animation-input"/><input semantic="OUTPUT" source="#mixamorig_Neck-Matrix-animation-output-transform"/><input semantic="INTERPOLATION" source="#mixamorig_Neck-Interpolations"/></sampler><channel source="#mixamorig_Neck-Matrix-animation-transform" target="mixamorig_Neck/matrix"/></animation>
    <animation id="mixamorig_Head-anim" name="mixamorig_Head"><source id="mixamorig_Head-Matrix-animation-input"><float_array id="mixamorig_Head-Matrix-animation-input-array" count="34">

0.000000 0.033333 0.066667 0.100000 0.133333 0.166667 0.200000 0.233333 0.266667 0.300000 0.333333 0.366667 0.400000 0.433333 0.466667 0.500000
0.533333 0.566667 0.600000 0.633333 0.666667 0.700000 0.733333 0.766667 0.800000 0.833333 0.866667 0.900000 0.933333 0.966667 1.000000 1.033333
1.066667 1.100000</float_array><technique_common><accessor source="#mixamorig_Head-Matrix-animation-input-array" count="34"><param name="TIME" type="float"/></accessor></technique_common></source><source id="mixamorig_Head-Matrix-animation-output-transform"><float_array id="mixamorig_Head-Matrix-animation-output-transform-array" count="544">

0.997167 -0.044803 0.060425 0.154400 -0.004442 0.766804 0.641866 19.089399 -0.075092 -0.640316 0.764433 6.327400 0.000000 0.000000 0.000000 1.000000
0.996990 -0.052019 0.057497 0.154400 0.004056 0.775521 0.631309 19.089399 -0.077431 -0.629176 0.773397 6.327400 0.000000 0.000000 0.000000 1.000000
0.996670 -0.059859 0.055364 0.154400 0.012453 0.782784 0.622168 19.089399 -0.080580 -0.619407 0.780923 6.327400 0.000000 0.000000 0.000000 1.000000
0.996274 -0.067695 0.053438 0.154400 0.020812 0.789998 0.612756 19.089399 -0.083697 -0.609361 0.788463 6.327400 0.000000 0.000000 0.000000 1.000000
0.995881 -0.074908 0.051091 0.154400 0.029214 0.798500 0.601286 19.089399 -0.085837 -0.597316 0.797399 6.327400 0.000000 0.000000 0.000000 1.000000
0.995582 -0.080899 0.047670 0.154400 0.037723 0.809493 0.585917 19.089399 -0.085989 -0.581530 0.808968 6.327400 0.000000 0.000000 0.000000 1.000000
0.995497 -0.084867 0.042230 0.154400 0.046399 0.824728 0.563623 19.089399 -0.082661 -0.559126 0.824952 6.327400 0.000000 0.000000 0.000000 1.000000
0.996412 -0.074665 0.039855 0.154400 0.041660 0.842581 0.536956 19.089399 -0.073673 -0.533369 0.842668 6.327400 0.000000 0.000000 0.000000 1.000000
0.996717 -0.067777 0.044285 0.154400 0.035001 0.853951 0.519174 19.089399 -0.073005 -0.515920 0.853520 6.327400 0.000000 0.000000 0.000000 1.000000
0.996966 -0.058938 0.050844 0.154400 0.025288 0.863015 0.504545 19.089399 -0.073616 -0.501729 0.861887 6.327400 0.000000 0.000000 0.000000 1.000000
0.996889 -0.058143 0.053207 0.154400 0.023113 0.861086 0.507933 19.089399 -0.075349 -0.505123 0.859752 6.327400 0.000000 0.000000 0.000000 1.000000
0.996534 -0.062460 0.054941 0.154400 0.025139 0.855706 0.516851 19.089399 -0.079296 -0.513679 0.854310 6.327400 0.000000 0.000000 0.000000 1.000000
0.996255 -0.067070 0.054567 0.154400 0.028191 0.848579 0.528316 19.089399 -0.081738 -0.524800 0.847292 6.327400 0.000000 0.000000 0.000000 1.000000
0.995972 -0.070331 0.055626 0.154400 0.029646 0.843717 0.535969 19.089399 -0.084628 -0.532161 0.842403 6.327400 0.000000 0.000000 0.000000 1.000000
0.995853 -0.065749 0.062886 0.154400 0.021208 0.839911 0.542310 19.089399 -0.088476 -0.538727 0.837822 6.327400 0.000000 0.000000 0.000000 1.000000
0.995659 -0.058378 0.072488 0.154400 0.008793 0.834346 0.551171 19.089399 -0.092656 -0.548141 0.831238 6.327400 0.000000 0.000000 0.000000 1.000000
0.995795 -0.049256 0.077237 0.154400 -0.003382 0.822795 0.568328 19.089399 -0.091544 -0.566199 0.819169 6.327400 0.000000 0.000000 0.000000 1.000000
0.995835 -0.042962 0.080420 0.154400 -0.012112 0.811875 0.583706 19.089399 -0.090369 -0.582249 0.807973 6.327400 0.000000 0.000000 0.000000 1.000000
0.996471 -0.033606 0.076916 0.154400 -0.020273 0.792868 0.609057 19.089399 -0.081452 -0.608467 0.789388 6.327400 0.000000 0.000000 0.000000 1.000000
0.997301 -0.030849 0.066619 0.154400 -0.018568 0.771938 0.635427 19.089399 -0.071028 -0.634949 0.769282 6.327400 0.000000 0.000000 0.000000 1.000000
0.998135 -0.032254 0.051830 0.154400 -0.009160 0.760287 0.649523 19.089399 -0.060355 -0.648787 0.758573 6.327400 0.000000 0.000000 0.000000 1.000000
0.998456 -0.025881 0.049156 0.154400 -0.012671 0.755423 0.655115 19.089399 -0.054089 -0.654727 0.753928 6.327400 0.000000 0.000000 0.000000 1.000000
0.998499 -0.025142 0.048655 0.154400 -0.011909 0.767465 0.640980 19.089399 -0.053456 -0.640598 0.766014 6.327400 0.000000 0.000000 0.000000 1.000000
0.998180 -0.025693 0.054562 0.154400 -0.013770 0.783716 0.620967 19.089399 -0.058716 -0.620588 0.781936 6.327400 0.000000 0.000000 0.000000 1.000000
