<?xml version="1.0" encoding="utf-8"?>
<COLLADA xmlns="http://www.collada.org/2005/11/COLLADASchema" version="1.4.1">
  <asset><contributor><author>Mixamo</author><authoring_tool>COLLADA Mixamo exporter</authoring_tool><comments></comments></contributor><created>2018-02-10T11:47:06Z</created><modified>2018-02-10T11:47:06Z</modified><revision></revision><title></title><unit meter="0.010000"/><up_axis>Y_UP</up_axis></asset>
  <library_animations>
    <animation id="mixamorig_Hips-anim" name="mixamorig_Hips"><source id="mixamorig_Hips-Matrix-animation-input"><float_array id="mixamorig_Hips-Matrix-animation-input-array" count="34">

0.000000 0.033333 0.066667 0.100000 0.133333 0.166667 0.200000 0.233333 0.266667 0.300000 0.333333 0.366667 0.400000 0.433333 0.466667 0.500000
0.533333 0.566667 0.600000 0.633333 0.666667 0.700000 0.733333 0.766667 0.800000 0.833333 0.866667 0.900000 0.933333 0.966667 1.000000 1.033333
1.066667 1.100000</float_array><technique_common><accessor source="#mixamorig_Hips-Matrix-animation-input-array" count="34"><param name="TIME" type="float"/></accessor></technique_common></source><source id="mixamorig_Hips-Matrix-animation-output-transform"><float_array id="mixamorig_Hips-Matrix-animation-output-transform-array" count="544">

0.804617 -0.324711 -0.497146 0.961928 0.044951 0.868143 -0.494274 160.654785 0.592090 0.375354 0.713119 -2.751205 0.000000 0.000000 0.000000 1.000000
0.788188 -0.328400 -0.520493 -8.813899 0.039527 0.870999 -0.489692 159.849976 0.614164 0.365396 0.699492 -0.711521 0.000000 0.000000 0.000000 1.000000
0.770199 -0.331298 -0.545009 -18.394657 0.032974 0.874050 -0.484715 159.023743 0.636950 0.355356 0.684117 1.345580 0.000000 0.000000 0.000000 1.000000
0.751091 -0.333954 -0.569507 -28.014830 0.026347 0.877103 -0.479579 158.154144 0.659673 0.345203 0.667583 3.434860 0.000000 0.000000 0.000000 1.000000
0.731626 -0.336758 -0.592721 -37.861759 0.020595 0.879988 -0.474548 157.214371 0.681395 0.334985 0.650758 5.568202 0.000000 0.000000 0.000000 1.000000
0.712662 -0.339770 -0.613734 -48.087704 0.016052 0.882548 -0.469948 156.140289 0.701324 0.325062 0.634412 7.768527 0.000000 0.000000 0.000000 1.000000
0.696648 -0.343144 -0.630027 -59.278934 0.013728 0.884408 -0.466513 154.712219 0.717282 0.316347 0.620831 10.158348 0.000000 0.000000 0.000000 1.000000
0.686505 -0.351173 -0.636701 -71.451958 0.015996 0.882723 -0.469621 153.302567 0.726949 0.312213 0.611612 12.530323 0.000000 0.000000 0.000000 1.000000
0.680855 -0.362033 -0.636686 -84.015213 0.020029 0.878170 -0.477928 152.174591 0.732145 0.312648 0.605158 14.736313 0.000000 0.000000 0.000000 1.000000
0.682433 -0.375347 -0.627216 -96.386765 0.026890 0.870397 -0.491617 151.832672 0.730453 0.318630 0.604081 16.407362 0.000000 0.000000 0.000000 1.000000
0.690266 -0.384307 -0.613059 -107.759438 0.034110 0.863628 -0.502974 152.432755 0.722751 0.326275 0.609241 17.465710 0.000000 0.000000 0.000000 1.000000
0.697719 -0.387222 -0.602700 -118.076096 0.036707 0.859543 -0.509743 153.457703 0.715430 0.333534 0.613933 18.277023 0.000000 0.000000 0.000000 1.000000
0.700964 -0.387576 -0.598693 -127.333908 0.035309 0.857281 -0.513637 154.458191 0.712322 0.338902 0.614608 18.908924 0.000000 0.000000 0.000000 1.000000
0.704004 -0.378419 -0.600980 -136.313614 0.021206 0.857041 -0.514811 155.943115 0.709879 0.349684 0.611386 19.510698 0.000000 0.000000 0.000000 1.000000
0.707898 -0.362287 -0.606324 -145.050842 0.000501 0.858690 -0.512495 157.406143 0.706315 0.362491 0.608046 19.981003 0.000000 0.000000 0.000000 1.000000
0.715991 -0.340405 -0.609493 -153.718369 -0.021839 0.861713 -0.506926 158.609863 0.697768 0.376265 0.609544 20.128990 0.000000 0.000000 0.000000 1.000000
0.729487 -0.315468 -0.606901 -162.285950 -0.042887 0.864447 -0.500890 159.616913 0.682649 0.391421 0.617074 19.934259 0.000000 0.000000 0.000000 1.000000
0.745825 -0.292022 -0.598722 -170.839050 -0.058678 0.866497 -0.495722 160.159409 0.663553 0.404853 0.629120 19.380255 0.000000 0.000000 0.000000 1.000000
0.763313 -0.272013 -0.585972 -179.621445 -0.069137 0.867432 -0.492730 160.158493 0.642319 0.416619 0.643316 18.584047 0.000000 0.000000 0.000000 1.000000
0.778006 -0.260642 -0.571640 -189.274963 -0.072588 0.866497 -0.493876 159.185944 0.624049 0.425733 0.655221 17.683846 0.000000 0.000000 0.000000 1.000000
0.788981 -0.252804 -0.559999 -200.336517 -0.072859 0.866505 -0.493823 157.302856 0.610082 0.430418 0.665237 16.801291 0.000000 0.000000 0.000000 1.000000
0.798116 -0.246444 -0.549796 -212.945206 -0.068037 0.869818 -0.488659 154.717072 0.598650 0.427413 0.677449 15.805943 0.000000 0.000000 0.000000 1.000000
0.806728 -0.241468 -0.539336 -226.601151 -0.057311 0.876427 -0.478112 151.915115 0.588137 0.416617 0.693200 14.639355 0.000000 0.000000 0.000000 1.000000
0.811680 -0.238293 -0.533284 -241.123306 -0.044685 0.884989 -0.463462 149.368301 0.582390 0.400013 0.707680 13.331550 0.000000 0.000000 0.000000 1.000000
0.811568 -0.236096 -0.534430 -255.783752 -0.035033 0.893406 -0.447883 147.429977 0.583206 0.382210 0.716789 11.909269 0.000000 0.000000 0.000000 1.000000
0.804260 -0.237888 -0.544587 -270.228516 -0.028113 0.900129 -0.434715 146.445740 0.593612 0.364934 0.717250 10.202812 0.000000 0.000000 0.000000 1.000000
0.789125 -0.246903 -0.562424 -284.776367 -0.021520 0.903977 -0.427039 146.708313 0.613856 0.349091 0.708037 8.068338 0.000000 0.000000 0.000000 1.000000
0.771566 -0.264104 -0.578736 -299.003906 -0.011201 0.903967 -0.427455 147.791473 0.636051 0.336292 0.694512 5.756155 0.000000 0.000000 0.000000 1.000000
0.759798 -0.283640 -0.585026 -312.603363 0.001320 0.900491 -0.434873 149.326767 0.650158 0.329644 0.684566 3.591072 0.000000 0.000000 0.000000 1.000000
0.757737 -0.300428 -0.579291 -327.036926 0.013979 0.894990 -0.445867 151.528244 0.652410 0.329752 0.682367 1.551725 0.000000 0.000000 0.000000 1.000000
0.765925 -0.311666 -0.562337 -341.349548 0.024721 0.888277 -0.458643 154.221664 0.642455 0.337384 0.688058 -0.215398 0.000000 0.000000 0.000000 1.000000
0.779924 -0.318620 -0.538702 -353.255127 0.033400 0.880681 -0.472531 156.818237 0.624982 0.350545 0.697506 -1.464254 0.000000 0.000000 0.000000 1.000000
0.793213 -0.322517 -0.516523 -361.358093 0.039875 0.873916 -0.484438 158.940231 0.607637 0.363667 0.706062 -2.237152 0.000000 0.000000 0.000000 1.000000
0.804617 -0.324710 -0.497147 -367.095184 0.044951 0.868143 -0.494274 160.654770 0.592090 0.375355 0.713118 -2.751154 0.000000 0.000000 0.000000 1.000000</float_array><technique_common><accessor source="#mixamorig_Hips-Matrix-animation-output-transform-array" count="34" stride="16"><param type="float4x4"/></accessor></technique_common></source><source id="mixamorig_Hips-Interpolations"><Name_array id="mixamorig_Hips-Interpolations-array" count="34">
 LINEAR LINEAR LINEAR LINEAR LINEAR LINEAR LINEAR LINEAR LINEAR LINEAR LINEAR
LINEAR LINEAR LINEAR LINEAR LINEAR LINEAR LINEAR LINEAR LINEAR LINEAR LINEAR LINEAR
LINEAR LINEAR LINEAR LINEAR LINEAR LINEAR LINEAR LINEAR LINEAR LINEAR LINEAR</Name_array><technique_common><accessor source="#mixamorig_Hips-Interpolations-array" count="34"><param type="name"/></accessor></technique_common></source><sampler id="mixamorig_Hips-Matrix-animation-transform"><input semantic="INPUT" source="#mixamorig_Hips-Matrix-animation-input"/><input semantic="OUTPUT" source="#mixamorig_Hips-Matrix-animation-output-transform"/><input semantic="INTERPOLATION" source="#mixamorig_Hips-Interpolations"/></sampler><channel source="#mixamorig_Hips-Matrix-animation-transform" target="mixamorig_Hips/matrix"/></animation>
    <animation id="mixamorig_Spine-anim" name="mixamorig_Spine"><source id="mixamorig_Spine-Matrix-animation-input"><float_array id="mixamorig_Spine-Matrix-animation-input-array" count="34">

0.000000 0.033333 0.066667 0.100000 0.133333 0.166667 0.200000 0.233333 0.266667 0.300000 0.333333 0.366667 0.400000 0.433333 0.466667 0.500000
0.533333 0.566667 0.600000 0.633333 0.666667 0.700000 0.733333 0.766667 0.800000 0.833333 0.866667 0.900000 0.933333 0.966667 1.000000 1.033333
1.066667 1.100000</float_array><technique_common><accessor source="#mixamorig_Spine-Matrix-animation-input-array" count="34"><param name="TIME" type="float"/></accessor></technique_common></source><source id="mixamorig_Spine-Matrix-animation-output-transform"><float_array id="mixamorig_Spine-Matrix-animation-output-transform-array" count="544">

0.980265 0.154599 -0.123206 -0.057500 -0.186542 0.929692 -0.317608 18.534300 0.065442 0.334323 0.940184 -2.042900 0.000000 0.000000 0.000000 1.000000
0.980073 0.161678 -0.115404 -0.057500 -0.189531 0.935039 -0.299632 18.534300 0.059463 0.315533 0.947049 -2.042900 0.000000 0.000000 0.000000 1.000000
0.979945 0.168349 -0.106614 -0.057500 -0.192158 0.939997 -0.281923 18.534300 0.052755 0.296756 0.953495 -2.042900 0.000000 0.000000 0.000000 1.000000
0.979704 0.175256 -0.097293 -0.057500 -0.195194 0.944531 -0.264121 18.534300 0.045607 0.277751 0.959570 -2.042900 0.000000 0.000000 0.000000 1.000000
0.979198 0.182827 -0.088006 -0.057500 -0.199216 0.948596 -0.245925 18.534300 0.038520 0.258341 0.965285 -2.042900 0.000000 0.000000 0.000000 1.000000
0.978388 0.191150 -0.078859 -0.057500 -0.204336 0.952201 -0.227067 18.534300 0.031686 0.238273 0.970681 -2.042900 0.000000 0.000000 0.000000 1.000000
0.977166 0.200551 -0.070189 -0.057500 -0.210932 0.955387 -0.206746 18.534300 0.025594 0.216830 0.975874 -2.042900 0.000000 0.000000 0.000000 1.000000
0.974933 0.213238 -0.063522 -0.057500 -0.221441 0.957720 -0.183676 18.534300 0.021669 0.193138 0.980932 -2.042900 0.000000 0.000000 0.000000 1.000000
0.972273 0.226445 -0.058383 -0.057500 -0.233050 0.958900 -0.161860 18.534300 0.019331 0.170979 0.985085 -2.042900 0.000000 0.000000 0.000000 1.000000
0.969585 0.237789 -0.057972 -0.057500 -0.243933 0.958220 -0.149366 18.534300 0.020032 0.158965 0.987081 -2.042900 0.000000 0.000000 0.000000 1.000000
0.968359 0.241583 -0.062604 -0.057500 -0.248510 0.956457 -0.153074 18.534300 0.022898 0.163788 0.986230 -2.042900 0.000000 0.000000 0.000000 1.000000
0.968482 0.239921 -0.066933 -0.057500 -0.247812 0.955210 -0.161749 18.534300 0.025128 0.173238 0.984559 -2.042900 0.000000 0.000000 0.000000 1.000000
0.968257 0.240031 -0.069733 -0.057500 -0.248592 0.953840 -0.168498 18.534300 0.026069 0.180485 0.983232 -2.042900 0.000000 0.000000 0.000000 1.000000
0.969980 0.233314 -0.068584 -0.057500 -0.241912 0.954560 -0.174051 18.534300 0.024859 0.185417 0.982345 -2.042900 0.000000 0.000000 0.000000 1.000000
0.972751 0.222358 -0.065663 -0.057500 -0.230761 0.955966 -0.181322 18.534300 0.022453 0.191534 0.981229 -2.042900 0.000000 0.000000 0.000000 1.000000
0.976634 0.204954 -0.064645 -0.057500 -0.213790 0.957189 -0.195146 18.534300 0.021881 0.204407 0.978641 -2.042900 0.000000 0.000000 0.000000 1.000000
0.981564 0.179556 -0.065510 -0.057500 -0.189624 0.957816 -0.215944 18.534300 0.023973 0.224385 0.974206 -2.042900 0.000000 0.000000 0.000000 1.000000
0.986223 0.150616 -0.068409 -0.057500 -0.162816 0.956923 -0.240395 18.534300 0.029255 0.248222 0.968261 -2.042900 0.000000 0.000000 0.000000 1.000000
0.990288 0.118925 -0.072019 -0.057500 -0.133958 0.954821 -0.265278 18.534300 0.037217 0.272349 0.961479 -2.042900 0.000000 0.000000 0.000000 1.000000
0.992857 0.093494 -0.074127 -0.057500 -0.110723 0.953459 -0.280457 18.534300 0.044456 0.286661 0.957000 -2.042900 0.000000 0.000000 0.000000 1.000000
0.994066 0.079424 -0.074333 -0.057500 -0.097429 0.953972 -0.283628 18.534300 0.048385 0.289187 0.956049 -2.042900 0.000000 0.000000 0.000000 1.000000
0.994703 0.071462 -0.073886 -0.057500 -0.089674 0.954646 -0.283918 18.534300 0.050245 0.289040 0.955998 -2.042900 0.000000 0.000000 0.000000 1.000000
0.995153 0.063423 -0.075155 -0.057500 -0.082577 0.953941 -0.288405 18.534300 0.053402 0.293214 0.954554 -2.042900 0.000000 0.000000 0.000000 1.000000
0.995323 0.055288 -0.079223 -0.057500 -0.076355 0.952599 -0.294491 18.534300 0.059186 0.299162 0.952365 -2.042900 0.000000 0.000000 0.000000 1.000000
0.995277 0.048055 -0.084349 -0.057500 -0.071253 0.951737 -0.298528 18.534300 0.065932 0.303128 0.950666 -2.042900 0.000000 0.000000 0.000000 1.000000
0.994846 0.047052 -0.089815 -0.057500 -0.071906 0.951920 -0.297787 18.534300 0.071485 0.302711 0.950398 -2.042900 0.000000 0.000000 0.000000 1.000000
0.993716 0.057497 -0.096032 -0.057500 -0.083295 0.952987 -0.291338 18.534300 0.074766 0.297506 0.951788 -2.042900 0.000000 0.000000 0.000000 1.000000
0.991448 0.080287 -0.102886 -0.057500 -0.106537 0.953254 -0.282766 18.534300 0.075374 0.291309 0.953655 -2.042900 0.000000 0.000000 0.000000 1.000000
0.988325 0.106689 -0.108772 -0.057500 -0.133215 0.951573 -0.277062 18.534300 0.073945 0.288318 0.954675 -2.042900 0.000000 0.000000 0.000000 1.000000
0.985054 0.129943 -0.113066 -0.057500 -0.156862 0.947922 -0.277195 18.534300 0.071159 0.290788 0.954138 -2.042900 0.000000 0.000000 0.000000 1.000000
0.982578 0.145235 -0.115965 -0.057500 -0.172957 0.942931 -0.284546 18.534300 0.068022 0.299645 0.951623 -2.042900 0.000000 0.000000 0.000000 1.000000
0.981200 0.152313 -0.118524 -0.057500 -0.181373 0.937632 -0.296562 18.534300 0.065962 0.312484 0.947630 -2.042900 0.000000 0.000000 0.000000 1.000000
0.980562 0.154484 -0.120970 -0.057500 -0.185014 0.933266 -0.307871 18.534300 0.065336 0.324267 0.943706 -2.042900 0.000000 0.000000 0.000000 1.000000
0.980266 0.154596 -0.123203 -0.057500 -0.186538 0.929692 -0.317609 18.534300 0.065440 0.334323 0.940184 -2.042900 0.000000 0.000000 0.000000 1.000000</float_array><technique_common><accessor source="#mixamorig_Spine-Matrix-animation-output-transform-array" count="34" stride="16"><param type="float4x4"/></accessor></technique_common></source><source id="mixamorig_Spine-Interpolations"><Name_array id="mixamorig_Spine-Interpolations-array" count="34">
 LINEAR LINEAR LINEAR LINEAR LINEAR LINEAR LINEAR LINEAR LINEAR LINEAR LINEAR
LINEAR LINEAR LINEAR LINEAR LINEAR LINEAR LINEAR LINEAR LINEAR LINEAR LINEAR LINEAR
LINEAR LINEAR LINEAR LINEAR LINEAR LINEAR LINEAR LINEAR LINEAR LINEAR LINEAR</Name_array><technique_common><accessor source="#mixamorig_Spine-Interpolations-array" count="34"><param type="name"/></accessor></technique_common></source><sampler id="mixamorig_Spine-Matrix-animation-transform"><input semantic="INPUT" source="#mixamorig_Spine-Matrix-animation-input"/><input semantic="OUTPUT" source="#mixamorig_Spine-Matrix-animation-output-transform"/><input semantic="INTERPOLATION" source="#mixamorig_Spine-Interpolations"/></sampler><channel source="#mixamorig_Spine-Matrix-animation-transform" target="mixamorig_Spine/matrix"/></animation>
    <animation id="mixamorig_Spine1-anim" name="mixamorig_Spine1"><source id="mixamorig_Spine1-Matrix-animation-input"><float_array id="mixamorig_Spine1-Matrix-animation-input-array" count="34">

0.000000 0.033333 0.066667 0.100000 0.133333 0.166667 0.200000 0.233333 0.266667 0.300000 0.333333 0.366667 0.400000 0.433333 0.466667 0.500000
0.533333 0.566667 0.600000 0.633333 0.666667 0.700000 0.733333 0.766667 0.800000 0.833333 0.866667 0.900000 0.933333 0.966667 1.000000 1.033333
1.066667 1.100000</float_array><technique_common><accessor source="#mixamorig_Spine1-Matrix-animation-input-array" count="34"><param name="TIME" type="float"/></accessor></technique_common></source><source id="mixamorig_Spine1-Matrix-animation-output-transform"><float_array id="mixamorig_Spine1-Matrix-animation-output-transform-array" count="544">

0.998075 -0.001684 0.062003 0.305500 0.004925 0.998627 -0.052162 19.736099 -0.061830 0.052367 0.996712 -0.783400 0.000000 0.000000 0.000000 1.000000
0.997214 0.010187 0.073894 0.305500 -0.005690 0.998134 -0.060803 19.736099 -0.074376 0.060213 0.995411 -0.783400 0.000000 0.000000 0.000000 1.000000
0.996007 0.022901 0.086282 0.305500 -0.016861 0.997398 -0.070097 19.736099 -0.087663 0.068362 0.993802 -0.783400 0.000000 0.000000 0.000000 1.000000
0.994485 0.035638 0.098634 0.305500 -0.027806 0.996433 -0.079678 19.736099 -0.101122 0.076496 0.991929 -0.783400 0.000000 0.000000 0.000000 1.000000
0.992745 0.047575 0.110430 0.305500 -0.037784 0.995304 -0.089125 19.736099 -0.114151 0.084306 0.989880 -0.783400 0.000000 0.000000 0.000000 1.000000
0.990943 0.057891 0.121161 0.305500 -0.046099 0.994122 -0.097958 19.736099 -0.126120 0.091486 0.987787 -0.783400 0.000000 0.000000 0.000000 1.000000
0.989545 0.063930 0.129282 0.305500 -0.050473 0.993210 -0.104817 19.736099 -0.135105 0.097196 0.986052 -0.783400 0.000000 0.000000 0.000000 1.000000
0.988720 0.067034 0.133937 0.305500 -0.052757 0.992811 -0.107441 19.736099 -0.140176 0.099163 0.985148 -0.783400 0.000000 0.000000 0.000000 1.000000
0.988208 0.069678 0.136345 0.305500 -0.055263 0.992744 -0.106793 19.736099 -0.142797 0.097999 0.984888 -0.783400 0.000000 0.000000 0.000000 1.000000
0.988036 0.072973 0.135867 0.305500 -0.059265 0.992982 -0.102341 19.736099 -0.142381 0.093065 0.985427 -0.783400 0.000000 0.000000 0.000000 1.000000
0.988248 0.074205 0.133643 0.305500 -0.061203 0.993213 -0.098902 19.736099 -0.140075 0.089560 0.986082 -0.783400 0.000000 0.000000 0.000000 1.000000
0.988722 0.070585 0.132083 0.305500 -0.057942 0.993574 -0.097228 19.736099 -0.138097 0.088479 0.986459 -0.783400 0.000000 0.000000 0.000000 1.000000
0.989222 0.063090 0.132134 0.305500 -0.050691 0.994168 -0.095190 19.736099 -0.137369 0.087466 0.986651 -0.783400 0.000000 0.000000 0.000000 1.000000
0.989583 0.053011 0.133846 0.305500 -0.040746 0.994854 -0.092770 19.736099 -0.138075 0.086350 0.986650 -0.783400 0.000000 0.000000 0.000000 1.000000
0.989840 0.041580 0.135969 0.305500 -0.029352 0.995442 -0.090734 19.736099 -0.139122 0.085822 0.986549 -0.783400 0.000000 0.000000 0.000000 1.000000
0.990269 0.030554 0.135771 0.305500 -0.018819 0.996040 -0.086889 19.736099 -0.137888 0.083489 0.986923 -0.783400 0.000000 0.000000 0.000000 1.000000
0.991033 0.020541 0.132029 0.305500 -0.010064 0.996781 -0.079535 19.736099 -0.133238 0.077494 0.988050 -0.783400 0.000000 0.000000 0.000000 1.000000
0.992006 0.011329 0.125681 0.305500 -0.002450 0.997504 -0.070571 19.736099 -0.126167 0.069699 0.989557 -0.783400 0.000000 0.000000 0.000000 1.000000
0.993055 0.003135 0.117606 0.305500 0.004123 0.998103 -0.061420 19.736099 -0.117575 0.061478 0.991159 -0.783400 0.000000 0.000000 0.000000 1.000000
0.993867 -0.003698 0.110524 0.305500 0.009767 0.998471 -0.054414 19.736099 -0.110153 0.055159 0.992383 -0.783400 0.000000 0.000000 0.000000 1.000000
0.994326 -0.010532 0.105852 0.305500 0.016017 0.998565 -0.051107 19.736099 -0.105162 0.052513 0.993068 -0.783400 0.000000 0.000000 0.000000 1.000000
0.994679 -0.017659 0.101493 0.305500 0.022949 0.998425 -0.051190 19.736099 -0.100429 0.053247 0.993518 -0.783400 0.000000 0.000000 0.000000 1.000000
0.995193 -0.022974 0.095196 0.305500 0.028121 0.998194 -0.053086 19.736099 -0.093804 0.055507 0.994042 -0.783400 0.000000 0.000000 0.000000 1.000000
0.995895 -0.023570 0.087397 0.305500 0.028577 0.997994 -0.056491 19.736099 -0.085891 0.058756 0.994571 -0.783400 0.000000 0.000000 0.000000 1.000000
0.996608 -0.020268 0.079764 0.305500 0.025160 0.997832 -0.060818 19.736099 -0.078359 0.062619 0.994957 -0.783400 0.000000 0.000000 0.000000 1.000000
0.997176 -0.014133 0.073754 0.305500 0.018994 0.997664 -0.065616 19.736099 -0.072654 0.066832 0.995116 -0.783400 0.000000 0.000000 0.000000 1.000000
0.997539 -0.006268 0.069826 0.305500 0.011168 0.997483 -0.070017 19.736099 -0.069211 0.070625 0.995099 -0.783400 0.000000 0.000000 0.000000 1.000000
0.997807 0.000783 0.066181 0.305500 0.003992 0.997398 -0.071981 19.736099 -0.066065 0.072088 0.995208 -0.783400 0.000000 0.000000 0.000000 1.000000
0.998051 0.004334 0.062245 0.305500 0.000103 0.997469 -0.071104 19.736099 -0.062395 0.070972 0.995525 -0.783400 0.000000 0.000000 0.000000 1.000000
0.998231 0.003343 0.059362 0.305500 0.000730 0.997654 -0.068456 19.736099 -0.059451 0.068378 0.995887 -0.783400 0.000000 0.000000 0.000000 1.000000
0.998276 -0.000149 0.058702 0.305500 0.003950 0.997900 -0.064648 19.736099 -0.058569 0.064769 0.996180 -0.783400 0.000000 0.000000 0.000000 1.000000
0.998217 -0.001994 0.059657 0.305500 0.005580 0.998183 -0.059997 19.736099 -0.059429 0.060223 0.996414 -0.783400 0.000000 0.000000 0.000000 1.000000
0.998143 -0.002149 0.060874 0.305500 0.005551 0.998428 -0.055771 19.736099 -0.060658 0.056005 0.996586 -0.783400 0.000000 0.000000 0.000000 1.000000
0.998075 -0.001684 0.062003 0.305500 0.004925 0.998627 -0.052162 19.736099 -0.061830 0.052367 0.996712 -0.783400 0.000000 0.000000 0.000000 1.000000</float_array><technique_common><accessor source="#mixamorig_Spine1-Matrix-animation-output-transform-array" count="34" stride="16"><param type="float4x4"/></accessor></technique_common></source><source id="mixamorig_Spine1-Interpolations"><Name_array id="mixamorig_Spine1-Interpolations-array" count="34">
 LINEAR LINEAR LINEAR LINEAR LINEAR LINEAR LINEAR LINEAR LINEAR LINEAR LINEAR
LINEAR LINEAR LINEAR LINEAR LINEAR LINEAR LINEAR LINEAR LINEAR LINEAR LINEAR LINEAR
LINEAR LINEAR LINEAR LINEAR LINEAR LINEAR LINEAR LINEAR LINEAR LINEAR LINEAR</Name_array><technique_common><accessor source="#mixamorig_Spine1-Interpolations-array" count="34"><param type="name"/></accessor></technique_common></source><sampler id="mixamorig_Spine1-Matrix-animation-transform"><input semantic="INPUT" source="#mixamorig_Spine1-Matrix-animation-input"/><input semantic="OUTPUT" source="#mixamorig_Spine1-Matrix-animation-output-transform"/><input semantic="INTERPOLATION" source="#mixamorig_Spine1-Interpolations"/></sampler><channel source="#mixamorig_Spine1-Matrix-animation-transform" target="mixamorig_Spine1/matrix"/></animation>
    <animation id="mixamorig_Spine2-anim" name="mixamorig_Spine2"><source id="mixamorig_Spine2-Matrix-animation-input"><float_array id="mixamorig_Spine2-Matrix-animation-input-array" count="34">

0.000000 0.033333 0.066667 0.100000 0.133333 0.166667 0.200000 0.233333 0.266667 0.300000 0.333333 0.366667 0.400000 0.433333 0.466667 0.500000
0.533333 0.566667 0.600000 0.633333 0.666667 0.700000 0.733333 0.766667 0.800000 0.833333 0.866667 0.900000 0.933333 0.966667 1.000000 1.033333
1.066667 1.100000</float_array><technique_common><accessor source="#mixamorig_Spine2-Matrix-animation-input-array" count="34"><param name="TIME" type="float"/></accessor></technique_common></source><source id="mixamorig_Spine2-Matrix-animation-output-transform"><float_array id="mixamorig_Spine2-Matrix-animation-output-transform-array" count="544">

0.998426 0.015283 0.053960 0.152700 -0.011395 0.997366 -0.071631 25.612801 -0.054912 0.070903 0.995971 -0.124700 0.000000 0.000000 0.000000 1.000000
0.997521 0.028576 0.064308 0.152700 -0.023412 0.996547 -0.079667 25.612801 -0.066363 0.077964 0.994745 -0.124700 0.000000 0.000000 0.000000 1.000000
0.996263 0.042778 0.075029 0.152700 -0.036087 0.995434 -0.088367 25.612801 -0.078467 0.085329 0.993258 -0.124700 0.000000 0.000000 0.000000 1.000000
0.994688 0.056995 0.085714 0.152700 -0.048570 0.994064 -0.097355 25.612801 -0.090754 0.092675 0.991552 -0.124700 0.000000 0.000000 0.000000 1.000000
0.992897 0.070335 0.095964 0.152700 -0.060045 0.992530 -0.106202 25.612801 -0.102717 0.099686 0.989703 -0.124700 0.000000 0.000000 0.000000 1.000000
0.991052 0.081911 0.105392 0.152700 -0.069737 0.990981 -0.114424 25.612801 -0.113814 0.106050 0.987826 -0.124700 0.000000 0.000000 0.000000 1.000000
0.989630 0.088868 0.112850 0.152700 -0.075131 0.989849 -0.120637 25.612801 -0.122425 0.110908 0.986261 -0.124700 0.000000 0.000000 0.000000 1.000000
0.988804 0.092361 0.117200 0.152700 -0.077889 0.989400 -0.122563 25.612801 -0.127278 0.112062 0.985516 -0.124700 0.000000 0.000000 0.000000 1.000000
0.988303 0.095083 0.119233 0.152700 -0.080552 0.989345 -0.121272 25.612801 -0.129494 0.110249 0.985432 -0.124700 0.000000 0.000000 0.000000 1.000000
0.988149 0.098181 0.117988 0.152700 -0.084417 0.989599 -0.116477 25.612801 -0.128197 0.105137 0.986160 -0.124700 0.000000 0.000000 0.000000 1.000000
0.988376 0.099266 0.115150 0.152700 -0.086222 0.989824 -0.113203 25.612801 -0.125216 0.101959 0.986877 -0.124700 0.000000 0.000000 0.000000 1.000000
0.988881 0.095759 0.113774 0.152700 -0.083018 0.990246 -0.111893 25.612801 -0.123379 0.101203 0.987186 -0.124700 0.000000 0.000000 0.000000 1.000000
0.989442 0.088655 0.114650 0.152700 -0.076028 0.991000 -0.110179 25.612801 -0.123386 0.100300 0.987277 -0.124700 0.000000 0.000000 0.000000 1.000000
0.989897 0.079200 0.117605 0.152700 -0.066527 0.991919 -0.108033 25.612801 -0.125211 0.099117 0.987167 -0.124700 0.000000 0.000000 0.000000 1.000000
0.990245 0.068495 0.121340 0.152700 -0.055637 0.992770 -0.106358 25.612801 -0.127748 0.098569 0.986896 -0.124700 0.000000 0.000000 0.000000 1.000000
0.990741 0.057978 0.122764 0.152700 -0.045366 0.993631 -0.103146 25.612801 -0.127962 0.096621 0.987061 -0.124700 0.000000 0.000000 0.000000 1.000000
0.991546 0.048066 0.120528 0.152700 -0.036467 0.994650 -0.096656 25.612801 -0.124529 0.091443 0.987993 -0.124700 0.000000 0.000000 0.000000 1.000000
0.992531 0.038572 0.115736 0.152700 -0.028359 0.995661 -0.088623 25.612801 -0.118652 0.084679 0.989319 -0.124700 0.000000 0.000000 0.000000 1.000000
0.993564 0.029730 0.109299 0.152700 -0.020982 0.996547 -0.080331 25.612801 -0.111309 0.077521 0.990758 -0.124700 0.000000 0.000000 0.000000 1.000000
0.994357 0.022042 0.103775 0.152700 -0.014400 0.997168 -0.073820 25.612801 -0.105108 0.071909 0.991858 -0.124700 0.000000 0.000000 0.000000 1.000000
0.994823 0.014444 0.100589 0.152700 -0.007338 0.997473 -0.070662 25.612801 -0.101355 0.069558 0.992416 -0.124700 0.000000 0.000000 0.000000 1.000000
0.995196 0.006622 0.097682 0.152700 0.000311 0.997492 -0.070785 25.612801 -0.097906 0.070475 0.992697 -0.124700 0.000000 0.000000 0.000000 1.000000
0.995711 0.000412 0.092521 0.152700 0.006346 0.997330 -0.072746 25.612801 -0.092304 0.073021 0.993050 -0.124700 0.000000 0.000000 0.000000 1.000000
0.996385 -0.001354 0.084947 0.152700 0.007855 0.997058 -0.076244 25.612801 -0.084594 0.076636 0.993464 -0.124700 0.000000 0.000000 0.000000 1.000000
0.997053 0.000699 0.076707 0.152700 0.005508 0.996726 -0.080667 25.612801 -0.076512 0.080852 0.993785 -0.124700 0.000000 0.000000 0.000000 1.000000
0.997574 0.005719 0.069379 0.152700 0.000236 0.996336 -0.085520 25.612801 -0.069614 0.085329 0.993918 -0.124700 0.000000 0.000000 0.000000 1.000000
0.997893 0.012687 0.063622 0.152700 -0.006932 0.995928 -0.089881 25.612801 -0.064503 0.089250 0.993918 -0.124700 0.000000 0.000000 0.000000 1.000000
0.998122 0.018830 0.058294 0.152700 -0.013427 0.995694 -0.091720 25.612801 -0.059770 0.090765 0.994077 -0.124700 0.000000 0.000000 0.000000 1.000000
0.998340 0.021467 0.053440 0.152700 -0.016555 0.995739 -0.090722 25.612801 -0.055160 0.089686 0.994441 -0.124700 0.000000 0.000000 0.000000 1.000000
0.998523 0.019851 0.050571 0.152700 -0.015343 0.996001 -0.088018 25.612801 -0.052116 0.087112 0.994834 -0.124700 0.000000 0.000000 0.000000 1.000000
0.998595 0.016222 0.050447 0.152700 -0.011932 0.996377 -0.084199 25.612801 -0.051630 0.083479 0.995171 -0.124700 0.000000 0.000000 0.000000 1.000000
0.998557 0.014553 0.051689 0.152700 -0.010411 0.996779 -0.079525 25.612801 -0.052680 0.078872 0.995492 -0.124700 0.000000 0.000000 0.000000 1.000000
0.998492 0.014617 0.052918 0.152700 -0.010607 0.997107 -0.075269 25.612801 -0.053865 0.074594 0.995758 -0.124700 0.000000 0.000000 0.000000 1.000000
0.998426 0.015283 0.053960 0.152700 -0.011395 0.997366 -0.071631 25.612801 -0.054912 0.070904 0.995971 -0.124700 0.000000 0.000000 0.000000 1.000000</float_array><technique_common><accessor source="#mixamorig_Spine2-Matrix-animation-output-transform-array" count="34" stride="16"><param type="float4x4"/></accessor></technique_common></source><source id="mixamorig_Spine2-Interpolations"><Name_array id="mixamorig_Spine2-Interpolations-array" count="34">
 LINEAR LINEAR LINEAR LINEAR LINEAR LINEAR LINEAR LINEAR LINEAR LINEAR LINEAR
LINEAR LINEAR LINEAR LINEAR LINEAR LINEAR LINEAR LINEAR LINEAR LINEAR LINEAR LINEAR
LINEAR LINEAR LINEAR LINEAR LINEAR LINEAR LINEAR LINEAR LINEAR LINEAR LINEAR</Name_array><technique_common><accessor source="#mixamorig_Spine2-Interpolations-array" count="34"><param type="name"/></accessor></technique_common></source><sampler id="mixamorig_Spine2-Matrix-animation-transform"><input semantic="INPUT" source="#mixamorig_Spine2-Matrix-animation-input"/><input semantic="OUTPUT" source="#mixamorig_Spine2-Matrix-animation-output-transform"/><input semantic="INTERPOLATION" source="#mixamorig_Spine2-Interpolations"/></sampler><channel source="#mixamorig_Spine2-Matrix-animation-transform" target="mixamorig_Spine2/matrix"/></animation>
    <animation id="mixamorig_Neck-anim" name="mixamorig_Neck"><source id="mixamorig_Neck-Matrix-animation-input"><float_array id="mixamorig_Neck-Matrix-animation-input-array" count="34">

0.000000 0.033333 0.066667 0.100000 0.133333 0.166667 0.200000 0.233333 0.266667 0.300000 0.333333 0.366667 0.400000 0.433333 0.466667 0.500000
0.533333 0.566667 0.600000 0.633333 0.666667 0.700000 0.733333 0.766667 0.800000 0.833333 0.866667 0.900000 0.933333 0.966667 1.000000 1.033333
1.066667 1.100000</float_array><technique_common><accessor source="#mixamorig_Neck-Matrix-animation-input-array" count="34"><param name="TIME" type="float"/></accessor></technique_common></source><source id="mixamorig_Neck-Matrix-animation-output-transform"><float_array id="mixamorig_Neck-Matrix-animation-output-transform-array" count="544">

0.893689 0.387591 0.226038 0.879800 -0.389960 0.920129 -0.035972 30.689800 -0.221926 -0.055998 0.973454 2.800200 0.000000 0.000000 0.000000 1.000000
0.903594 0.363703 0.226361 0.879800 -0.366177 0.929977 -0.032513 30.689800 -0.222335 -0.053510 0.973501 2.800200 0.000000 0.000000 0.000000 1.000000
0.914889 0.334366 0.226225 0.879800 -0.336747 0.941143 -0.029174 30.689800 -0.222665 -0.049490 0.973638 2.800200 0.000000 0.000000 0.000000 1.000000
0.925685 0.303486 0.225840 0.879800 -0.305735 0.951766 -0.025830 30.689800 -0.222785 -0.045137 0.973822 2.800200 0.000000 0.000000 0.000000 1.000000
0.934565 0.275242 0.225454 0.879800 -0.277459 0.960475 -0.022439 30.689800 -0.222719 -0.041584 0.973995 2.800200 0.000000 0.000000 0.000000 1.000000
0.940633 0.253860 0.225308 0.879800 -0.256297 0.966414 -0.018877 30.689800 -0.222533 -0.039989 0.974105 2.800200 0.000000 0.000000 0.000000 1.000000
0.940956 0.252121 0.225915 0.879800 -0.255376 0.966722 -0.015201 30.689800 -0.222229 -0.043390 0.974029 2.800200 0.000000 0.000000 0.000000 1.000000
0.939164 0.257858 0.226893 0.879800 -0.263727 0.964586 -0.004599 30.689800 -0.220044 -0.055519 0.973909 2.800200 0.000000 0.000000 0.000000 1.000000
0.938366 0.260116 0.227617 0.879800 -0.269922 0.962801 0.012504 30.689800 -0.215897 -0.073172 0.973671 2.800200 0.000000 0.000000 0.000000 1.000000
0.941073 0.250263 0.227488 0.879800 -0.265457 0.963360 0.038337 30.689800 -0.209559 -0.096466 0.973026 2.800200 0.000000 0.000000 0.000000 1.000000
0.944603 0.236923 0.227142 0.879800 -0.256950 0.964393 0.062640 30.689800 -0.204213 -0.117534 0.971845 2.800200 0.000000 0.000000 0.000000 1.000000
0.946893 0.228196 0.226540 0.879800 -0.250272 0.965369 0.073661 30.689800 -0.201885 -0.126446 0.971213 2.800200 0.000000 0.000000 0.000000 1.000000
0.948730 0.221483 0.225516 0.879800 -0.243451 0.967054 0.074422 30.689800 -0.201602 -0.125509 0.971393 2.800200 0.000000 0.000000 0.000000 1.000000
0.950114 0.215547 0.225440 0.879800 -0.236866 0.968878 0.071909 30.689800 -0.202924 -0.121721 0.971600 2.800200 0.000000 0.000000 0.000000 1.000000
0.950911 0.209169 0.228070 0.879800 -0.230660 0.970386 0.071744 30.689800 -0.206309 -0.120829 0.970998 2.800200 0.000000 0.000000 0.000000 1.000000
0.951209 0.202125 0.233125 0.879800 -0.223351 0.972344 0.068283 30.689800 -0.212876 -0.117020 0.970046 2.800200 0.000000 0.000000 0.000000 1.000000
0.950532 0.199008 0.238507 0.879800 -0.218359 0.974180 0.057387 30.689800 -0.220928 -0.106629 0.969444 2.800200 0.000000 0.000000 0.000000 1.000000
0.949229 0.199263 0.243431 0.879800 -0.216267 0.975298 0.044963 30.689800 -0.228458 -0.095327 0.968876 2.800200 0.000000 0.000000 0.000000 1.000000
0.947663 0.202114 0.247154 0.879800 -0.217167 0.975509 0.034948 30.689800 -0.234037 -0.086792 0.968346 2.800200 0.000000 0.000000 0.000000 1.000000
0.945574 0.210672 0.248007 0.879800 -0.225007 0.973876 0.030613 30.689800 -0.235079 -0.084751 0.968274 2.800200 0.000000 0.000000 0.000000 1.000000
0.942245 0.226650 0.246584 0.879800 -0.241437 0.969919 0.031068 30.689800 -0.232125 -0.088808 0.968623 2.800200 0.000000 0.000000 0.000000 1.000000
0.938030 0.245866 0.244234 0.879800 -0.261008 0.964833 0.031170 30.689800 -0.227982 -0.092985 0.969215 2.800200 0.000000 0.000000 0.000000 1.000000
0.933346 0.265007 0.242149 0.879800 -0.279334 0.959835 0.026236 30.689800 -0.225471 -0.092128 0.969884 2.800200 0.000000 0.000000 0.000000 1.000000
0.926216 0.287835 0.243464 0.879800 -0.300500 0.953652 0.015744 30.689800 -0.227648 -0.087744 0.969782 2.800200 0.000000 0.000000 0.000000 1.000000
0.916172 0.315080 0.247696 0.879800 -0.325963 0.945377 0.003106 30.689800 -0.233187 -0.083585 0.968833 2.800200 0.000000 0.000000 0.000000 1.000000
0.902478 0.346491 0.255886 0.879800 -0.355961 0.934448 -0.009891 30.689800 -0.242540 -0.082159 0.966656 2.800200 0.000000 0.000000 0.000000 1.000000
0.885532 0.381111 0.265685 0.879800 -0.389597 0.920718 -0.022190 30.689800 -0.253077 -0.083860 0.963805 2.800200 0.000000 0.000000 0.000000 1.000000
0.868574 0.414280 0.271938 0.879800 -0.421635 0.906138 -0.033734 30.689800 -0.260389 -0.085358 0.961723 2.800200 0.000000 0.000000 0.000000 1.000000
0.855700 0.441008 0.270718 0.879800 -0.446686 0.893617 -0.043821 30.689800 -0.261244 -0.083428 0.961661 2.800200 0.000000 0.000000 0.000000 1.000000
0.849146 0.458689 0.261831 0.879800 -0.462307 0.885225 -0.051473 30.689800 -0.255389 -0.077338 0.963740 2.800200 0.000000 0.000000 0.000000 1.000000
0.852270 0.459951 0.249161 0.879800 -0.462053 0.885228 -0.053650 30.689800 -0.245241 -0.069402 0.966975 2.800200 0.000000 0.000000 0.000000 1.000000
0.865559 0.440243 0.238735 0.879800 -0.442058 0.895652 -0.048913 30.689800 -0.235357 -0.063197 0.969852 2.800200 0.000000 0.000000 0.000000 1.000000
0.880444 0.413772 0.231542 0.879800 -0.415807 0.908467 -0.042340 30.689800 -0.227867 -0.058999 0.971903 2.800200 0.000000 0.000000 0.000000 1.000000
0.893733 0.387499 0.226022 0.879800 -0.389832 0.920178 -0.036111 30.689800 -0.221973 -0.055837 0.973453 2.800200 0.000000 0.000000 0.000000 1.000000</float_array><technique_common><accessor source="#mixamorig_Neck-Matrix-animation-output-transform-array" count="34" stride="16"><param type="float4x4"/></accessor></technique_common></source><source id="mixamorig_Neck-Interpolations"><Name_array id="mixamorig_Neck-Interpolations-array" count="34">
 LINEAR LINEAR LINEAR LINEAR LINEAR LINEAR LINEAR LINEAR LINEAR LINEAR LINEAR
LINEAR LINEAR LINEAR LINEAR LINEAR LINEAR LINEAR LINEAR LINEAR LINEAR LINEAR LINEAR
LINEAR LINEAR LINEAR LINEAR LINEAR LINEAR LINEAR LINEAR LINEAR LINEAR LINEAR</Name_array><technique_common><accessor source="#mixamorig_Neck-Interpolations-array" count="34"><param type="name"/></accessor></technique_common></source><sampler id="mixamorig_Neck-Matrix-animation-transform"><input semantic="INPUT" source="#mixamorig_Neck-Matrix-animation-input"/><input semantic="OUTPUT" source="#mixamorig_Neck-Matrix-animation-output-transform"/><input semantic="INTERPOLATION" source="#mixamorig_Neck-Interpolations"/></sampler><channel source="#mixamorig_Neck-Matrix-animation-transform" target="mixamorig_Neck/matrix"/></animation>
    <animation id="mixamorig_Head-anim" name="mixamorig_Head"><source id="mixamorig_Head-Matrix-animation-input"><float_array id="mixamorig_Head-Matrix-animation-input-array" count="34">

0.000000 0.033333 0.066667 0.100000 0.133333 0.166667 0.200000 0.233333 0.266667 0.300000 0.333333 0.366667 0.400000 0.433333 0.466667 0.500000
0.533333 0.566667 0.600000 0.633333 0.666667 0.700000 0.733333 0.766667 0.800000 0.833333 0.866667 0.900000 0.933333 0.966667 1.000000 1.033333
1.066667 1.100000</float_array><technique_common><accessor source="#mixamorig_Head-Matrix-animation-input-array" count="34"><param name="TIME" type="float"/></accessor></technique_common></source><source id="mixamorig_Head-Matrix-animation-output-transform"><float_array id="mixamorig_Head-Matrix-animation-output-transform-array" count="544">

0.991954 -0.126573 -0.002553 0.154400 0.076391 0.582353 0.809339 19.089399 -0.100954 -0.803022 0.587337 6.327400 0.000000 0.000000 0.000000 1.000000
0.993037 -0.117674 0.005435 0.154400 0.065147 0.587038 0.806934 19.089399 -0.098146 -0.800961 0.590617 6.327400 0.000000 0.000000 0.000000 1.000000
0.994232 -0.105886 0.017083 0.154400 0.049279 0.592437 0.804108 19.089399 -0.095264 -0.798628 0.594238 6.327400 0.000000 0.000000 0.000000 1.000000
0.995170 -0.093429 0.030129 0.154400 0.031889 0.597946 0.800902 19.089399 -0.092843 -0.796073 0.598037 6.327400 0.000000 0.000000 0.000000 1.000000
0.995688 -0.082580 0.042261 0.154400 0.016160 0.603007 0.797572 19.089399 -0.091347 -0.793450 0.601741 6.327400 0.000000 0.000000 0.000000 1.000000
0.995820 -0.075596 0.051260 0.154400 0.005197 0.607210 0.794524 19.089399 -0.091188 -0.790937 0.605065 6.327400 0.000000 0.000000 0.000000 1.000000
0.995533 -0.079295 0.051242 0.154400 0.007676 0.608941 0.793179 19.089399 -0.094099 -0.789242 0.606829 6.327400 0.000000 0.000000 0.000000 1.000000
0.995025 -0.088376 0.045991 0.154400 0.018039 0.613819 0.789240 19.089399 -0.097980 -0.784484 0.612360 6.327400 0.000000 0.000000 0.000000 1.000000
0.994535 -0.096143 0.040704 0.154400 0.028063 0.621688 0.782762 19.089399 -0.100563 -0.777342 0.620989 6.327400 0.000000 0.000000 0.000000 1.000000
0.994598 -0.095988 0.039522 0.154400 0.030302 0.632615 0.773873 19.089399 -0.099285 -0.768495 0.632106 6.327400 0.000000 0.000000 0.000000 1.000000
0.995194 -0.087749 0.043457 0.154400 0.023123 0.641837 0.766492 19.089399 -0.095151 -0.761804 0.640782 6.327400 0.000000 0.000000 0.000000 1.000000
0.995660 -0.080126 0.047339 0.154400 0.015773 0.646583 0.762681 19.089399 -0.091719 -0.758624 0.645041 6.327400 0.000000 0.000000 0.000000 1.000000
0.995893 -0.076750 0.048022 0.154400 0.013133 0.647283 0.762137 19.089399 -0.089578 -0.758376 0.645633 6.327400 0.000000 0.000000 0.000000 1.000000
0.996029 -0.076247 0.045973 0.154400 0.014276 0.646440 0.762831 19.089399 -0.087883 -0.759145 0.644961 6.327400 0.000000 0.000000 0.000000 1.000000
0.996217 -0.074383 0.044928 0.154400 0.013914 0.646879 0.762466 19.089399 -0.085777 -0.758956 0.645467 6.327400 0.000000 0.000000 0.000000 1.000000
0.996497 -0.068454 0.048040 0.154400 0.007547 0.645714 0.763542 19.089399 -0.083288 -0.760505 0.643969 6.327400 0.000000 0.000000 0.000000 1.000000
0.996754 -0.061686 0.051727 0.154400 -0.000219 0.640458 0.767993 19.089399 -0.080504 -0.765512 0.638366 6.327400 0.000000 0.000000 0.000000 1.000000
0.997004 -0.054718 0.054677 0.154400 -0.007554 0.634593 0.772810 19.089399 -0.076985 -0.770907 0.632278 6.327400 0.000000 0.000000 0.000000 1.000000
0.997300 -0.047039 0.056395 0.154400 -0.014122 0.630752 0.775856 19.089399 -0.072067 -0.774557 0.628385 6.327400 0.000000 0.000000 0.000000 1.000000
0.997817 -0.038246 0.053834 0.154400 -0.017614 0.631541 0.775143 19.089399 -0.063644 -0.774399 0.629489 6.327400 0.000000 0.000000 0.000000 1.000000
0.998455 -0.031101 0.046051 0.154400 -0.015649 0.637800 0.770043 19.089399 -0.053321 -0.769574 0.636328 6.327400 0.000000 0.000000 0.000000 1.000000
0.998916 -0.028422 0.036855 0.154400 -0.009678 0.647716 0.761820 19.089399 -0.045524 -0.761351 0.646740 6.327400 0.000000 0.000000 0.000000 1.000000
0.999095 -0.030026 0.030113 0.154400 -0.003016 0.656306 0.754489 19.089399 -0.042418 -0.753897 0.655622 6.327400 0.000000 0.000000 0.000000 1.000000
0.998937 -0.038175 0.025835 0.154400 0.005807 0.660228 0.751043 19.089399 -0.045728 -0.750094 0.659748 6.327400 0.000000 0.000000 0.000000 1.000000
