<?xml version="1.0" encoding="utf-8"?>
<COLLADA xmlns="http://www.collada.org/2005/11/COLLADASchema" version="1.4.1">
  <asset><contributor><author>Mixamo</author><authoring_tool>COLLADA Mixamo exporter</authoring_tool><comments></comments></contributor><created>2018-02-10T11:47:17Z</created><modified>2018-02-10T11:47:17Z</modified><revision></revision><title></title><unit meter="0.010000"/><up_axis>Y_UP</up_axis></asset>
  <library_animations>
    <animation id="mixamorig_Hips-anim" name="mixamorig_Hips"><source id="mixamorig_Hips-Matrix-animation-input"><float_array id="mixamorig_Hips-Matrix-animation-input-array" count="34">

0.000000 0.033333 0.066667 0.100000 0.133333 0.166667 0.200000 0.233333 0.266667 0.300000 0.333333 0.366667 0.400000 0.433333 0.466667 0.500000
0.533333 0.566667 0.600000 0.633333 0.666667 0.700000 0.733333 0.766667 0.800000 0.833333 0.866667 0.900000 0.933333 0.966667 1.000000 1.033333
1.066667 1.100000</float_array><technique_common><accessor source="#mixamorig_Hips-Matrix-animation-input-array" count="34"><param name="TIME" type="float"/></accessor></technique_common></source><source id="mixamorig_Hips-Matrix-animation-output-transform"><float_array id="mixamorig_Hips-Matrix-animation-output-transform-array" count="544">

0.844654 -0.274964 -0.459297 0.948988 -0.048349 0.815306 -0.577009 150.859375 0.533124 0.509580 0.675357 -2.699926 0.000000 0.000000 0.000000 1.000000
0.847266 -0.275517 -0.454126 8.285572 -0.040586 0.818877 -0.572532 149.206451 0.529616 0.503518 0.682625 -2.390109 0.000000 0.000000 0.000000 1.000000
0.849851 -0.276505 -0.448663 15.593349 -0.032452 0.822245 -0.568208 147.790314 0.526023 0.497452 0.689812 -1.314128 0.000000 0.000000 0.000000 1.000000
0.852685 -0.277146 -0.442852 23.023937 -0.024317 0.825712 -0.563568 146.541763 0.521859 0.491314 0.697333 0.096258 0.000000 0.000000 0.000000 1.000000
0.856109 -0.276432 -0.436650 30.825310 -0.016621 0.829753 -0.557883 145.304626 0.516529 0.484866 0.705764 1.905171 0.000000 0.000000 0.000000 1.000000
0.860885 -0.271169 -0.430517 39.564243 -0.011506 0.835550 -0.549294 143.837738 0.508670 0.477833 0.716192 4.313535 0.000000 0.000000 0.000000 1.000000
0.867071 -0.263790 -0.422613 49.671391 -0.007332 0.841459 -0.540271 142.181351 0.498130 0.471552 0.727671 7.208124 0.000000 0.000000 0.000000 1.000000
0.874771 -0.255226 -0.411868 60.483727 -0.004381 0.845824 -0.533444 140.740036 0.484516 0.468445 0.738785 10.123756 0.000000 0.000000 0.000000 1.000000
0.884432 -0.242171 -0.398916 72.119614 -0.007845 0.846978 -0.531571 139.472885 0.466604 0.473268 0.747194 12.988137 0.000000 0.000000 0.000000 1.000000
0.894424 -0.227425 -0.385076 84.438545 -0.014293 0.846067 -0.532885 138.683289 0.446991 0.482129 0.753492 15.625282 0.000000 0.000000 0.000000 1.000000
0.902017 -0.217349 -0.372995 97.082581 -0.017112 0.845332 -0.533967 138.496460 0.431362 0.488030 0.758785 17.975348 0.000000 0.000000 0.000000 1.000000
0.905778 -0.211988 -0.366916 110.257835 -0.018856 0.844853 -0.534666 139.172974 0.423333 0.491207 0.761252 20.385649 0.000000 0.000000 0.000000 1.000000
0.906797 -0.208885 -0.366178 123.685425 -0.021931 0.844060 -0.535800 140.251938 0.420997 0.493892 0.760810 23.012691 0.000000 0.000000 0.000000 1.000000
0.905390 -0.208040 -0.370120 137.031097 -0.026414 0.842441 -0.538140 141.440079 0.423759 0.497003 0.757243 25.613750 0.000000 0.000000 0.000000 1.000000
0.899437 -0.210502 -0.383016 149.626038 -0.034275 0.839694 -0.541977 142.616089 0.435703 0.500602 0.748037 27.716505 0.000000 0.000000 0.000000 1.000000
0.890517 -0.214931 -0.400978 161.297058 -0.043582 0.837014 -0.545444 143.625595 0.452857 0.503202 0.736008 29.264194 0.000000 0.000000 0.000000 1.000000
0.882266 -0.218391 -0.417028 172.279968 -0.051178 0.836129 -0.546140 144.443695 0.467961 0.503184 0.726511 30.430824 0.000000 0.000000 0.000000 1.000000
0.876339 -0.222508 -0.427224 182.170486 -0.052922 0.837074 -0.544524 144.728851 0.478779 0.499798 0.721785 31.110817 0.000000 0.000000 0.000000 1.000000
0.872104 -0.230010 -0.431890 191.087830 -0.047418 0.838754 -0.542441 144.406860 0.487017 0.493545 0.720575 31.272255 0.000000 0.000000 0.000000 1.000000
0.866638 -0.240824 -0.436969 199.692444 -0.039347 0.840085 -0.541025 143.850861 0.497383 0.486067 0.718574 31.088219 0.000000 0.000000 0.000000 1.000000
0.856164 -0.258506 -0.447391 208.156662 -0.028193 0.841192 -0.540000 142.955261 0.515935 0.474942 0.712910 30.495478 0.000000 0.000000 0.000000 1.000000
0.840896 -0.278564 -0.464000 216.792694 -0.017917 0.842560 -0.538305 142.167099 0.540900 0.460972 0.703514 29.412701 0.000000 0.000000 0.000000 1.000000
0.822700 -0.296128 -0.485256 225.641266 -0.011988 0.844381 -0.535609 141.750412 0.568350 0.446463 0.691122 27.960012 0.000000 0.000000 0.000000 1.000000
0.803403 -0.307926 -0.509633 235.022583 -0.012029 0.847331 -0.530929 141.629059 0.595315 0.432680 0.677044 26.090076 0.000000 0.000000 0.000000 1.000000
0.788072 -0.314119 -0.529408 245.490875 -0.011874 0.852093 -0.523256 141.671539 0.615469 0.418650 0.667780 23.844265 0.000000 0.000000 0.000000 1.000000
0.780690 -0.316596 -0.538786 257.072693 -0.009239 0.856228 -0.516515 142.249115 0.624850 0.408216 0.665524 21.023817 0.000000 0.000000 0.000000 1.000000
0.780583 -0.317043 -0.538678 269.250061 -0.007175 0.857211 -0.514915 143.439987 0.625011 0.405799 0.666850 17.428944 0.000000 0.000000 0.000000 1.000000
0.784194 -0.308327 -0.538492 280.972321 -0.015470 0.857830 -0.513700 144.809357 0.620323 0.411171 0.667936 13.632021 0.000000 0.000000 0.000000 1.000000
0.789882 -0.293370 -0.538535 292.261536 -0.028948 0.859338 -0.510588 146.328888 0.612575 0.418894 0.670283 9.948678 0.000000 0.000000 0.000000 1.000000
0.798923 -0.280937 -0.531786 303.376343 -0.039995 0.857424 -0.513054 148.236618 0.600102 0.431160 0.673780 6.251406 0.000000 0.000000 0.000000 1.000000
0.809814 -0.272790 -0.519411 313.773499 -0.051968 0.848495 -0.526645 150.111267 0.584381 0.453477 0.672947 2.868097 0.000000 0.000000 0.000000 1.000000
0.821862 -0.267095 -0.503193 323.738647 -0.061115 0.836846 -0.544017 151.543854 0.566399 0.477860 0.671448 -0.055078 0.000000 0.000000 0.000000 1.000000
0.833819 -0.267028 -0.483158 333.344666 -0.060960 0.825335 -0.561343 151.983978 0.548662 0.497512 0.671902 -2.035605 0.000000 0.000000 0.000000 1.000000
0.844654 -0.274964 -0.459297 342.645447 -0.048350 0.815305 -0.577009 150.859360 0.533124 0.509580 0.675357 -2.699496 0.000000 0.000000 0.000000 1.000000</float_array><technique_common><accessor source="#mixamorig_Hips-Matrix-animation-output-transform-array" count="34" stride="16"><param type="float4x4"/></accessor></technique_common></source><source id="mixamorig_Hips-Interpolations"><Name_array id="mixamorig_Hips-Interpolations-array" count="34">
 LINEAR LINEAR LINEAR LINEAR LINEAR LINEAR LINEAR LINEAR LINEAR LINEAR LINEAR
LINEAR LINEAR LINEAR LINEAR LINEAR LINEAR LINEAR LINEAR LINEAR LINEAR LINEAR LINEAR
LINEAR LINEAR LINEAR LINEAR LINEAR LINEAR LINEAR LINEAR LINEAR LINEAR LINEAR</Name_array><technique_common><accessor source="#mixamorig_Hips-Interpolations-array" count="34"><param type="name"/></accessor></technique_common></source><sampler id="mixamorig_Hips-Matrix-animation-transform"><input semantic="INPUT" source="#mixamorig_Hips-Matrix-animation-input"/><input semantic="OUTPUT" source="#mixamorig_Hips-Matrix-animation-output-transform"/><input semantic="INTERPOLATION" source="#mixamorig_Hips-Interpolations"/></sampler><channel source="#mixamorig_Hips-Matrix-animation-transform" target="mixamorig_Hips/matrix"/></animation>
    <animation id="mixamorig_Spine-anim" name="mixamorig_Spine"><source id="mixamorig_Spine-Matrix-animation-input"><float_array id="mixamorig_Spine-Matrix-animation-input-array" count="34">

0.000000 0.033333 0.066667 0.100000 0.133333 0.166667 0.200000 0.233333 0.266667 0.300000 0.333333 0.366667 0.400000 0.433333 0.466667 0.500000
0.533333 0.566667 0.600000 0.633333 0.666667 0.700000 0.733333 0.766667 0.800000 0.833333 0.866667 0.900000 0.933333 0.966667 1.000000 1.033333
1.066667 1.100000</float_array><technique_common><accessor source="#mixamorig_Spine-Matrix-animation-input-array" count="34"><param name="TIME" type="float"/></accessor></technique_common></source><source id="mixamorig_Spine-Matrix-animation-output-transform"><float_array id="mixamorig_Spine-Matrix-animation-output-transform-array" count="544">

0.998659 -0.006111 0.051406 -0.057500 0.016838 0.977355 -0.210934 18.534300 -0.048953 0.211516 0.976148 -2.042900 0.000000 0.000000 0.000000 1.000000
0.998617 -0.009341 0.051735 -0.057500 0.019842 0.978273 -0.206369 18.534300 -0.048684 0.207110 0.977106 -2.042900 0.000000 0.000000 0.000000 1.000000
0.998580 -0.012524 0.051775 -0.057500 0.022750 0.979135 -0.201934 18.534300 -0.048166 0.202825 0.978030 -2.042900 0.000000 0.000000 0.000000 1.000000
0.998551 -0.015950 0.051398 -0.057500 0.025815 0.979980 -0.197414 18.534300 -0.047220 0.198454 0.978972 -2.042900 0.000000 0.000000 0.000000 1.000000
0.998530 -0.019840 0.050446 -0.057500 0.029211 0.980878 -0.192421 18.534300 -0.045664 0.193612 0.980015 -2.042900 0.000000 0.000000 0.000000 1.000000
0.998460 -0.025311 0.049371 -0.057500 0.034090 0.981956 -0.186013 18.534300 -0.043772 0.187409 0.981306 -2.042900 0.000000 0.000000 0.000000 1.000000
0.998336 -0.030202 0.049124 -0.057500 0.038513 0.983245 -0.178175 18.534300 -0.042920 0.179771 0.982772 -2.042900 0.000000 0.000000 0.000000 1.000000
0.998152 -0.035551 0.049276 -0.057500 0.043455 0.984493 -0.169959 18.534300 -0.042470 0.171786 0.984218 -2.042900 0.000000 0.000000 0.000000 1.000000
0.997743 -0.043945 0.050770 -0.057500 0.051600 0.985618 -0.160918 18.534300 -0.042968 0.163174 0.985661 -2.042900 0.000000 0.000000 0.000000 1.000000
0.997203 -0.051377 0.054278 -0.057500 0.059132 0.986516 -0.152606 18.534300 -0.045706 0.155389 0.986795 -2.042900 0.000000 0.000000 0.000000 1.000000
0.996850 -0.054200 0.057907 -0.057500 0.062228 0.987133 -0.147293 18.534300 -0.049178 0.150433 0.987396 -2.042900 0.000000 0.000000 0.000000 1.000000
0.996607 -0.054711 0.061497 -0.057500 0.063131 0.987478 -0.144575 18.534300 -0.052818 0.147967 0.987581 -2.042900 0.000000 0.000000 0.000000 1.000000
0.996366 -0.054982 0.065056 -0.057500 0.063823 0.987701 -0.142735 18.534300 -0.056408 0.146369 0.987621 -2.042900 0.000000 0.000000 0.000000 1.000000
0.996200 -0.054249 0.068134 -0.057500 0.063456 0.987948 -0.141184 18.534300 -0.059653 0.144971 0.987636 -2.042900 0.000000 0.000000 0.000000 1.000000
0.996239 -0.051585 0.069617 -0.057500 0.061026 0.988110 -0.141121 18.534300 -0.061509 0.144839 0.987542 -2.042900 0.000000 0.000000 0.000000 1.000000
0.996468 -0.047719 0.069092 -0.057500 0.057224 0.988084 -0.142879 18.534300 -0.061451 0.146328 0.987326 -2.042900 0.000000 0.000000 0.000000 1.000000
0.996680 -0.044357 0.068269 -0.057500 0.053848 0.988090 -0.144147 18.534300 -0.061062 0.147344 0.987199 -2.042900 0.000000 0.000000 0.000000 1.000000
0.997047 -0.039536 0.065830 -0.057500 0.048639 0.988529 -0.142986 18.534300 -0.059422 0.145765 0.987533 -2.042900 0.000000 0.000000 0.000000 1.000000
0.997604 -0.030216 0.062233 -0.057500 0.038497 0.989896 -0.136472 18.534300 -0.057481 0.138540 0.988687 -2.042900 0.000000 0.000000 0.000000 1.000000
0.998089 -0.016423 0.059573 -0.057500 0.023856 0.991706 -0.126292 18.534300 -0.057005 0.127471 0.990203 -2.042900 0.000000 0.000000 0.000000 1.000000
0.998120 0.007184 0.060873 -0.057500 -0.000175 0.993439 -0.114367 18.534300 -0.061295 0.114141 0.991572 -2.042900 0.000000 0.000000 0.000000 1.000000
0.997160 0.036504 0.065877 -0.057500 -0.029565 0.994201 -0.103390 18.534300 -0.069269 0.101149 0.992457 -2.042900 0.000000 0.000000 0.000000 1.000000
0.995147 0.065381 0.073541 -0.057500 -0.058383 0.993898 -0.093585 18.534300 -0.079211 0.088837 0.992892 -2.042900 0.000000 0.000000 0.000000 1.000000
0.992936 0.085554 0.082214 -0.057500 -0.078697 0.993412 -0.083301 18.534300 -0.088799 0.076243 0.993127 -2.042900 0.000000 0.000000 0.000000 1.000000
0.991919 0.091110 0.088298 -0.057500 -0.084472 0.993507 -0.076208 18.534300 -0.094668 0.068133 0.993175 -2.042900 0.000000 0.000000 0.000000 1.000000
0.992192 0.085195 0.091090 -0.057500 -0.078149 0.993861 -0.078311 18.534300 -0.097203 0.070581 0.992759 -2.042900 0.000000 0.000000 0.000000 1.000000
0.992991 0.075270 0.091117 -0.057500 -0.067108 0.993719 -0.089549 18.534300 -0.097285 0.082807 0.991806 -2.042900 0.000000 0.000000 0.000000 1.000000
0.993709 0.062536 0.092905 -0.057500 -0.052305 0.992692 -0.108751 18.534300 -0.099027 0.103207 0.989718 -2.042900 0.000000 0.000000 0.000000 1.000000
0.994475 0.050370 0.092103 -0.057500 -0.038007 0.990604 -0.131376 18.534300 -0.097855 0.127149 0.987045 -2.042900 0.000000 0.000000 0.000000 1.000000
0.995639 0.039818 0.084365 -0.057500 -0.026491 0.987782 -0.153574 18.534300 -0.089449 0.150669 0.984529 -2.042900 0.000000 0.000000 0.000000 1.000000
0.996747 0.029608 0.074961 -0.057500 -0.016212 0.984722 -0.173377 18.534300 -0.078949 0.171598 0.981999 -2.042900 0.000000 0.000000 0.000000 1.000000
0.997660 0.018836 0.065719 -0.057500 -0.005878 0.981371 -0.192032 18.534300 -0.068112 0.191196 0.979186 -2.042900 0.000000 0.000000 0.000000 1.000000
0.998306 0.007173 0.057737 -0.057500 0.004916 0.978423 -0.206554 18.534300 -0.057973 0.206488 0.976730 -2.042900 0.000000 0.000000 0.000000 1.000000
0.998659 -0.006112 0.051408 -0.057500 0.016840 0.977355 -0.210937 18.534300 -0.048955 0.211520 0.976147 -2.042900 0.000000 0.000000 0.000000 1.000000</float_array><technique_common><accessor source="#mixamorig_Spine-Matrix-animation-output-transform-array" count="34" stride="16"><param type="float4x4"/></accessor></technique_common></source><source id="mixamorig_Spine-Interpolations"><Name_array id="mixamorig_Spine-Interpolations-array" count="34">
 LINEAR LINEAR LINEAR LINEAR LINEAR LINEAR LINEAR LINEAR LINEAR LINEAR LINEAR
LINEAR LINEAR LINEAR LINEAR LINEAR LINEAR LINEAR LINEAR LINEAR LINEAR LINEAR LINEAR
LINEAR LINEAR LINEAR LINEAR LINEAR LINEAR LINEAR LINEAR LINEAR LINEAR LINEAR</Name_array><technique_common><accessor source="#mixamorig_Spine-Interpolations-array" count="34"><param type="name"/></accessor></technique_common></source><sampler id="mixamorig_Spine-Matrix-animation-transform"><input semantic="INPUT" source="#mixamorig_Spine-Matrix-animation-input"/><input semantic="OUTPUT" source="#mixamorig_Spine-Matrix-animation-output-transform"/><input semantic="INTERPOLATION" source="#mixamorig_Spine-Interpolations"/></sampler><channel source="#mixamorig_Spine-Matrix-animation-transform" target="mixamorig_Spine/matrix"/></animation>
    <animation id="mixamorig_Spine1-anim" name="mixamorig_Spine1"><source id="mixamorig_Spine1-Matrix-animation-input"><float_array id="mixamorig_Spine1-Matrix-animation-input-array" count="34">

0.000000 0.033333 0.066667 0.100000 0.133333 0.166667 0.200000 0.233333 0.266667 0.300000 0.333333 0.366667 0.400000 0.433333 0.466667 0.500000
0.533333 0.566667 0.600000 0.633333 0.666667 0.700000 0.733333 0.766667 0.800000 0.833333 0.866667 0.900000 0.933333 0.966667 1.000000 1.033333
1.066667 1.100000</float_array><technique_common><accessor source="#mixamorig_Spine1-Matrix-animation-input-array" count="34"><param name="TIME" type="float"/></accessor></technique_common></source><source id="mixamorig_Spine1-Matrix-animation-output-transform"><float_array id="mixamorig_Spine1-Matrix-animation-output-transform-array" count="544">

0.995830 0.086949 0.027612 0.305500 -0.082622 0.987915 -0.131142 19.736099 -0.038681 0.128314 0.990979 -0.783400 0.000000 0.000000 0.000000 1.000000
0.995951 0.086483 0.024527 0.305500 -0.082487 0.987668 -0.133068 19.736099 -0.035733 0.130506 0.990803 -0.783400 0.000000 0.000000 0.000000 1.000000
0.996069 0.085970 0.021347 0.305500 -0.082332 0.987424 -0.134963 19.736099 -0.032681 0.132675 0.990621 -0.783400 0.000000 0.000000 0.000000 1.000000
0.996172 0.085488 0.018262 0.305500 -0.082206 0.987170 -0.136886 19.736099 -0.029730 0.134861 0.990418 -0.783400 0.000000 0.000000 0.000000 1.000000
0.996211 0.085580 0.015500 0.305500 -0.082614 0.986850 -0.138932 19.736099 -0.027186 0.137125 0.990181 -0.783400 0.000000 0.000000 0.000000 1.000000
0.996088 0.087302 0.013700 0.305500 -0.084504 0.986348 -0.141340 19.736099 -0.025853 0.139629 0.989866 -0.783400 0.000000 0.000000 0.000000 1.000000
0.995646 0.092001 0.015005 0.305500 -0.088893 0.985535 -0.144288 19.736099 -0.028063 0.142326 0.989422 -0.783400 0.000000 0.000000 0.000000 1.000000
0.995140 0.096776 0.018192 0.305500 -0.093115 0.984915 -0.145851 19.736099 -0.032032 0.143448 0.989139 -0.783400 0.000000 0.000000 0.000000 1.000000
0.994812 0.099029 0.023285 0.305500 -0.094669 0.984975 -0.144437 19.736099 -0.037238 0.141483 0.989240 -0.783400 0.000000 0.000000 0.000000 1.000000
0.994688 0.098487 0.029919 0.305500 -0.093309 0.985482 -0.141837 19.736099 -0.043454 0.138292 0.989438 -0.783400 0.000000 0.000000 0.000000 1.000000
0.994651 0.096671 0.036385 0.305500 -0.090688 0.985934 -0.140390 19.736099 -0.049444 0.136340 0.989427 -0.783400 0.000000 0.000000 0.000000 1.000000
0.994617 0.094207 0.043156 0.305500 -0.087331 0.986259 -0.140235 19.736099 -0.055774 0.135711 0.989177 -0.783400 0.000000 0.000000 0.000000 1.000000
0.994516 0.091790 0.050135 0.305500 -0.083977 0.986533 -0.140358 19.736099 -0.062343 0.135378 0.988831 -0.783400 0.000000 0.000000 0.000000 1.000000
0.994330 0.090221 0.056286 0.305500 -0.081611 0.986782 -0.140005 19.736099 -0.068173 0.134618 0.988550 -0.783400 0.000000 0.000000 0.000000 1.000000
0.994054 0.091346 0.059269 0.305500 -0.082434 0.986928 -0.138483 19.736099 -0.071144 0.132774 0.988590 -0.783400 0.000000 0.000000 0.000000 1.000000
0.993751 0.094398 0.059565 0.305500 -0.085553 0.986908 -0.136720 19.736099 -0.071691 0.130770 0.988817 -0.783400 0.000000 0.000000 0.000000 1.000000
0.993536 0.097795 0.057631 0.305500 -0.089178 0.986581 -0.136767 19.736099 -0.070233 0.130743 0.988925 -0.783400 0.000000 0.000000 0.000000 1.000000
0.993443 0.100838 0.053877 0.305500 -0.092541 0.985961 -0.138986 19.736099 -0.067136 0.133089 0.988828 -0.783400 0.000000 0.000000 0.000000 1.000000
0.993455 0.102992 0.049385 0.305500 -0.095013 0.985131 -0.143143 19.736099 -0.063394 0.137514 0.988469 -0.783400 0.000000 0.000000 0.000000 1.000000
0.993441 0.104516 0.046384 0.305500 -0.096639 0.984252 -0.148019 19.736099 -0.061124 0.142566 0.987896 -0.783400 0.000000 0.000000 0.000000 1.000000
0.993177 0.106261 0.048034 0.305500 -0.097816 0.983383 -0.152935 19.736099 -0.063487 0.147193 0.987068 -0.783400 0.000000 0.000000 0.000000 1.000000
0.992651 0.108563 0.053464 0.305500 -0.098985 0.982569 -0.157355 19.736099 -0.069615 0.150906 0.986094 -0.783400 0.000000 0.000000 0.000000 1.000000
0.991894 0.111403 0.061116 0.305500 -0.100321 0.981775 -0.161414 19.736099 -0.077984 0.153974 0.984993 -0.783400 0.000000 0.000000 0.000000 1.000000
0.990706 0.116655 0.069950 0.305500 -0.103744 0.980640 -0.166077 19.736099 -0.087969 0.157276 0.983629 -0.783400 0.000000 0.000000 0.000000 1.000000
0.989298 0.124383 0.076273 0.305500 -0.109777 0.978882 -0.172453 19.736099 -0.096112 0.162234 0.982060 -0.783400 0.000000 0.000000 0.000000 1.000000
0.988247 0.130847 0.079037 0.305500 -0.115130 0.977223 -0.178269 19.736099 -0.100562 0.167074 0.980802 -0.783400 0.000000 0.000000 0.000000 1.000000
0.987797 0.133742 0.079816 0.305500 -0.117585 0.976442 -0.180930 19.736099 -0.102134 0.169337 0.980252 -0.783400 0.000000 0.000000 0.000000 1.000000
0.988178 0.132175 0.077678 0.305500 -0.116359 0.976510 -0.181351 19.736099 -0.099824 0.170168 0.980346 -0.783400 0.000000 0.000000 0.000000 1.000000
0.989093 0.127882 0.073090 0.305500 -0.112945 0.976985 -0.180952 19.736099 -0.094548 0.170724 0.980772 -0.783400 0.000000 0.000000 0.000000 1.000000
0.990277 0.122082 0.066689 0.305500 -0.108593 0.978038 -0.177902 19.736099 -0.086943 0.168931 0.981786 -0.783400 0.000000 0.000000 0.000000 1.000000
0.991752 0.114400 0.057805 0.305500 -0.103118 0.979986 -0.170278 19.736099 -0.076128 0.162912 0.983699 -0.783400 0.000000 0.000000 0.000000 1.000000
0.993217 0.105870 0.048070 0.305500 -0.096923 0.982237 -0.160676 19.736099 -0.064227 0.154927 0.985836 -0.783400 0.000000 0.000000 0.000000 1.000000
0.994583 0.096758 0.037986 0.305500 -0.090158 0.984860 -0.148061 19.736099 -0.051737 0.143834 0.988248 -0.783400 0.000000 0.000000 0.000000 1.000000
0.995826 0.086993 0.027605 0.305500 -0.082666 0.987911 -0.131143 19.736099 -0.038680 0.128313 0.990979 -0.783400 0.000000 0.000000 0.000000 1.000000</float_array><technique_common><accessor source="#mixamorig_Spine1-Matrix-animation-output-transform-array" count="34" stride="16"><param type="float4x4"/></accessor></technique_common></source><source id="mixamorig_Spine1-Interpolations"><Name_array id="mixamorig_Spine1-Interpolations-array" count="34">
 LINEAR LINEAR LINEAR LINEAR LINEAR LINEAR LINEAR LINEAR LINEAR LINEAR LINEAR
LINEAR LINEAR LINEAR LINEAR LINEAR LINEAR LINEAR LINEAR LINEAR LINEAR LINEAR LINEAR
LINEAR LINEAR LINEAR LINEAR LINEAR LINEAR LINEAR LINEAR LINEAR LINEAR LINEAR</Name_array><technique_common><accessor source="#mixamorig_Spine1-Interpolations-array" count="34"><param type="name"/></accessor></technique_common></source><sampler id="mixamorig_Spine1-Matrix-animation-transform"><input semantic="INPUT" source="#mixamorig_Spine1-Matrix-animation-input"/><input semantic="OUTPUT" source="#mixamorig_Spine1-Matrix-animation-output-transform"/><input semantic="INTERPOLATION" source="#mixamorig_Spine1-Interpolations"/></sampler><channel source="#mixamorig_Spine1-Matrix-animation-transform" target="mixamorig_Spine1/matrix"/></animation>
    <animation id="mixamorig_Spine2-anim" name="mixamorig_Spine2"><source id="mixamorig_Spine2-Matrix-animation-input"><float_array id="mixamorig_Spine2-Matrix-animation-input-array" count="34">

0.000000 0.033333 0.066667 0.100000 0.133333 0.166667 0.200000 0.233333 0.266667 0.300000 0.333333 0.366667 0.400000 0.433333 0.466667 0.500000
0.533333 0.566667 0.600000 0.633333 0.666667 0.700000 0.733333 0.766667 0.800000 0.833333 0.866667 0.900000 0.933333 0.966667 1.000000 1.033333
1.066667 1.100000</float_array><technique_common><accessor source="#mixamorig_Spine2-Matrix-animation-input-array" count="34"><param name="TIME" type="float"/></accessor></technique_common></source><source id="mixamorig_Spine2-Matrix-animation-output-transform"><float_array id="mixamorig_Spine2-Matrix-animation-output-transform-array" count="544">

0.998846 -0.035501 0.032362 0.152700 0.033908 0.998248 0.048490 25.612801 -0.034026 -0.047337 0.998299 -0.124700 0.000000 0.000000 0.000000 1.000000
0.998925 -0.035973 0.029230 0.152700 0.034593 0.998322 0.046445 25.612801 -0.030851 -0.045384 0.998493 -0.124700 0.000000 0.000000 0.000000 1.000000
0.998997 -0.036463 0.025987 0.152700 0.035285 0.998389 0.044424 25.612801 -0.027565 -0.043463 0.998675 -0.124700 0.000000 0.000000 0.000000 1.000000
0.999056 -0.036936 0.022854 0.152700 0.035944 0.998455 0.042375 25.612801 -0.024384 -0.041514 0.998840 -0.124700 0.000000 0.000000 0.000000 1.000000
0.999116 -0.036929 0.020105 0.152700 0.036099 0.998539 0.040211 25.612801 -0.021561 -0.039449 0.998989 -0.124700 0.000000 0.000000 0.000000 1.000000
0.999213 -0.035132 0.018437 0.152700 0.034418 0.998696 0.037705 25.612801 -0.019737 -0.037041 0.999119 -0.124700 0.000000 0.000000 0.000000 1.000000
0.999335 -0.030461 0.020028 0.152700 0.029753 0.998953 0.034754 25.612801 -0.021066 -0.034135 0.999195 -0.124700 0.000000 0.000000 0.000000 1.000000
0.999391 -0.025781 0.023528 0.152700 0.024993 0.999135 0.033228 25.612801 -0.024364 -0.032619 0.999171 -0.124700 0.000000 0.000000 0.000000 1.000000
0.999303 -0.023705 0.028843 0.152700 0.022700 0.999140 0.034693 25.612801 -0.029641 -0.034014 0.998982 -0.124700 0.000000 0.000000 0.000000 1.000000
0.999065 -0.024509 0.035604 0.152700 0.023175 0.999031 0.037414 25.612801 -0.036486 -0.036554 0.998665 -0.124700 0.000000 0.000000 0.000000 1.000000
0.998755 -0.026600 0.042193 0.152700 0.024954 0.998925 0.039063 25.612801 -0.043186 -0.037962 0.998346 -0.124700 0.000000 0.000000 0.000000 1.000000
0.998364 -0.029356 0.049066 0.152700 0.027430 0.998844 0.039466 25.612801 -0.050168 -0.038056 0.998016 -0.124700 0.000000 0.000000 0.000000 1.000000
0.997909 -0.032064 0.056113 0.152700 0.029866 0.998770 0.039588 25.612801 -0.057313 -0.037829 0.997639 -0.124700 0.000000 0.000000 0.000000 1.000000
0.997482 -0.033872 0.062311 0.152700 0.031405 0.998700 0.040159 25.612801 -0.063590 -0.038101 0.997249 -0.124700 0.000000 0.000000 0.000000 1.000000
0.997324 -0.032788 0.065340 0.152700 0.030096 0.998674 0.041778 25.612801 -0.066623 -0.039700 0.996988 -0.124700 0.000000 0.000000 0.000000 1.000000
0.997401 -0.029612 0.065686 0.152700 0.026784 0.998694 0.043519 25.612801 -0.066889 -0.041646 0.996891 -0.124700 0.000000 0.000000 0.000000 1.000000
0.997626 -0.026040 0.063759 0.152700 0.023298 0.998787 0.043380 25.612801 -0.064812 -0.041791 0.997022 -0.124700 0.000000 0.000000 0.000000 1.000000
0.997941 -0.022852 0.059935 0.152700 0.020410 0.998949 0.041046 25.612801 -0.060810 -0.039738 0.997358 -0.124700 0.000000 0.000000 0.000000 1.000000
0.998258 -0.020692 0.055260 0.152700 0.018671 0.999146 0.036848 25.612801 -0.055976 -0.035752 0.997792 -0.124700 0.000000 0.000000 0.000000 1.000000
0.998459 -0.019307 0.052028 0.152700 0.017655 0.999331 0.032037 25.612801 -0.052611 -0.031069 0.998132 -0.124700 0.000000 0.000000 0.000000 1.000000
0.998408 -0.017909 0.053480 0.152700 0.016459 0.999488 0.027431 25.612801 -0.053944 -0.026508 0.998192 -0.124700 0.000000 0.000000 0.000000 1.000000
0.998141 -0.016071 0.058793 0.152700 0.014708 0.999615 0.023547 25.612801 -0.059148 -0.022638 0.997992 -0.124700 0.000000 0.000000 0.000000 1.000000
0.997697 -0.013756 0.066415 0.152700 0.012442 0.999719 0.020159 25.612801 -0.066674 -0.019286 0.997588 -0.124700 0.000000 0.000000 0.000000 1.000000
0.997107 -0.009126 0.075461 0.152700 0.007929 0.999838 0.016144 25.612801 -0.075596 -0.015499 0.997018 -0.124700 0.000000 0.000000 0.000000 1.000000
0.996596 -0.001832 0.082419 0.152700 0.001013 0.999950 0.009984 25.612801 -0.082433 -0.009867 0.996548 -0.124700 0.000000 0.000000 0.000000 1.000000
0.996283 0.004595 0.086017 0.152700 -0.004947 0.999980 0.003880 25.612801 -0.085998 -0.004291 0.996286 -0.124700 0.000000 0.000000 0.000000 1.000000
0.996140 0.007704 0.087443 0.152700 -0.007794 0.999969 0.000689 25.612801 -0.087436 -0.001368 0.996169 -0.124700 0.000000 0.000000 0.000000 1.000000
0.996299 0.006690 0.085695 0.152700 -0.006683 0.999978 -0.000369 25.612801 -0.085696 -0.000205 0.996321 -0.124700 0.000000 0.000000 0.000000 1.000000
0.996677 0.003116 0.081391 0.152700 -0.003091 0.999995 -0.000433 25.612801 -0.081392 0.000180 0.996682 -0.124700 0.000000 0.000000 0.000000 1.000000
0.997141 -0.002484 0.075519 0.152700 0.002218 0.999991 0.003605 25.612801 -0.075527 -0.003427 0.997138 -0.124700 0.000000 0.000000 0.000000 1.000000
0.997597 -0.011441 0.068325 0.152700 0.010344 0.999812 0.016395 25.612801 -0.068500 -0.015649 0.997528 -0.124700 0.000000 0.000000 0.000000 1.000000
0.997881 -0.022071 0.061205 0.152700 0.020022 0.999225 0.033886 25.612801 -0.061905 -0.032589 0.997550 -0.124700 0.000000 0.000000 0.000000 1.000000
0.998254 -0.030925 0.050325 0.152700 0.028570 0.998492 0.046869 25.612801 -0.051699 -0.045349 0.997633 -0.124700 0.000000 0.000000 0.000000 1.000000
0.998831 -0.035870 0.032417 0.152700 0.034275 0.998235 0.048501 25.612801 -0.034100 -0.047334 0.998297 -0.124700 0.000000 0.000000 0.000000 1.000000</float_array><technique_common><accessor source="#mixamorig_Spine2-Matrix-animation-output-transform-array" count="34" stride="16"><param type="float4x4"/></accessor></technique_common></source><source id="mixamorig_Spine2-Interpolations"><Name_array id="mixamorig_Spine2-Interpolations-array" count="34">
 LINEAR LINEAR LINEAR LINEAR LINEAR LINEAR LINEAR LINEAR LINEAR LINEAR LINEAR
LINEAR LINEAR LINEAR LINEAR LINEAR LINEAR LINEAR LINEAR LINEAR LINEAR LINEAR LINEAR
LINEAR LINEAR LINEAR LINEAR LINEAR LINEAR LINEAR LINEAR LINEAR LINEAR LINEAR</Name_array><technique_common><accessor source="#mixamorig_Spine2-Interpolations-array" count="34"><param type="name"/></accessor></technique_common></source><sampler id="mixamorig_Spine2-Matrix-animation-transform"><input semantic="INPUT" source="#mixamorig_Spine2-Matrix-animation-input"/><input semantic="OUTPUT" source="#mixamorig_Spine2-Matrix-animation-output-transform"/><input semantic="INTERPOLATION" source="#mixamorig_Spine2-Interpolations"/></sampler><channel source="#mixamorig_Spine2-Matrix-animation-transform" target="mixamorig_Spine2/matrix"/></animation>
    <animation id="mixamorig_Neck-anim" name="mixamorig_Neck"><source id="mixamorig_Neck-Matrix-animation-input"><float_array id="mixamorig_Neck-Matrix-animation-input-array" count="34">

0.000000 0.033333 0.066667 0.100000 0.133333 0.166667 0.200000 0.233333 0.266667 0.300000 0.333333 0.366667 0.400000 0.433333 0.466667 0.500000
0.533333 0.566667 0.600000 0.633333 0.666667 0.700000 0.733333 0.766667 0.800000 0.833333 0.866667 0.900000 0.933333 0.966667 1.000000 1.033333
1.066667 1.100000</float_array><technique_common><accessor source="#mixamorig_Neck-Matrix-animation-input-array" count="34"><param name="TIME" type="float"/></accessor></technique_common></source><source id="mixamorig_Neck-Matrix-animation-output-transform"><float_array id="mixamorig_Neck-Matrix-animation-output-transform-array" count="544">

0.952542 0.208390 0.221894 0.879800 -0.235221 0.966574 0.102003 30.689800 -0.193221 -0.149356 0.969721 2.800200 0.000000 0.000000 0.000000 1.000000
0.945742 0.238164 0.221020 0.879800 -0.264572 0.959338 0.098349 30.689800 -0.188610 -0.151488 0.970298 2.800200 0.000000 0.000000 0.000000 1.000000
0.938687 0.261410 0.224793 0.879800 -0.289349 0.951841 0.101368 30.689800 -0.187469 -0.160197 0.969119 2.800200 0.000000 0.000000 0.000000 1.000000
0.932523 0.282200 0.225309 0.879800 -0.308552 0.946831 0.091145 30.689800 -0.187608 -0.154515 0.970015 2.800200 0.000000 0.000000 0.000000 1.000000
0.928932 0.292495 0.227008 0.879800 -0.318949 0.943543 0.089428 30.689800 -0.188035 -0.155477 0.969778 2.800200 0.000000 0.000000 0.000000 1.000000
0.927608 0.295041 0.229115 0.879800 -0.322992 0.941608 0.095133 30.689800 -0.187669 -0.162249 0.968739 2.800200 0.000000 0.000000 0.000000 1.000000
0.930902 0.287591 0.225196 0.879800 -0.315340 0.943892 0.098120 30.689800 -0.184342 -0.162354 0.969360 2.800200 0.000000 0.000000 0.000000 1.000000
0.938557 0.267859 0.217627 0.879800 -0.295930 0.949071 0.108117 30.689800 -0.177583 -0.165876 0.970025 2.800200 0.000000 0.000000 0.000000 1.000000
0.948288 0.238151 0.209843 0.879800 -0.267331 0.955657 0.123503 30.689800 -0.171126 -0.173214 0.969904 2.800200 0.000000 0.000000 0.000000 1.000000
0.957020 0.212181 0.197716 0.879800 -0.240175 0.961958 0.130205 30.689800 -0.162567 -0.172095 0.971573 2.800200 0.000000 0.000000 0.000000 1.000000
0.964849 0.187216 0.184436 0.879800 -0.213735 0.967351 0.136193 30.689800 -0.152917 -0.170826 0.973363 2.800200 0.000000 0.000000 0.000000 1.000000
0.971318 0.163185 0.172949 0.879800 -0.188441 0.971862 0.141328 30.689800 -0.145020 -0.169865 0.974738 2.800200 0.000000 0.000000 0.000000 1.000000
0.976308 0.141201 0.163968 0.879800 -0.165614 0.975288 0.146240 30.689800 -0.139267 -0.169930 0.975566 2.800200 0.000000 0.000000 0.000000 1.000000
0.979473 0.124210 0.158759 0.879800 -0.148460 0.977271 0.151332 30.689800 -0.136354 -0.171795 0.975651 2.800200 0.000000 0.000000 0.000000 1.000000
0.979364 0.119904 0.162693 0.879800 -0.145653 0.976819 0.156878 30.689800 -0.140112 -0.177338 0.974125 2.800200 0.000000 0.000000 0.000000 1.000000
0.977125 0.124039 0.172748 0.879800 -0.152434 0.974913 0.162202 30.689800 -0.148295 -0.184824 0.971519 2.800200 0.000000 0.000000 0.000000 1.000000
0.973335 0.135262 0.185267 0.879800 -0.166685 0.971915 0.166123 30.689800 -0.157594 -0.192575 0.968545 2.800200 0.000000 0.000000 0.000000 1.000000
0.969908 0.146193 0.194693 0.879800 -0.179950 0.969087 0.168783 30.689800 -0.164000 -0.198739 0.966233 2.800200 0.000000 0.000000 0.000000 1.000000
0.966227 0.158696 0.203028 0.879800 -0.194860 0.965513 0.172669 30.689800 -0.168624 -0.206400 0.963828 2.800200 0.000000 0.000000 0.000000 1.000000
0.961943 0.174244 0.210488 0.879800 -0.213082 0.960566 0.178629 30.689800 -0.171063 -0.216682 0.961138 2.800200 0.000000 0.000000 0.000000 1.000000
0.958300 0.189776 0.213649 0.879800 -0.230545 0.955192 0.185625 30.689800 -0.168849 -0.227140 0.959113 2.800200 0.000000 0.000000 0.000000 1.000000
0.956157 0.199957 0.213967 0.879800 -0.241005 0.952338 0.187000 30.689800 -0.166377 -0.230368 0.958775 2.800200 0.000000 0.000000 0.000000 1.000000
0.952151 0.215704 0.216517 0.879800 -0.256368 0.949367 0.181597 30.689800 -0.166383 -0.228416 0.959241 2.800200 0.000000 0.000000 0.000000 1.000000
0.947532 0.232293 0.219598 0.879800 -0.271091 0.947965 0.166948 30.689800 -0.169390 -0.217720 0.961200 2.800200 0.000000 0.000000 0.000000 1.000000
0.947284 0.235024 0.217754 0.879800 -0.270051 0.951416 0.147918 30.689800 -0.172410 -0.198925 0.964730 2.800200 0.000000 0.000000 0.000000 1.000000
0.947730 0.235680 0.215086 0.879800 -0.267049 0.954811 0.130461 30.689800 -0.174620 -0.181080 0.967842 2.800200 0.000000 0.000000 0.000000 1.000000
0.949433 0.231872 0.211689 0.879800 -0.260757 0.957880 0.120297 30.689800 -0.174879 -0.169414 0.969905 2.800200 0.000000 0.000000 0.000000 1.000000
0.951937 0.223715 0.209205 0.879800 -0.251296 0.960951 0.115862 30.689800 -0.175115 -0.162866 0.970984 2.800200 0.000000 0.000000 0.000000 1.000000
0.954496 0.213534 0.208184 0.879800 -0.240303 0.964114 0.112865 30.689800 -0.176613 -0.157757 0.971556 2.800200 0.000000 0.000000 0.000000 1.000000
0.955870 0.206460 0.209012 0.879800 -0.232821 0.966243 0.110310 30.689800 -0.179182 -0.154104 0.971672 2.800200 0.000000 0.000000 0.000000 1.000000
0.955706 0.204403 0.211766 0.879800 -0.230737 0.967011 0.107934 30.689800 -0.182718 -0.152015 0.971342 2.800200 0.000000 0.000000 0.000000 1.000000
0.954916 0.204710 0.215009 0.879800 -0.231157 0.967145 0.105816 30.689800 -0.186283 -0.150746 0.970863 2.800200 0.000000 0.000000 0.000000 1.000000
0.953849 0.206084 0.218408 0.879800 -0.232709 0.966982 0.103887 30.689800 -0.189787 -0.149918 0.970312 2.800200 0.000000 0.000000 0.000000 1.000000
0.952571 0.208279 0.221874 0.879800 -0.235107 0.966601 0.102011 30.689800 -0.193217 -0.149336 0.969725 2.800200 0.000000 0.000000 0.000000 1.000000</float_array><technique_common><accessor source="#mixamorig_Neck-Matrix-animation-output-transform-array" count="34" stride="16"><param type="float4x4"/></accessor></technique_common></source><source id="mixamorig_Neck-Interpolations"><Name_array id="mixamorig_Neck-Interpolations-array" count="34">
 LINEAR LINEAR LINEAR LINEAR LINEAR LINEAR LINEAR LINEAR LINEAR LINEAR LINEAR
LINEAR LINEAR LINEAR LINEAR LINEAR LINEAR LINEAR LINEAR LINEAR LINEAR LINEAR LINEAR
LINEAR LINEAR LINEAR LINEAR LINEAR LINEAR LINEAR LINEAR LINEAR LINEAR LINEAR</Name_array><technique_common><accessor source="#mixamorig_Neck-Interpolations-array" count="34"><param type="name"/></accessor></technique_common></source><sampler id="mixamorig_Neck-Matrix-animation-transform"><input semantic="INPUT" source="#mixamorig_Neck-Matrix-animation-input"/><input semantic="OUTPUT" source="#mixamorig_Neck-Matrix-animation-output-transform"/><input semantic="INTERPOLATION" source="#mixamorig_Neck-Interpolations"/></sampler><channel source="#mixamorig_Neck-Matrix-animation-transform" target="mixamorig_Neck/matrix"/></animation>
    <animation id="mixamorig_Head-anim" name="mixamorig_Head"><source id="mixamorig_Head-Matrix-animation-input"><float_array id="mixamorig_Head-Matrix-animation-input-array" count="34">

0.000000 0.033333 0.066667 0.100000 0.133333 0.166667 0.200000 0.233333 0.266667 0.300000 0.333333 0.366667 0.400000 0.433333 0.466667 0.500000
0.533333 0.566667 0.600000 0.633333 0.666667 0.700000 0.733333 0.766667 0.800000 0.833333 0.866667 0.900000 0.933333 0.966667 1.000000 1.033333
1.066667 1.100000</float_array><technique_common><accessor source="#mixamorig_Head-Matrix-animation-input-array" count="34"><param name="TIME" type="float"/></accessor></technique_common></source><source id="mixamorig_Head-Matrix-animation-output-transform"><float_array id="mixamorig_Head-Matrix-animation-output-transform-array" count="544">

0.989501 -0.017399 0.143474 0.154400 -0.077545 0.773814 0.628648 19.089399 -0.121960 -0.633174 0.764341 6.327400 0.000000 0.000000 0.000000 1.000000
0.991549 -0.029827 0.126256 0.154400 -0.057229 0.772833 0.632023 19.089399 -0.116426 -0.633908 0.764595 6.327400 0.000000 0.000000 0.000000 1.000000
0.992537 -0.041046 0.114826 0.154400 -0.040746 0.775891 0.629550 19.089399 -0.114933 -0.629530 0.768428 6.327400 0.000000 0.000000 0.000000 1.000000
0.992860 -0.050352 0.108141 0.154400 -0.030435 0.769620 0.637777 19.089399 -0.115341 -0.636514 0.762592 6.327400 0.000000 0.000000 0.000000 1.000000
0.992818 -0.057576 0.104868 0.154400 -0.022903 0.768887 0.638974 19.089399 -0.117421 -0.636787 0.762047 6.327400 0.000000 0.000000 0.000000 1.000000
0.992720 -0.064495 0.101726 0.154400 -0.014691 0.773423 0.633721 19.089399 -0.119549 -0.630601 0.766844 6.327400 0.000000 0.000000 0.000000 1.000000
0.992685 -0.071418 0.097342 0.154400 -0.006021 0.775983 0.630725 19.089399 -0.120581 -0.626698 0.769877 6.327400 0.000000 0.000000 0.000000 1.000000
0.993181 -0.066771 0.095566 0.154400 -0.006993 0.784140 0.620544 19.089399 -0.116372 -0.616981 0.778327 6.327400 0.000000 0.000000 0.000000 1.000000
0.993407 -0.056570 0.099707 0.154400 -0.014870 0.798829 0.601374 19.089399 -0.113668 -0.598892 0.792722 6.327400 0.000000 0.000000 0.000000 1.000000
0.993780 -0.049563 0.099722 0.154400 -0.018863 0.807631 0.589387 19.089399 -0.109751 -0.587602 0.801673 6.327400 0.000000 0.000000 0.000000 1.000000
0.994284 -0.041537 0.098354 0.154400 -0.023209 0.815098 0.578858 19.089399 -0.104212 -0.577833 0.809475 6.327400 0.000000 0.000000 0.000000 1.000000
0.994505 -0.029199 0.100533 0.154400 -0.033474 0.821207 0.569648 19.089399 -0.099192 -0.569883 0.815717 6.327400 0.000000 0.000000 0.000000 1.000000
0.994313 -0.014737 0.105470 0.154400 -0.047256 0.826475 0.560987 19.089399 -0.095436 -0.562781 0.821078 6.327400 0.000000 0.000000 0.000000 1.000000
0.993791 -0.003312 0.111215 0.154400 -0.059161 0.830817 0.553393 19.089399 -0.094233 -0.556537 0.825462 6.327400 0.000000 0.000000 0.000000 1.000000
0.993131 -0.002701 0.116973 0.154400 -0.062491 0.832957 0.549798 19.089399 -0.098919 -0.553332 0.827067 6.327400 0.000000 0.000000 0.000000 1.000000
0.992388 -0.009176 0.122811 0.154400 -0.060305 0.833279 0.549553 19.089399 -0.107379 -0.552776 0.826383 6.327400 0.000000 0.000000 0.000000 1.000000
0.991790 -0.020705 0.126188 0.154400 -0.052750 0.832685 0.551229 19.089399 -0.116488 -0.553360 0.824757 6.327400 0.000000 0.000000 0.000000 1.000000
0.991562 -0.031679 0.125701 0.154400 -0.043558 0.831876 0.553249 19.089399 -0.122094 -0.554056 0.823477 6.327400 0.000000 0.000000 0.000000 1.000000
0.991514 -0.042838 0.122738 0.154400 -0.032638 0.831875 0.554003 19.089399 -0.125835 -0.553307 0.823418 6.327400 0.000000 0.000000 0.000000 1.000000
0.991639 -0.054606 0.116919 0.154400 -0.019246 0.833335 0.552433 19.089399 -0.127599 -0.550064 0.825317 6.327400 0.000000 0.000000 0.000000 1.000000
0.992131 -0.064844 0.107100 0.154400 -0.004411 0.836793 0.547502 19.089399 -0.125123 -0.543666 0.829923 6.327400 0.000000 0.000000 0.000000 1.000000
0.992420 -0.074901 0.097426 0.154400 0.009713 0.838118 0.545403 19.089399 -0.122505 -0.540322 0.832493 6.327400 0.000000 0.000000 0.000000 1.000000
0.991813 -0.095539 0.084727 0.154400 0.033657 0.835625 0.548269 19.089399 -0.123181 -0.540928 0.831999 6.327400 0.000000 0.000000 0.000000 1.000000
0.990314 -0.118836 0.071802 0.154400 0.059108 0.828784 0.556438 19.089399 -0.125633 -0.546804 0.827781 6.327400 0.000000 0.000000 0.000000 1.000000
