<?xml version="1.0" encoding="utf-8"?>
<COLLADA xmlns="http://www.collada.org/2005/11/COLLADASchema" version="1.4.1">
  <asset><contributor><author>Mixamo</author><authoring_tool>COLLADA Mixamo exporter</authoring_tool><comments></comments></contributor><created>2018-02-10T11:47:36Z</created><modified>2018-02-10T11:47:36Z</modified><revision></revision><title></title><unit meter="0.010000"/><up_axis>Y_UP</up_axis></asset>
  <library_animations>
    <animation id="mixamorig_Hips-anim" name="mixamorig_Hips"><source id="mixamorig_Hips-Matrix-animation-input"><float_array id="mixamorig_Hips-Matrix-animation-input-array" count="36">

0.000000 0.033333 0.066667 0.100000 0.133333 0.166667 0.200000 0.233333 0.266667 0.300000 0.333333 0.366667 0.400000 0.433333 0.466667 0.500000
0.533333 0.566667 0.600000 0.633333 0.666667 0.700000 0.733333 0.766667 0.800000 0.833333 0.866667 0.900000 0.933333 0.966667 1.000000 1.033333
1.066667 1.100000 1.133333 1.166667</float_array><technique_common><accessor source="#mixamorig_Hips-Matrix-animation-input-array" count="36"><param name="TIME" type="float"/></accessor></technique_common></source><source id="mixamorig_Hips-Matrix-animation-output-transform"><float_array id="mixamorig_Hips-Matrix-animation-output-transform-array" count="576">

0.884756 -0.155274 -0.439429 0.955568 -0.093040 0.865042 -0.492996 167.345520 0.456674 0.477066 0.750904 -2.847646 0.000000 0.000000 0.000000 1.000000
0.889407 -0.158873 -0.428618 0.310774 -0.086452 0.862275 -0.499007 168.614014 0.448866 0.480875 0.753179 -10.848441 0.000000 0.000000 0.000000 1.000000
0.894323 -0.159595 -0.417991 -0.183033 -0.082034 0.859894 -0.503838 169.625900 0.439838 0.484883 0.755930 -18.672096 0.000000 0.000000 0.000000 1.000000
0.899598 -0.149267 -0.410419 -0.085987 -0.087177 0.859484 -0.503674 169.746124 0.427930 0.488883 0.760177 -25.820999 0.000000 0.000000 0.000000 1.000000
0.902253 -0.134993 -0.409531 0.192800 -0.097530 0.861236 -0.498759 169.192245 0.420032 0.489949 0.763887 -32.875668 0.000000 0.000000 0.000000 1.000000
0.906548 -0.119401 -0.404863 0.666636 -0.104268 0.866089 -0.488895 167.763641 0.409022 0.485420 0.772702 -40.051315 0.000000 0.000000 0.000000 1.000000
0.915092 -0.106860 -0.388828 1.449564 -0.100977 0.872803 -0.477514 166.052414 0.390397 0.476232 0.787904 -47.670673 0.000000 0.000000 0.000000 1.000000
0.924503 -0.098122 -0.368328 2.354761 -0.092237 0.879993 -0.465944 164.501190 0.369846 0.464740 0.804506 -55.519337 0.000000 0.000000 0.000000 1.000000
0.933381 -0.095073 -0.346066 3.480362 -0.078495 0.886846 -0.455349 163.404251 0.350198 0.452178 0.820303 -63.729958 0.000000 0.000000 0.000000 1.000000
0.940826 -0.096706 -0.324799 4.925147 -0.062585 0.892353 -0.446977 162.780624 0.333061 0.440855 0.833497 -72.372215 0.000000 0.000000 0.000000 1.000000
0.944709 -0.102323 -0.311536 6.886125 -0.049663 0.894460 -0.444382 163.020889 0.324127 0.435283 0.839923 -81.714294 0.000000 0.000000 0.000000 1.000000
0.942857 -0.109389 -0.314731 9.483117 -0.047962 0.890181 -0.453076 164.418579 0.329729 0.442280 0.834067 -91.746498 0.000000 0.000000 0.000000 1.000000
0.938064 -0.116886 -0.326149 12.366638 -0.052691 0.882290 -0.467747 166.323151 0.342432 0.455962 0.821486 -102.022430 0.000000 0.000000 0.000000 1.000000
0.931710 -0.126183 -0.340580 15.258805 -0.058892 0.872817 -0.484481 168.258789 0.358398 0.471453 0.805781 -112.126030 0.000000 0.000000 0.000000 1.000000
0.923679 -0.137511 -0.357643 17.793396 -0.064489 0.864278 -0.498864 169.756195 0.377702 0.483854 0.789447 -121.608643 0.000000 0.000000 0.000000 1.000000
0.914817 -0.149912 -0.375016 20.107197 -0.069786 0.855913 -0.512389 170.942307 0.397794 0.494913 0.772542 -130.638474 0.000000 0.000000 0.000000 1.000000
0.905637 -0.161393 -0.392140 22.078896 -0.076361 0.847557 -0.525182 171.762314 0.417121 0.505569 0.755255 -139.112823 0.000000 0.000000 0.000000 1.000000
0.896449 -0.170801 -0.408908 23.768116 -0.085012 0.839316 -0.536956 172.425278 0.434915 0.516116 0.737884 -147.333618 0.000000 0.000000 0.000000 1.000000
0.887003 -0.179168 -0.425587 24.917351 -0.095020 0.831111 -0.547929 172.756714 0.451881 0.526454 0.720173 -155.133652 0.000000 0.000000 0.000000 1.000000
0.877544 -0.188164 -0.441034 25.515823 -0.103275 0.824029 -0.557056 172.599777 0.468242 0.534388 0.703689 -162.447205 0.000000 0.000000 0.000000 1.000000
0.869517 -0.196790 -0.453005 25.510284 -0.105245 0.822304 -0.559231 171.763443 0.482559 0.533937 0.694296 -169.244171 0.000000 0.000000 0.000000 1.000000
0.862489 -0.202838 -0.463648 25.128826 -0.105400 0.824076 -0.556588 170.308060 0.494978 0.528919 0.689377 -176.076202 0.000000 0.000000 0.000000 1.000000
0.857119 -0.205807 -0.472219 24.468500 -0.103286 0.829437 -0.548968 168.351135 0.504657 0.519305 0.689669 -183.359192 0.000000 0.000000 0.000000 1.000000
0.852975 -0.207259 -0.479038 23.675318 -0.098864 0.837014 -0.538177 166.226288 0.512503 0.506411 0.693461 -191.123047 0.000000 0.000000 0.000000 1.000000
0.846247 -0.208225 -0.490417 22.729729 -0.098003 0.843927 -0.527431 164.130737 0.523700 0.494399 0.693764 -199.361694 0.000000 0.000000 0.000000 1.000000
0.837384 -0.208940 -0.505106 21.579132 -0.099558 0.850307 -0.516785 162.140381 0.537472 0.483034 0.691232 -207.996964 0.000000 0.000000 0.000000 1.000000
0.826255 -0.207691 -0.523610 19.956915 -0.105520 0.856023 -0.506053 160.454849 0.553325 0.473380 0.685378 -217.421524 0.000000 0.000000 0.000000 1.000000
0.815438 -0.205795 -0.541026 17.803919 -0.112138 0.860796 -0.496443 159.064392 0.567878 0.465488 0.678849 -227.703918 0.000000 0.000000 0.000000 1.000000
0.814120 -0.200473 -0.544995 15.045288 -0.117675 0.862092 -0.492900 158.586487 0.568649 0.465411 0.678256 -239.062073 0.000000 0.000000 0.000000 1.000000
0.821773 -0.192394 -0.536353 12.123231 -0.121247 0.860679 -0.494501 159.036484 0.556767 0.471398 0.683955 -250.917618 0.000000 0.000000 0.000000 1.000000
0.835865 -0.182040 -0.517872 9.179720 -0.121008 0.859100 -0.497298 160.380661 0.535432 0.478340 0.696063 -263.001740 0.000000 0.000000 0.000000 1.000000
0.851980 -0.171747 -0.494603 6.391570 -0.117235 0.858104 -0.499913 161.993576 0.510280 0.483901 0.710953 -274.841644 0.000000 0.000000 0.000000 1.000000
0.864220 -0.165220 -0.475213 4.483785 -0.110105 0.859535 -0.499076 163.402679 0.490919 0.483634 0.724635 -285.395691 0.000000 0.000000 0.000000 1.000000
0.873599 -0.160752 -0.459329 3.027870 -0.102714 0.861696 -0.496920 164.735794 0.475683 0.481289 0.736265 -295.348236 0.000000 0.000000 0.000000 1.000000
0.880190 -0.157815 -0.447617 1.889727 -0.096775 0.863613 -0.494780 166.063095 0.464651 0.478818 0.744871 -304.930664 0.000000 0.000000 0.000000 1.000000
0.884644 -0.155389 -0.439612 0.950415 -0.093042 0.865042 -0.492996 167.345551 0.456889 0.477028 0.750797 -314.280548 0.000000 0.000000 0.000000 1.000000</float_array><technique_common><accessor source="#mixamorig_Hips-Matrix-animation-output-transform-array" count="36" stride="16"><param type="float4x4"/></accessor></technique_common></source><source id="mixamorig_Hips-Interpolations"><Name_array id="mixamorig_Hips-Interpolations-array" count="36">
 LINEAR LINEAR LINEAR LINEAR LINEAR LINEAR LINEAR LINEAR LINEAR LINEAR LINEAR
LINEAR LINEAR LINEAR LINEAR LINEAR LINEAR LINEAR LINEAR LINEAR LINEAR LINEAR LINEAR
LINEAR LINEAR LINEAR LINEAR LINEAR LINEAR LINEAR LINEAR LINEAR LINEAR LINEAR LINEAR
LINEAR</Name_array><technique_common><accessor source="#mixamorig_Hips-Interpolations-array" count="36"><param type="name"/></accessor></technique_common></source><sampler id="mixamorig_Hips-Matrix-animation-transform"><input semantic="INPUT" source="#mixamorig_Hips-Matrix-animation-input"/><input semantic="OUTPUT" source="#mixamorig_Hips-Matrix-animation-output-transform"/><input semantic="INTERPOLATION" source="#mixamorig_Hips-Interpolations"/></sampler><channel source="#mixamorig_Hips-Matrix-animation-transform" target="mixamorig_Hips/matrix"/></animation>
    <animation id="mixamorig_Spine-anim" name="mixamorig_Spine"><source id="mixamorig_Spine-Matrix-animation-input"><float_array id="mixamorig_Spine-Matrix-animation-input-array" count="36">

0.000000 0.033333 0.066667 0.100000 0.133333 0.166667 0.200000 0.233333 0.266667 0.300000 0.333333 0.366667 0.400000 0.433333 0.466667 0.500000
0.533333 0.566667 0.600000 0.633333 0.666667 0.700000 0.733333 0.766667 0.800000 0.833333 0.866667 0.900000 0.933333 0.966667 1.000000 1.033333
1.066667 1.100000 1.133333 1.166667</float_array><technique_common><accessor source="#mixamorig_Spine-Matrix-animation-input-array" count="36"><param name="TIME" type="float"/></accessor></technique_common></source><source id="mixamorig_Spine-Matrix-animation-output-transform"><float_array id="mixamorig_Spine-Matrix-animation-output-transform-array" count="576">

0.999876 -0.008331 0.013380 -0.057500 0.009013 0.998619 -0.051760 18.534300 -0.012931 0.051875 0.998570 -2.042900 0.000000 0.000000 0.000000 1.000000
0.999896 -0.009675 0.010684 -0.057500 0.010223 0.998568 -0.052506 18.534300 -0.010160 0.052609 0.998563 -2.042900 0.000000 0.000000 0.000000 1.000000
0.999864 -0.014358 0.008074 -0.057500 0.014765 0.998494 -0.052846 18.534300 -0.007303 0.052958 0.998570 -2.042900 0.000000 0.000000 0.000000 1.000000
0.999506 -0.030920 0.005716 -0.057500 0.031176 0.998162 -0.051974 18.534300 -0.004098 0.052127 0.998632 -2.042900 0.000000 0.000000 0.000000 1.000000
0.998890 -0.046707 0.006038 -0.057500 0.046951 0.997645 -0.049993 18.534300 -0.003689 0.050221 0.998731 -2.042900 0.000000 0.000000 0.000000 1.000000
0.998064 -0.061925 0.005759 -0.057500 0.062126 0.996994 -0.046296 18.534300 -0.002875 0.046564 0.998911 -2.042900 0.000000 0.000000 0.000000 1.000000
0.997043 -0.076808 0.002440 -0.057500 0.076842 0.996125 -0.042779 18.534300 0.000855 0.042840 0.999082 -2.042900 0.000000 0.000000 0.000000 1.000000
0.996027 -0.089023 -0.002378 -0.057500 0.088859 0.995251 -0.039741 18.534300 0.005904 0.039372 0.999207 -2.042900 0.000000 0.000000 0.000000 1.000000
0.995308 -0.096450 -0.007658 -0.057500 0.096096 0.994655 -0.037762 18.534300 0.011260 0.036849 0.999257 -2.042900 0.000000 0.000000 0.000000 1.000000
0.994900 -0.100086 -0.012543 -0.057500 0.099568 0.994353 -0.036729 18.534300 0.016148 0.035293 0.999247 -2.042900 0.000000 0.000000 0.000000 1.000000
0.994864 -0.100134 -0.014773 -0.057500 0.099538 0.994356 -0.036730 18.534300 0.018367 0.035070 0.999216 -2.042900 0.000000 0.000000 0.000000 1.000000
0.995070 -0.098225 -0.013668 -0.057500 0.097675 0.994555 -0.036327 18.534300 0.017162 0.034813 0.999246 -2.042900 0.000000 0.000000 0.000000 1.000000
0.995351 -0.095605 -0.011684 -0.057500 0.095139 0.994831 -0.035495 18.534300 0.015017 0.034219 0.999302 -2.042900 0.000000 0.000000 0.000000 1.000000
0.995722 -0.091802 -0.010491 -0.057500 0.091389 0.995211 -0.034687 18.534300 0.013625 0.033580 0.999343 -2.042900 0.000000 0.000000 0.000000 1.000000
0.996079 -0.088142 -0.007595 -0.057500 0.087830 0.995533 -0.034633 18.534300 0.010614 0.033830 0.999371 -2.042900 0.000000 0.000000 0.000000 1.000000
0.996350 -0.085259 -0.004266 -0.057500 0.085061 0.995772 -0.034691 18.534300 0.007205 0.034202 0.999389 -2.042900 0.000000 0.000000 0.000000 1.000000
0.996492 -0.083691 -0.000511 -0.057500 0.083621 0.995877 -0.035174 18.534300 0.003453 0.035008 0.999381 -2.042900 0.000000 0.000000 0.000000 1.000000
0.996594 -0.082376 0.003706 -0.057500 0.082456 0.995937 -0.036210 18.534300 -0.000708 0.036392 0.999337 -2.042900 0.000000 0.000000 0.000000 1.000000
0.996871 -0.078629 0.008113 -0.057500 0.078859 0.996315 -0.033727 18.534300 -0.005431 0.034262 0.999398 -2.042900 0.000000 0.000000 0.000000 1.000000
0.997342 -0.071883 0.011866 -0.057500 0.072174 0.997047 -0.026238 18.534300 -0.009945 0.027025 0.999585 -2.042900 0.000000 0.000000 0.000000 1.000000
0.997945 -0.062497 0.014175 -0.057500 0.062724 0.997899 -0.016238 18.534300 -0.013130 0.017093 0.999768 -2.042900 0.000000 0.000000 0.000000 1.000000
0.998418 -0.053813 0.016267 -0.057500 0.053917 0.998527 -0.006005 18.534300 -0.015920 0.006873 0.999850 -2.042900 0.000000 0.000000 0.000000 1.000000
0.998727 -0.047313 0.017483 -0.057500 0.047308 0.998880 0.000689 18.534300 -0.017496 0.000139 0.999847 -2.042900 0.000000 0.000000 0.000000 1.000000
0.998930 -0.042840 0.017398 -0.057500 0.042791 0.999079 0.003202 18.534300 -0.017519 -0.002455 0.999844 -2.042900 0.000000 0.000000 0.000000 1.000000
0.999065 -0.039263 0.018115 -0.057500 0.039160 0.999215 0.006022 18.534300 -0.018337 -0.005307 0.999818 -2.042900 0.000000 0.000000 0.000000 1.000000
0.999205 -0.034568 0.019836 -0.057500 0.034391 0.999366 0.009192 18.534300 -0.020141 -0.008503 0.999761 -2.042900 0.000000 0.000000 0.000000 1.000000
0.999323 -0.028458 0.023323 -0.057500 0.028182 0.999530 0.012083 18.534300 -0.023656 -0.011418 0.999655 -2.042900 0.000000 0.000000 0.000000 1.000000
0.999429 -0.020533 0.026843 -0.057500 0.020153 0.999694 0.014363 18.534300 -0.027130 -0.013814 0.999536 -2.042900 0.000000 0.000000 0.000000 1.000000
0.999458 -0.017982 0.027570 -0.057500 0.017561 0.999727 0.015433 18.534300 -0.027840 -0.014941 0.999501 -2.042900 0.000000 0.000000 0.000000 1.000000
0.999483 -0.019711 0.025417 -0.057500 0.019384 0.999727 0.013072 18.534300 -0.025667 -0.012573 0.999591 -2.042900 0.000000 0.000000 0.000000 1.000000
0.999566 -0.020215 0.021427 -0.057500 0.020132 0.999789 0.004053 18.534300 -0.021504 -0.003620 0.999762 -2.042900 0.000000 0.000000 0.000000 1.000000
0.999629 -0.020739 0.017667 -0.057500 0.020868 0.999757 -0.007121 18.534300 -0.017515 0.007487 0.999819 -2.042900 0.000000 0.000000 0.000000 1.000000
0.999667 -0.020767 0.015328 -0.057500 0.021035 0.999624 -0.017572 18.534300 -0.014957 0.017889 0.999728 -2.042900 0.000000 0.000000 0.000000 1.000000
0.999723 -0.019129 0.013700 -0.057500 0.019509 0.999413 -0.028169 18.534300 -0.013153 0.028428 0.999509 -2.042900 0.000000 0.000000 0.000000 1.000000
0.999809 -0.014665 0.012933 -0.057500 0.015167 0.999101 -0.039587 18.534300 -0.012341 0.039775 0.999132 -2.042900 0.000000 0.000000 0.000000 1.000000
0.999876 -0.008328 0.013381 -0.057500 0.009011 0.998619 -0.051765 18.534300 -0.012932 0.051879 0.998570 -2.042900 0.000000 0.000000 0.000000 1.000000</float_array><technique_common><accessor source="#mixamorig_Spine-Matrix-animation-output-transform-array" count="36" stride="16"><param type="float4x4"/></accessor></technique_common></source><source id="mixamorig_Spine-Interpolations"><Name_array id="mixamorig_Spine-Interpolations-array" count="36">
 LINEAR LINEAR LINEAR LINEAR LINEAR LINEAR LINEAR LINEAR LINEAR LINEAR LINEAR
LINEAR LINEAR LINEAR LINEAR LINEAR LINEAR LINEAR LINEAR LINEAR LINEAR LINEAR LINEAR
LINEAR LINEAR LINEAR LINEAR LINEAR LINEAR LINEAR LINEAR LINEAR LINEAR LINEAR LINEAR
LINEAR</Name_array><technique_common><accessor source="#mixamorig_Spine-Interpolations-array" count="36"><param type="name"/></accessor></technique_common></source><sampler id="mixamorig_Spine-Matrix-animation-transform"><input semantic="INPUT" source="#mixamorig_Spine-Matrix-animation-input"/><input semantic="OUTPUT" source="#mixamorig_Spine-Matrix-animation-output-transform"/><input semantic="INTERPOLATION" source="#mixamorig_Spine-Interpolations"/></sampler><channel source="#mixamorig_Spine-Matrix-animation-transform" target="mixamorig_Spine/matrix"/></animation>
    <animation id="mixamorig_Spine1-anim" name="mixamorig_Spine1"><source id="mixamorig_Spine1-Matrix-animation-input"><float_array id="mixamorig_Spine1-Matrix-animation-input-array" count="36">

0.000000 0.033333 0.066667 0.100000 0.133333 0.166667 0.200000 0.233333 0.266667 0.300000 0.333333 0.366667 0.400000 0.433333 0.466667 0.500000
0.533333 0.566667 0.600000 0.633333 0.666667 0.700000 0.733333 0.766667 0.800000 0.833333 0.866667 0.900000 0.933333 0.966667 1.000000 1.033333
1.066667 1.100000 1.133333 1.166667</float_array><technique_common><accessor source="#mixamorig_Spine1-Matrix-animation-input-array" count="36"><param name="TIME" type="float"/></accessor></technique_common></source><source id="mixamorig_Spine1-Matrix-animation-output-transform"><float_array id="mixamorig_Spine1-Matrix-animation-output-transform-array" count="576">

0.999332 -0.016462 0.032632 0.305500 0.019747 0.994482 -0.103035 19.736099 -0.030756 0.103610 0.994142 -0.783400 0.000000 0.000000 0.000000 1.000000
0.999447 -0.015367 0.029477 0.305500 0.018299 0.994623 -0.101932 19.736099 -0.027752 0.102415 0.994355 -0.783400 0.000000 0.000000 0.000000 1.000000
0.999555 -0.014030 0.026337 0.305500 0.016631 0.994716 -0.101309 19.736099 -0.024777 0.101702 0.994506 -0.783400 0.000000 0.000000 0.000000 1.000000
0.999617 -0.011873 0.025009 0.305500 0.014380 0.994622 -0.102568 19.736099 -0.023657 0.102888 0.994412 -0.783400 0.000000 0.000000 0.000000 1.000000
0.999593 -0.011249 0.026210 0.305500 0.013967 0.994274 -0.105943 19.736099 -0.024868 0.106266 0.994027 -0.783400 0.000000 0.000000 0.000000 1.000000
0.999584 -0.012445 0.026016 0.305500 0.015272 0.993650 -0.111470 19.736099 -0.024463 0.111821 0.993427 -0.783400 0.000000 0.000000 0.000000 1.000000
0.999642 -0.014299 0.022595 0.305500 0.016846 0.993001 -0.116899 19.736099 -0.020765 0.117238 0.992887 -0.783400 0.000000 0.000000 0.000000 1.000000
0.999701 -0.016350 0.018197 0.305500 0.018452 0.992350 -0.122072 19.736099 -0.016062 0.122371 0.992354 -0.783400 0.000000 0.000000 0.000000 1.000000
0.999737 -0.018527 0.013537 0.305500 0.020093 0.991755 -0.126566 19.736099 -0.011081 0.126804 0.991866 -0.783400 0.000000 0.000000 0.000000 1.000000
0.999743 -0.020813 0.009021 0.305500 0.021810 0.991263 -0.130082 19.736099 -0.006235 0.130245 0.991462 -0.783400 0.000000 0.000000 0.000000 1.000000
0.999716 -0.023151 0.005691 0.305500 0.023700 0.990986 -0.131855 19.736099 -0.002587 0.131953 0.991253 -0.783400 0.000000 0.000000 0.000000 1.000000
0.999653 -0.025892 0.004776 0.305500 0.026295 0.990995 -0.131292 19.736099 -0.001334 0.131372 0.991332 -0.783400 0.000000 0.000000 0.000000 1.000000
0.999569 -0.028885 0.005195 0.305500 0.029315 0.991134 -0.129593 19.736099 -0.001405 0.129690 0.991554 -0.783400 0.000000 0.000000 0.000000 1.000000
0.999491 -0.031174 0.006754 0.305500 0.031781 0.991339 -0.127424 19.736099 -0.002723 0.127573 0.991825 -0.783400 0.000000 0.000000 0.000000 1.000000
0.999483 -0.030518 0.010091 0.305500 0.031545 0.991590 -0.125513 19.736099 -0.006176 0.125767 0.992041 -0.783400 0.000000 0.000000 0.000000 1.000000
0.999495 -0.028313 0.014456 0.305500 0.029881 0.991923 -0.123274 19.736099 -0.010849 0.123644 0.992267 -0.783400 0.000000 0.000000 0.000000 1.000000
0.999476 -0.025444 0.020010 0.305500 0.027662 0.992414 -0.119792 19.736099 -0.016810 0.120283 0.992597 -0.783400 0.000000 0.000000 0.000000 1.000000
0.999394 -0.022956 0.026174 0.305500 0.025831 0.992979 -0.115436 19.736099 -0.023340 0.116042 0.992970 -0.783400 0.000000 0.000000 0.000000 1.000000
0.999276 -0.018473 0.033252 0.305500 0.022089 0.993476 -0.111884 19.736099 -0.030968 0.112538 0.993165 -0.783400 0.000000 0.000000 0.000000 1.000000
0.999116 -0.012095 0.040253 0.305500 0.016478 0.993752 -0.110386 19.736099 -0.038666 0.110952 0.993073 -0.783400 0.000000 0.000000 0.000000 1.000000
0.998979 -0.008531 0.044359 0.305500 0.013448 0.993644 -0.111762 19.736099 -0.043124 0.112244 0.992744 -0.783400 0.000000 0.000000 0.000000 1.000000
0.998863 -0.006322 0.047251 0.305500 0.011675 0.993426 -0.113878 19.736099 -0.046220 0.114300 0.992370 -0.783400 0.000000 0.000000 0.000000 1.000000
0.998802 -0.004559 0.048730 0.305500 0.010173 0.993246 -0.115578 19.736099 -0.047874 0.115936 0.992102 -0.783400 0.000000 0.000000 0.000000 1.000000
0.998809 -0.002407 0.048722 0.305500 0.008077 0.993158 -0.116502 19.736099 -0.048108 0.116757 0.991995 -0.783400 0.000000 0.000000 0.000000 1.000000
0.998786 0.000036 0.049253 0.305500 0.005709 0.993174 -0.116499 19.736099 -0.048921 0.116639 0.991969 -0.783400 0.000000 0.000000 0.000000 1.000000
0.998726 0.002214 0.050411 0.305500 0.003670 0.993204 -0.116329 19.736099 -0.050326 0.116365 0.991931 -0.783400 0.000000 0.000000 0.000000 1.000000
0.998629 0.003383 0.052234 0.305500 0.002723 0.993199 -0.116396 19.736099 -0.052272 0.116379 0.991828 -0.783400 0.000000 0.000000 0.000000 1.000000
0.998544 0.003523 0.053820 0.305500 0.002784 0.993168 -0.116658 19.736099 -0.053863 0.116638 0.991713 -0.783400 0.000000 0.000000 0.000000 1.000000
0.998612 0.002406 0.052621 0.305500 0.003751 0.993170 -0.116613 19.736099 -0.052542 0.116648 0.991782 -0.783400 0.000000 0.000000 0.000000 1.000000
0.998782 0.000038 0.049339 0.305500 0.005655 0.993323 -0.115231 19.736099 -0.049013 0.115370 0.992113 -0.783400 0.000000 0.000000 0.000000 1.000000
0.999024 -0.004531 0.043934 0.305500 0.009439 0.993646 -0.112158 19.736099 -0.043147 0.112463 0.992719 -0.783400 0.000000 0.000000 0.000000 1.000000
0.999252 -0.009063 0.037587 0.305500 0.013122 0.993932 -0.109210 19.736099 -0.036369 0.109622 0.993308 -0.783400 0.000000 0.000000 0.000000 1.000000
0.999353 -0.010933 0.034269 0.305500 0.014590 0.994006 -0.108350 19.736099 -0.032879 0.108780 0.993522 -0.783400 0.000000 0.000000 0.000000 1.000000
0.999389 -0.012171 0.032756 0.305500 0.015635 0.994064 -0.107667 19.736099 -0.031251 0.108113 0.993647 -0.783400 0.000000 0.000000 0.000000 1.000000
0.999373 -0.013933 0.032565 0.305500 0.017312 0.994226 -0.105901 19.736099 -0.030901 0.106398 0.993843 -0.783400 0.000000 0.000000 0.000000 1.000000
0.999332 -0.016463 0.032630 0.305500 0.019748 0.994482 -0.103036 19.736099 -0.030753 0.103611 0.994142 -0.783400 0.000000 0.000000 0.000000 1.000000</float_array><technique_common><accessor source="#mixamorig_Spine1-Matrix-animation-output-transform-array" count="36" stride="16"><param type="float4x4"/></accessor></technique_common></source><source id="mixamorig_Spine1-Interpolations"><Name_array id="mixamorig_Spine1-Interpolations-array" count="36">
 LINEAR LINEAR LINEAR LINEAR LINEAR LINEAR LINEAR LINEAR LINEAR LINEAR LINEAR
LINEAR LINEAR LINEAR LINEAR LINEAR LINEAR LINEAR LINEAR LINEAR LINEAR LINEAR LINEAR
LINEAR LINEAR LINEAR LINEAR LINEAR LINEAR LINEAR LINEAR LINEAR LINEAR LINEAR LINEAR
LINEAR</Name_array><technique_common><accessor source="#mixamorig_Spine1-Interpolations-array" count="36"><param type="name"/></accessor></technique_common></source><sampler id="mixamorig_Spine1-Matrix-animation-transform"><input semantic="INPUT" source="#mixamorig_Spine1-Matrix-animation-input"/><input semantic="OUTPUT" source="#mixamorig_Spine1-Matrix-animation-output-transform"/><input semantic="INTERPOLATION" source="#mixamorig_Spine1-Interpolations"/></sampler><channel source="#mixamorig_Spine1-Matrix-animation-transform" target="mixamorig_Spine1/matrix"/></animation>
    <animation id="mixamorig_Spine2-anim" name="mixamorig_Spine2"><source id="mixamorig_Spine2-Matrix-animation-input"><float_array id="mixamorig_Spine2-Matrix-animation-input-array" count="36">

0.000000 0.033333 0.066667 0.100000 0.133333 0.166667 0.200000 0.233333 0.266667 0.300000 0.333333 0.366667 0.400000 0.433333 0.466667 0.500000
0.533333 0.566667 0.600000 0.633333 0.666667 0.700000 0.733333 0.766667 0.800000 0.833333 0.866667 0.900000 0.933333 0.966667 1.000000 1.033333
1.066667 1.100000 1.133333 1.166667</float_array><technique_common><accessor source="#mixamorig_Spine2-Matrix-animation-input-array" count="36"><param name="TIME" type="float"/></accessor></technique_common></source><source id="mixamorig_Spine2-Matrix-animation-output-transform"><float_array id="mixamorig_Spine2-Matrix-animation-output-transform-array" count="576">

0.999332 -0.016463 0.032631 0.152700 0.019747 0.994482 -0.103034 25.612801 -0.030755 0.103610 0.994142 -0.124700 0.000000 0.000000 0.000000 1.000000
0.999439 -0.015784 0.029539 0.152700 0.018721 0.994610 -0.101979 25.612801 -0.027771 0.102475 0.994348 -0.124700 0.000000 0.000000 0.000000 1.000000
0.999540 -0.014861 0.026440 0.152700 0.017472 0.994689 -0.101428 25.612801 -0.024792 0.101844 0.994491 -0.124700 0.000000 0.000000 0.000000 1.000000
0.999605 -0.012845 0.025016 0.152700 0.015353 0.994582 -0.102816 25.612801 -0.023559 0.103159 0.994386 -0.124700 0.000000 0.000000 0.000000 1.000000
0.999584 -0.011995 0.026239 0.152700 0.014720 0.994229 -0.106267 25.612801 -0.024813 0.106609 0.993991 -0.124700 0.000000 0.000000 0.000000 1.000000
0.999567 -0.013183 0.026313 0.152700 0.016050 0.993593 -0.111874 25.612801 -0.024669 0.112248 0.993374 -0.124700 0.000000 0.000000 0.000000 1.000000
0.999608 -0.015490 0.023306 0.152700 0.018124 0.992919 -0.117400 25.612801 -0.021322 0.117776 0.992811 -0.124700 0.000000 0.000000 0.000000 1.000000
0.999648 -0.018132 0.019368 0.152700 0.020374 0.992237 -0.122679 25.612801 -0.016993 0.123030 0.992257 -0.124700 0.000000 0.000000 0.000000 1.000000
0.999665 -0.020931 0.015200 0.152700 0.022697 0.991609 -0.127264 25.612801 -0.012408 0.127566 0.991752 -0.124700 0.000000 0.000000 0.000000 1.000000
0.999654 -0.023814 0.011184 0.152700 0.025074 0.991084 -0.130856 25.612801 -0.007968 0.131091 0.991338 -0.124700 0.000000 0.000000 0.000000 1.000000
0.999612 -0.026588 0.008306 0.152700 0.027455 0.990780 -0.132672 25.612801 -0.004702 0.132848 0.991125 -0.124700 0.000000 0.000000 0.000000 1.000000
0.999536 -0.029449 0.007739 0.152700 0.030214 0.990774 -0.132116 25.612801 -0.003777 0.132288 0.991204 -0.124700 0.000000 0.000000 0.000000 1.000000
0.999440 -0.032388 0.008447 0.152700 0.033214 0.990904 -0.130409 25.612801 -0.004147 0.130616 0.991424 -0.124700 0.000000 0.000000 0.000000 1.000000
0.999354 -0.034485 0.010158 0.152700 0.035504 0.991112 -0.128208 25.612801 -0.005646 0.128486 0.991695 -0.124700 0.000000 0.000000 0.000000 1.000000
0.999353 -0.033442 0.013248 0.152700 0.034849 0.991389 -0.126227 25.612801 -0.008913 0.126607 0.991913 -0.124700 0.000000 0.000000 0.000000 1.000000
0.999380 -0.030738 0.017147 0.152700 0.032629 0.991759 -0.123895 25.612801 -0.013197 0.124378 0.992147 -0.124700 0.000000 0.000000 0.000000 1.000000
0.999384 -0.027222 0.022135 0.152700 0.029693 0.992293 -0.120300 25.612801 -0.018689 0.120884 0.992491 -0.124700 0.000000 0.000000 0.000000 1.000000
0.999326 -0.023988 0.027797 0.152700 0.027055 0.992900 -0.115831 25.612801 -0.024821 0.116505 0.992880 -0.124700 0.000000 0.000000 0.000000 1.000000
0.999244 -0.018677 0.034094 0.152700 0.022395 0.993439 -0.112146 25.612801 -0.031776 0.112825 0.993107 -0.124700 0.000000 0.000000 0.000000 1.000000
0.999131 -0.011539 0.040054 0.152700 0.015906 0.993750 -0.110489 25.612801 -0.038529 0.111030 0.993070 -0.124700 0.000000 0.000000 0.000000 1.000000
0.999020 -0.007577 0.043610 0.152700 0.012411 0.993668 -0.111671 25.612801 -0.042487 0.112103 0.992788 -0.124700 0.000000 0.000000 0.000000 1.000000
0.998920 -0.005110 0.046172 0.152700 0.010333 0.993473 -0.113602 25.612801 -0.045291 0.113956 0.992453 -0.124700 0.000000 0.000000 0.000000 1.000000
0.998870 -0.003216 0.047417 0.152700 0.008666 0.993308 -0.115170 25.612801 -0.046729 0.115450 0.992213 -0.124700 0.000000 0.000000 0.000000 1.000000
0.998887 -0.001067 0.047155 0.152700 0.006538 0.993223 -0.116037 25.612801 -0.046712 0.116216 0.992125 -0.124700 0.000000 0.000000 0.000000 1.000000
0.998879 0.001405 0.047323 0.152700 0.004097 0.993244 -0.115970 25.612801 -0.047166 0.116034 0.992125 -0.124700 0.000000 0.000000 0.000000 1.000000
0.998835 0.003666 0.048116 0.152700 0.001928 0.993282 -0.115707 25.612801 -0.048217 0.115665 0.992117 -0.124700 0.000000 0.000000 0.000000 1.000000
0.998753 0.004983 0.049681 0.152700 0.000797 0.993290 -0.115649 25.612801 -0.049924 0.115544 0.992047 -0.124700 0.000000 0.000000 0.000000 1.000000
0.998678 0.005239 0.051131 0.152700 0.000721 0.993267 -0.115843 25.612801 -0.051393 0.115727 0.991951 -0.124700 0.000000 0.000000 0.000000 1.000000
0.998744 0.003919 0.049958 0.152700 0.001897 0.993267 -0.115830 25.612801 -0.050076 0.115779 0.992012 -0.124700 0.000000 0.000000 0.000000 1.000000
0.998901 0.001151 0.046853 0.152700 0.004233 0.993397 -0.114648 25.612801 -0.046676 0.114720 0.992301 -0.124700 0.000000 0.000000 0.000000 1.000000
0.999112 -0.003947 0.041942 0.152700 0.008620 0.993692 -0.111810 25.612801 -0.041236 0.112073 0.992844 -0.124700 0.000000 0.000000 0.000000 1.000000
0.999305 -0.009076 0.036145 0.152700 0.012974 0.993946 -0.109099 25.612801 -0.034936 0.109492 0.993374 -0.124700 0.000000 0.000000 0.000000 1.000000
0.999387 -0.011198 0.033155 0.152700 0.014733 0.994003 -0.108354 25.612801 -0.031742 0.108776 0.993559 -0.124700 0.000000 0.000000 0.000000 1.000000
0.999414 -0.012493 0.031858 0.152700 0.015860 0.994055 -0.107716 25.612801 -0.030323 0.108158 0.993671 -0.124700 0.000000 0.000000 0.000000 1.000000
0.999392 -0.014176 0.031842 0.152700 0.017479 0.994218 -0.105947 25.612801 -0.030156 0.106439 0.993862 -0.124700 0.000000 0.000000 0.000000 1.000000
0.999332 -0.016462 0.032633 0.152700 0.019747 0.994482 -0.103034 25.612801 -0.030756 0.103610 0.994142 -0.124700 0.000000 0.000000 0.000000 1.000000</float_array><technique_common><accessor source="#mixamorig_Spine2-Matrix-animation-output-transform-array" count="36" stride="16"><param type="float4x4"/></accessor></technique_common></source><source id="mixamorig_Spine2-Interpolations"><Name_array id="mixamorig_Spine2-Interpolations-array" count="36">
 LINEAR LINEAR LINEAR LINEAR LINEAR LINEAR LINEAR LINEAR LINEAR LINEAR LINEAR
LINEAR LINEAR LINEAR LINEAR LINEAR LINEAR LINEAR LINEAR LINEAR LINEAR LINEAR LINEAR
LINEAR LINEAR LINEAR LINEAR LINEAR LINEAR LINEAR LINEAR LINEAR LINEAR LINEAR LINEAR
LINEAR</Name_array><technique_common><accessor source="#mixamorig_Spine2-Interpolations-array" count="36"><param type="name"/></accessor></technique_common></source><sampler id="mixamorig_Spine2-Matrix-animation-transform"><input semantic="INPUT" source="#mixamorig_Spine2-Matrix-animation-input"/><input semantic="OUTPUT" source="#mixamorig_Spine2-Matrix-animation-output-transform"/><input semantic="INTERPOLATION" source="#mixamorig_Spine2-Interpolations"/></sampler><channel source="#mixamorig_Spine2-Matrix-animation-transform" target="mixamorig_Spine2/matrix"/></animation>
    <animation id="mixamorig_Neck-anim" name="mixamorig_Neck"><source id="mixamorig_Neck-Matrix-animation-input"><float_array id="mixamorig_Neck-Matrix-animation-input-array" count="36">

0.000000 0.033333 0.066667 0.100000 0.133333 0.166667 0.200000 0.233333 0.266667 0.300000 0.333333 0.366667 0.400000 0.433333 0.466667 0.500000
0.533333 0.566667 0.600000 0.633333 0.666667 0.700000 0.733333 0.766667 0.800000 0.833333 0.866667 0.900000 0.933333 0.966667 1.000000 1.033333
1.066667 1.100000 1.133333 1.166667</float_array><technique_common><accessor source="#mixamorig_Neck-Matrix-animation-input-array" count="36"><param name="TIME" type="float"/></accessor></technique_common></source><source id="mixamorig_Neck-Matrix-animation-output-transform"><float_array id="mixamorig_Neck-Matrix-animation-output-transform-array" count="576">

0.923240 0.343394 0.172363 0.879800 -0.325460 0.937364 -0.124198 30.689800 -0.204216 0.058567 0.977172 2.800200 0.000000 0.000000 0.000000 1.000000
0.927643 0.332857 0.169367 0.879800 -0.318064 0.941800 -0.108848 30.689800 -0.195740 0.047103 0.979524 2.800200 0.000000 0.000000 0.000000 1.000000
0.932197 0.321148 0.166950 0.879800 -0.309006 0.946309 -0.094941 30.689800 -0.188477 0.036915 0.981384 2.800200 0.000000 0.000000 0.000000 1.000000
0.937583 0.305279 0.166563 0.879800 -0.294277 0.951681 -0.087771 30.689800 -0.185310 0.033277 0.982117 2.800200 0.000000 0.000000 0.000000 1.000000
0.941339 0.294107 0.165475 0.879800 -0.283995 0.955286 -0.082309 30.689800 -0.182284 0.030487 0.982773 2.800200 0.000000 0.000000 0.000000 1.000000
0.943063 0.289627 0.163550 0.879800 -0.280544 0.956775 -0.076656 30.689800 -0.178682 0.026409 0.983552 2.800200 0.000000 0.000000 0.000000 1.000000
0.943930 0.288099 0.161233 0.879800 -0.279980 0.957340 -0.071490 30.689800 -0.174951 0.022340 0.984324 2.800200 0.000000 0.000000 0.000000 1.000000
0.944606 0.287264 0.158742 0.879800 -0.279861 0.957653 -0.067659 30.689800 -0.171456 0.019486 0.984999 2.800200 0.000000 0.000000 0.000000 1.000000
0.945170 0.286875 0.156065 0.879800 -0.279473 0.957746 -0.067944 30.689800 -0.168962 0.020603 0.985407 2.800200 0.000000 0.000000 0.000000 1.000000
0.945387 0.287579 0.153433 0.879800 -0.279316 0.957389 -0.073408 30.689800 -0.168006 0.026543 0.985429 2.800200 0.000000 0.000000 0.000000 1.000000
0.944656 0.291064 0.151351 0.879800 -0.280546 0.955870 -0.087215 30.689800 -0.170057 0.039928 0.984625 2.800200 0.000000 0.000000 0.000000 1.000000
0.942672 0.297622 0.150965 0.879800 -0.283641 0.952891 -0.107453 30.689800 -0.175833 0.058473 0.982682 2.800200 0.000000 0.000000 0.000000 1.000000
0.939487 0.305506 0.155017 0.879800 -0.287349 0.949101 -0.128989 30.689800 -0.186534 0.076640 0.979455 2.800200 0.000000 0.000000 0.000000 1.000000
0.936376 0.311908 0.160973 0.879800 -0.290192 0.945942 -0.144855 30.689800 -0.197452 0.088926 0.976271 2.800200 0.000000 0.000000 0.000000 1.000000
0.932630 0.321482 0.163864 0.879800 -0.300307 0.943297 -0.141442 30.689800 -0.200044 0.082703 0.976290 2.800200 0.000000 0.000000 0.000000 1.000000
0.929163 0.330476 0.165656 0.879800 -0.311041 0.941076 -0.132775 30.689800 -0.199774 0.071844 0.977205 2.800200 0.000000 0.000000 0.000000 1.000000
0.926572 0.336914 0.167190 0.879800 -0.319511 0.939603 -0.122712 30.689800 -0.198435 0.060283 0.978258 2.800200 0.000000 0.000000 0.000000 1.000000
0.925079 0.339905 0.169389 0.879800 -0.324641 0.939215 -0.111729 30.689800 -0.197070 0.048368 0.979196 2.800200 0.000000 0.000000 0.000000 1.000000
0.928545 0.326881 0.175935 0.879800 -0.314828 0.944547 -0.093347 30.689800 -0.196692 0.031287 0.979966 2.800200 0.000000 0.000000 0.000000 1.000000
0.935476 0.300350 0.186213 0.879800 -0.292840 0.953792 -0.067271 30.689800 -0.197813 0.008400 0.980204 2.800200 0.000000 0.000000 0.000000 1.000000
0.937162 0.291015 0.192454 0.879800 -0.286915 0.956678 -0.049476 30.689800 -0.198515 -0.008851 0.980058 2.800200 0.000000 0.000000 0.000000 1.000000
0.936669 0.289520 0.197053 0.879800 -0.288274 0.956885 -0.035624 30.689800 -0.198871 -0.023437 0.979745 2.800200 0.000000 0.000000 0.000000 1.000000
0.935810 0.290715 0.199359 0.879800 -0.291296 0.956250 -0.027077 30.689800 -0.198509 -0.032734 0.979552 2.800200 0.000000 0.000000 0.000000 1.000000
0.936286 0.289336 0.199130 0.879800 -0.290474 0.956579 -0.024131 30.689800 -0.197465 -0.035248 0.979676 2.800200 0.000000 0.000000 0.000000 1.000000
0.937455 0.286371 0.197914 0.879800 -0.287157 0.957548 -0.025352 30.689800 -0.196772 -0.033066 0.979892 2.800200 0.000000 0.000000 0.000000 1.000000
0.937524 0.285845 0.198349 0.879800 -0.285697 0.957851 -0.029992 30.689800 -0.198561 -0.028549 0.979673 2.800200 0.000000 0.000000 0.000000 1.000000
0.934573 0.293269 0.201411 0.879800 -0.291463 0.955776 -0.039250 30.689800 -0.204014 -0.022021 0.978720 2.800200 0.000000 0.000000 0.000000 1.000000
0.929089 0.307510 0.205501 0.879800 -0.303461 0.951438 -0.051750 30.689800 -0.211435 -0.014281 0.977288 2.800200 0.000000 0.000000 0.000000 1.000000
0.923047 0.324344 0.206846 0.879800 -0.317682 0.945925 -0.065601 30.689800 -0.216938 -0.005159 0.976172 2.800200 0.000000 0.000000 0.000000 1.000000
0.918192 0.338286 0.206121 0.879800 -0.328626 0.941023 -0.080504 30.689800 -0.221198 0.006182 0.975209 2.800200 0.000000 0.000000 0.000000 1.000000
0.914138 0.350353 0.203972 0.879800 -0.336617 0.936348 -0.099707 30.689800 -0.225922 0.022485 0.973886 2.800200 0.000000 0.000000 0.000000 1.000000
0.911461 0.359404 0.200169 0.879800 -0.341640 0.932345 -0.118383 30.689800 -0.229174 0.039516 0.972583 2.800200 0.000000 0.000000 0.000000 1.000000
0.912942 0.359120 0.193828 0.879800 -0.339701 0.931960 -0.126701 30.689800 -0.226141 0.049827 0.972819 2.800200 0.000000 0.000000 0.000000 1.000000
0.916059 0.354929 0.186712 0.879800 -0.335191 0.933215 -0.129451 30.689800 -0.220188 0.056000 0.973849 2.800200 0.000000 0.000000 0.000000 1.000000
0.919615 0.349428 0.179468 0.879800 -0.330306 0.935128 -0.128190 30.689800 -0.212619 0.058606 0.975376 2.800200 0.000000 0.000000 0.000000 1.000000
0.923210 0.343476 0.172359 0.879800 -0.325530 0.937331 -0.124264 30.689800 -0.204239 0.058614 0.977165 2.800200 0.000000 0.000000 0.000000 1.000000</float_array><technique_common><accessor source="#mixamorig_Neck-Matrix-animation-output-transform-array" count="36" stride="16"><param type="float4x4"/></accessor></technique_common></source><source id="mixamorig_Neck-Interpolations"><Name_array id="mixamorig_Neck-Interpolations-array" count="36">
 LINEAR LINEAR LINEAR LINEAR LINEAR LINEAR LINEAR LINEAR LINEAR LINEAR LINEAR
LINEAR LINEAR LINEAR LINEAR LINEAR LINEAR LINEAR LINEAR LINEAR LINEAR LINEAR LINEAR
LINEAR LINEAR LINEAR LINEAR LINEAR LINEAR LINEAR LINEAR LINEAR LINEAR LINEAR LINEAR
LINEAR</Name_array><technique_common><accessor source="#mixamorig_Neck-Interpolations-array" count="36"><param type="name"/></accessor></technique_common></source><sampler id="mixamorig_Neck-Matrix-animation-transform"><input semantic="INPUT" source="#mixamorig_Neck-Matrix-animation-input"/><input semantic="OUTPUT" source="#mixamorig_Neck-Matrix-animation-output-transform"/><input semantic="INTERPOLATION" source="#mixamorig_Neck-Interpolations"/></sampler><channel source="#mixamorig_Neck-Matrix-animation-transform" target="mixamorig_Neck/matrix"/></animation>
    <animation id="mixamorig_Head-anim" name="mixamorig_Head"><source id="mixamorig_Head-Matrix-animation-input"><float_array id="mixamorig_Head-Matrix-animation-input-array" count="36">

0.000000 0.033333 0.066667 0.100000 0.133333 0.166667 0.200000 0.233333 0.266667 0.300000 0.333333 0.366667 0.400000 0.433333 0.466667 0.500000
0.533333 0.566667 0.600000 0.633333 0.666667 0.700000 0.733333 0.766667 0.800000 0.833333 0.866667 0.900000 0.933333 0.966667 1.000000 1.033333
1.066667 1.100000 1.133333 1.166667</float_array><technique_common><accessor source="#mixamorig_Head-Matrix-animation-input-array" count="36"><param name="TIME" type="float"/></accessor></technique_common></source><source id="mixamorig_Head-Matrix-animation-output-transform"><float_array id="mixamorig_Head-Matrix-animation-output-transform-array" count="576">

0.992546 -0.104802 0.062202 0.154400 0.042045 0.773521 0.632375 19.089399 -0.114388 -0.625046 0.772161 6.327400 0.000000 0.000000 0.000000 1.000000
0.992624 -0.105625 0.059499 0.154400 0.045133 0.777492 0.627271 19.089399 -0.112515 -0.619959 0.776525 6.327400 0.000000 0.000000 0.000000 1.000000
0.992774 -0.104936 0.058203 0.154400 0.046058 0.781118 0.622683 19.089399 -0.110806 -0.615503 0.780307 6.327400 0.000000 0.000000 0.000000 1.000000
0.993253 -0.097769 0.062368 0.154400 0.038110 0.783122 0.620699 19.089399 -0.109527 -0.614134 0.781564 6.327400 0.000000 0.000000 0.000000 1.000000
0.993692 -0.091402 0.064977 0.154400 0.031813 0.785354 0.618229 19.089399 -0.107537 -0.612262 0.783307 6.327400 0.000000 0.000000 0.000000 1.000000
0.994075 -0.087152 0.064952 0.154400 0.029225 0.789877 0.612569 19.089399 -0.104691 -0.607041 0.787744 6.327400 0.000000 0.000000 0.000000 1.000000
0.994488 -0.082953 0.064134 0.154400 0.027559 0.796937 0.603433 19.089399 -0.101168 -0.598339 0.794830 6.327400 0.000000 0.000000 0.000000 1.000000
0.994884 -0.078869 0.063127 0.154400 0.025972 0.803573 0.594639 19.089399 -0.097626 -0.589957 0.801511 6.327400 0.000000 0.000000 0.000000 1.000000
0.995233 -0.075260 0.062023 0.154400 0.024331 0.807482 0.589391 19.089399 -0.094440 -0.585072 0.805464 6.327400 0.000000 0.000000 0.000000 1.000000
0.995487 -0.072801 0.060880 0.154400 0.023069 0.807894 0.588876 19.089399 -0.092055 -0.584814 0.805927 6.327400 0.000000 0.000000 0.000000 1.000000
0.995526 -0.073234 0.059702 0.154400 0.023259 0.802363 0.596383 19.089399 -0.091578 -0.592326 0.800477 6.327400 0.000000 0.000000 0.000000 1.000000
0.995298 -0.076408 0.059526 0.154400 0.024220 0.791376 0.610849 19.089399 -0.093782 -0.606535 0.789506 6.327400 0.000000 0.000000 0.000000 1.000000
