<?xml version="1.0" encoding="utf-8"?>
<COLLADA xmlns="http://www.collada.org/2005/11/COLLADASchema" version="1.4.1">
  <asset><contributor><author>Mixamo</author><authoring_tool>COLLADA Mixamo exporter</authoring_tool><comments></comments></contributor><created>2018-02-10T11:46:28Z</created><modified>2018-02-10T11:46:28Z</modified><revision></revision><title></title><unit meter="0.010000"/><up_axis>Y_UP</up_axis></asset>
  <library_animations>
    <animation id="mixamorig_Hips-anim" name="mixamorig_Hips"><source id="mixamorig_Hips-Matrix-animation-input"><float_array id="mixamorig_Hips-Matrix-animation-input-array" count="35">

0.000000 0.033333 0.066667 0.100000 0.133333 0.166667 0.200000 0.233333 0.266667 0.300000 0.333333 0.366667 0.400000 0.433333 0.466667 0.500000
0.533333 0.566667 0.600000 0.633333 0.666667 0.700000 0.733333 0.766667 0.800000 0.833333 0.866667 0.900000 0.933333 0.966667 1.000000 1.033333
1.066667 1.100000 1.133333</float_array><technique_common><accessor source="#mixamorig_Hips-Matrix-animation-input-array" count="35"><param name="TIME" type="float"/></accessor></technique_common></source><source id="mixamorig_Hips-Matrix-animation-output-transform"><float_array id="mixamorig_Hips-Matrix-animation-output-transform-array" count="560">

0.809798 0.040534 0.585307 -2.444200 -0.006138 0.998141 -0.060632 203.524948 -0.586677 0.045507 0.808542 -2.504062 0.000000 0.000000 0.000000 1.000000
0.820393 0.035368 0.570705 7.026149 0.000371 0.998052 -0.062384 202.526016 -0.571800 0.051392 0.818782 -3.004412 0.000000 0.000000 0.000000 1.000000
0.830729 0.030054 0.555865 16.321243 0.006966 0.997902 -0.064365 201.496017 -0.556633 0.057342 0.828777 -3.452857 0.000000 0.000000 0.000000 1.000000
0.840797 0.024561 0.540793 25.791513 0.013547 0.997703 -0.066375 200.337036 -0.541181 0.063133 0.838533 -3.952744 0.000000 0.000000 0.000000 1.000000
0.850801 0.019653 0.525120 35.994144 0.019296 0.997458 -0.068594 198.839127 -0.525133 0.068492 0.848259 -4.671712 0.000000 0.000000 0.000000 1.000000
0.860005 0.013266 0.510112 46.950363 0.025860 0.997244 -0.069532 197.153580 -0.509629 0.072990 0.857293 -5.682239 0.000000 0.000000 0.000000 1.000000
0.865954 -0.000554 0.500123 59.929813 0.038010 0.997180 -0.064710 195.350464 -0.498676 0.075046 0.863533 -7.550572 0.000000 0.000000 0.000000 1.000000
0.866444 -0.022363 0.498774 73.971718 0.059086 0.996569 -0.057959 194.047501 -0.495766 0.079689 0.864792 -9.953100 0.000000 0.000000 0.000000 1.000000
0.861676 -0.046726 0.505303 88.436302 0.085317 0.994917 -0.053486 193.204132 -0.500236 0.089199 0.861283 -12.708714 0.000000 0.000000 0.000000 1.000000
0.854589 -0.066563 0.515022 102.038155 0.107833 0.992880 -0.050607 192.989929 -0.507987 0.098784 0.855682 -15.368878 0.000000 0.000000 0.000000 1.000000
0.848533 -0.080559 0.522975 114.155746 0.122043 0.991491 -0.045287 193.380585 -0.514876 0.102253 0.851144 -17.597015 0.000000 0.000000 0.000000 1.000000
0.840341 -0.090352 0.534476 125.722534 0.131025 0.990630 -0.038543 194.113251 -0.525985 0.102419 0.844305 -19.559710 0.000000 0.000000 0.000000 1.000000
0.825141 -0.090007 0.557711 136.053192 0.127993 0.991340 -0.029380 195.402054 -0.550237 0.095626 0.829515 -20.818392 0.000000 0.000000 0.000000 1.000000
0.808773 -0.082060 0.582367 145.983810 0.118226 0.992689 -0.024310 196.813873 -0.576115 0.088513 0.812562 -21.714968 0.000000 0.000000 0.000000 1.000000
0.790889 -0.066985 0.608282 155.434921 0.102415 0.994461 -0.023647 198.285828 -0.603329 0.080999 0.793368 -22.236650 0.000000 0.000000 0.000000 1.000000
0.779821 -0.054668 0.623612 164.274109 0.091156 0.995478 -0.026723 199.416016 -0.619331 0.077685 0.781277 -22.574661 0.000000 0.000000 0.000000 1.000000
0.772760 -0.048602 0.632835 173.107620 0.084800 0.996031 -0.027055 199.870392 -0.629008 0.074571 0.773814 -22.839792 0.000000 0.000000 0.000000 1.000000
0.759743 -0.047551 0.648482 181.245041 0.085557 0.995962 -0.027205 199.230972 -0.644570 0.076150 0.760744 -22.688084 0.000000 0.000000 0.000000 1.000000
0.743782 -0.048723 0.666644 189.600464 0.089455 0.995624 -0.027038 197.722961 -0.662409 0.079745 0.744886 -22.331959 0.000000 0.000000 0.000000 1.000000
0.726395 -0.050308 0.685433 198.103531 0.094606 0.995143 -0.027221 195.857956 -0.680735 0.084619 0.727626 -21.835983 0.000000 0.000000 0.000000 1.000000
0.708695 -0.050625 0.703696 206.741547 0.099710 0.994598 -0.028866 193.885880 -0.698434 0.090623 0.709914 -21.181309 0.000000 0.000000 0.000000 1.000000
0.691242 -0.047795 0.721041 215.854752 0.103543 0.994065 -0.033371 191.599030 -0.715167 0.097726 0.692088 -20.068268 0.000000 0.000000 0.000000 1.000000
0.675548 -0.038598 0.736305 226.436218 0.104941 0.993496 -0.044202 189.696976 -0.729810 0.107130 0.675204 -18.620205 0.000000 0.000000 0.000000 1.000000
0.660274 -0.024578 0.750622 238.255325 0.106484 0.992431 -0.061171 188.488235 -0.743437 0.120319 0.657894 -17.209309 0.000000 0.000000 0.000000 1.000000
0.652675 -0.006988 0.757606 250.801361 0.098777 0.992207 -0.075944 188.097565 -0.751171 0.124401 0.648279 -15.759768 0.000000 0.000000 0.000000 1.000000
0.654082 0.012718 0.756317 263.819489 0.080996 0.992932 -0.086745 188.618759 -0.752075 0.117997 0.648429 -14.265436 0.000000 0.000000 0.000000 1.000000
0.663705 0.022729 0.747649 275.800629 0.065156 0.993982 -0.088058 190.051498 -0.745151 0.107159 0.658230 -12.709053 0.000000 0.000000 0.000000 1.000000
0.676911 0.024725 0.735650 286.597015 0.053851 0.995094 -0.082996 191.850647 -0.734093 0.095796 0.672258 -11.291664 0.000000 0.000000 0.000000 1.000000
0.693690 0.017895 0.720051 297.171082 0.052931 0.995722 -0.075739 194.318268 -0.718326 0.090653 0.689775 -9.862491 0.000000 0.000000 0.000000 1.000000
0.712342 0.006780 0.701800 307.580353 0.057632 0.996011 -0.068120 197.123047 -0.699462 0.088971 0.709110 -8.402168 0.000000 0.000000 0.000000 1.000000
0.730677 -0.003884 0.682713 317.709900 0.062298 0.996191 -0.061008 199.863525 -0.679875 0.087109 0.728136 -6.983028 0.000000 0.000000 0.000000 1.000000
0.749759 -0.003649 0.661701 327.231567 0.055917 0.996757 -0.057862 201.699478 -0.659344 0.080383 0.747532 -5.729962 0.000000 0.000000 0.000000 1.000000
0.770444 0.008188 0.637455 336.247131 0.037956 0.997554 -0.058689 202.549408 -0.636377 0.069412 0.768249 -4.625604 0.000000 0.000000 0.000000 1.000000
0.790727 0.024123 0.611693 345.118103 0.015993 0.998068 -0.060034 203.051666 -0.611960 0.057253 0.788814 -3.566138 0.000000 0.000000 0.000000 1.000000
0.809798 0.040533 0.585307 353.981354 -0.006136 0.998141 -0.060632 203.524857 -0.586677 0.045508 0.808542 -2.502142 0.000000 0.000000 0.000000 1.000000</float_array><technique_common><accessor source="#mixamorig_Hips-Matrix-animation-output-transform-array" count="35" stride="16"><param type="float4x4"/></accessor></technique_common></source><source id="mixamorig_Hips-Interpolations"><Name_array id="mixamorig_Hips-Interpolations-array" count="35">
 LINEAR LINEAR LINEAR LINEAR LINEAR LINEAR LINEAR LINEAR LINEAR LINEAR LINEAR
LINEAR LINEAR LINEAR LINEAR LINEAR LINEAR LINEAR LINEAR LINEAR LINEAR LINEAR LINEAR
LINEAR LINEAR LINEAR LINEAR LINEAR LINEAR LINEAR LINEAR LINEAR LINEAR LINEAR LINEAR</Name_array><technique_common><accessor source="#mixamorig_Hips-Interpolations-array" count="35"><param type="name"/></accessor></technique_common></source><sampler id="mixamorig_Hips-Matrix-animation-transform"><input semantic="INPUT" source="#mixamorig_Hips-Matrix-animation-input"/><input semantic="OUTPUT" source="#mixamorig_Hips-Matrix-animation-output-transform"/><input semantic="INTERPOLATION" source="#mixamorig_Hips-Interpolations"/></sampler><channel source="#mixamorig_Hips-Matrix-animation-transform" target="mixamorig_Hips/matrix"/></animation>
    <animation id="mixamorig_Spine-anim" name="mixamorig_Spine"><source id="mixamorig_Spine-Matrix-animation-input"><float_array id="mixamorig_Spine-Matrix-animation-input-array" count="35">

0.000000 0.033333 0.066667 0.100000 0.133333 0.166667 0.200000 0.233333 0.266667 0.300000 0.333333 0.366667 0.400000 0.433333 0.466667 0.500000
0.533333 0.566667 0.600000 0.633333 0.666667 0.700000 0.733333 0.766667 0.800000 0.833333 0.866667 0.900000 0.933333 0.966667 1.000000 1.033333
1.066667 1.100000 1.133333</float_array><technique_common><accessor source="#mixamorig_Spine-Matrix-animation-input-array" count="35"><param name="TIME" type="float"/></accessor></technique_common></source><source id="mixamorig_Spine-Matrix-animation-output-transform"><float_array id="mixamorig_Spine-Matrix-animation-output-transform-array" count="560">

0.972038 -0.045014 -0.230467 -0.057500 0.020800 0.994102 -0.106437 18.534300 0.233899 0.098667 0.967241 -2.042900 0.000000 0.000000 0.000000 1.000000
0.975675 -0.035675 -0.216301 -0.057500 0.013545 0.994595 -0.102940 18.534300 0.218804 0.097506 0.970885 -2.042900 0.000000 0.000000 0.000000 1.000000
0.979476 -0.025100 -0.199991 -0.057500 0.005077 0.994973 -0.100012 18.534300 0.201496 0.096944 0.974680 -2.042900 0.000000 0.000000 0.000000 1.000000
0.983021 -0.015230 -0.182862 -0.057500 -0.002667 0.995258 -0.097229 18.534300 0.183475 0.096066 0.978319 -2.042900 0.000000 0.000000 0.000000 1.000000
0.986078 -0.009342 -0.166019 -0.057500 -0.006291 0.995610 -0.093389 18.534300 0.166163 0.093133 0.981690 -2.042900 0.000000 0.000000 0.000000 1.000000
0.988522 -0.006838 -0.150923 -0.057500 -0.006802 0.995948 -0.089672 18.534300 0.150925 0.089670 0.984470 -2.042900 0.000000 0.000000 0.000000 1.000000
0.990218 -0.010997 -0.139096 -0.057500 -0.001466 0.996014 -0.089180 18.534300 0.139522 0.088511 0.986255 -2.042900 0.000000 0.000000 0.000000 1.000000
0.991230 -0.011294 -0.131663 -0.057500 -0.000690 0.995885 -0.090622 18.534300 0.132145 0.089918 0.987144 -2.042900 0.000000 0.000000 0.000000 1.000000
0.991501 -0.010728 -0.129655 -0.057500 -0.000779 0.996087 -0.088370 18.534300 0.130096 0.087720 0.987613 -2.042900 0.000000 0.000000 0.000000 1.000000
0.991182 -0.008354 -0.132246 -0.057500 -0.003330 0.996125 -0.087884 18.534300 0.132468 0.087549 0.987313 -2.042900 0.000000 0.000000 0.000000 1.000000
0.990470 0.001999 -0.137712 -0.057500 -0.015324 0.995286 -0.095767 18.534300 0.136871 0.096965 0.985832 -2.042900 0.000000 0.000000 0.000000 1.000000
0.988700 0.005018 -0.149824 -0.057500 -0.021173 0.994095 -0.106426 18.534300 0.148405 0.108396 0.982968 -2.042900 0.000000 0.000000 0.000000 1.000000
0.985625 -0.002499 -0.168927 -0.057500 -0.017755 0.992822 -0.118277 18.534300 0.168010 0.119577 0.978506 -2.042900 0.000000 0.000000 0.000000 1.000000
0.981595 -0.015567 -0.190337 -0.057500 -0.008713 0.991984 -0.126066 18.534300 0.190773 0.125404 0.973591 -2.042900 0.000000 0.000000 0.000000 1.000000
0.976391 -0.033545 -0.213391 -0.057500 0.005610 0.991473 -0.130192 18.534300 0.215938 0.125921 0.968253 -2.042900 0.000000 0.000000 0.000000 1.000000
0.971570 -0.044110 -0.232608 -0.057500 0.012817 0.990849 -0.134364 18.534300 0.236406 0.127563 0.963244 -2.042900 0.000000 0.000000 0.000000 1.000000
0.966906 -0.050417 -0.250102 -0.057500 0.015002 0.989820 -0.141535 18.534300 0.254692 0.133099 0.957819 -2.042900 0.000000 0.000000 0.000000 1.000000
0.961594 -0.048094 -0.270229 -0.057500 0.008209 0.989128 -0.146826 18.534300 0.274353 0.138968 0.951535 -2.042900 0.000000 0.000000 0.000000 1.000000
0.955824 -0.043654 -0.290680 -0.057500 -0.000898 0.988472 -0.151401 18.534300 0.293939 0.144973 0.944766 -2.042900 0.000000 0.000000 0.000000 1.000000
0.949986 -0.038008 -0.309972 -0.057500 -0.010924 0.987914 -0.154615 18.534300 0.312102 0.150268 0.938090 -2.042900 0.000000 0.000000 0.000000 1.000000
0.944517 -0.031649 -0.326933 -0.057500 -0.020655 0.987654 -0.155284 18.534300 0.327811 0.153421 0.932203 -2.042900 0.000000 0.000000 0.000000 1.000000
0.939922 -0.024869 -0.340482 -0.057500 -0.028543 0.988126 -0.150968 18.534300 0.340194 0.151617 0.928052 -2.042900 0.000000 0.000000 0.000000 1.000000
0.936109 -0.026834 -0.350685 -0.057500 -0.024710 0.989604 -0.141683 18.534300 0.350841 0.141296 0.925714 -2.042900 0.000000 0.000000 0.000000 1.000000
0.932816 -0.038269 -0.358316 -0.057500 -0.009195 0.991493 -0.129832 18.534300 0.360237 0.124404 0.924529 -2.042900 0.000000 0.000000 0.000000 1.000000
0.931165 -0.057432 -0.360046 -0.057500 0.013756 0.992346 -0.122716 18.534300 0.364338 0.109316 0.924829 -2.042900 0.000000 0.000000 0.000000 1.000000
0.931081 -0.082620 -0.355334 -0.057500 0.041793 0.991762 -0.121086 18.534300 0.362411 0.097890 0.926864 -2.042900 0.000000 0.000000 0.000000 1.000000
0.933513 -0.096064 -0.345434 -0.057500 0.056413 0.990792 -0.123083 18.534300 0.354077 0.095413 0.930336 -2.042900 0.000000 0.000000 0.000000 1.000000
0.937253 -0.099844 -0.334048 -0.057500 0.060190 0.990069 -0.127044 18.534300 0.343415 0.098966 0.933955 -2.042900 0.000000 0.000000 0.000000 1.000000
0.942898 -0.091747 -0.320196 -0.057500 0.052360 0.990191 -0.129538 18.534300 0.328940 0.105376 0.938453 -2.042900 0.000000 0.000000 0.000000 1.000000
0.949411 -0.076508 -0.304573 -0.057500 0.037944 0.990711 -0.130586 18.534300 0.311734 0.112423 0.943495 -2.042900 0.000000 0.000000 0.000000 1.000000
0.955497 -0.060122 -0.288809 -0.057500 0.022696 0.991092 -0.131231 18.534300 0.294126 0.118836 0.948350 -2.042900 0.000000 0.000000 0.000000 1.000000
0.960598 -0.050113 -0.273387 -0.057500 0.015070 0.991555 -0.128807 18.534300 0.277533 0.119611 0.953241 -2.042900 0.000000 0.000000 0.000000 1.000000
0.964976 -0.046581 -0.258168 -0.057500 0.015214 0.992390 -0.122189 18.534300 0.261895 0.113982 0.958342 -2.042900 0.000000 0.000000 0.000000 1.000000
0.968783 -0.045632 -0.243674 -0.057500 0.018023 0.993277 -0.114354 18.534300 0.247253 0.106393 0.963092 -2.042900 0.000000 0.000000 0.000000 1.000000
0.972038 -0.045013 -0.230467 -0.057500 0.020799 0.994102 -0.106437 18.534300 0.233899 0.098667 0.967242 -2.042900 0.000000 0.000000 0.000000 1.000000</float_array><technique_common><accessor source="#mixamorig_Spine-Matrix-animation-output-transform-array" count="35" stride="16"><param type="float4x4"/></accessor></technique_common></source><source id="mixamorig_Spine-Interpolations"><Name_array id="mixamorig_Spine-Interpolations-array" count="35">
 LINEAR LINEAR LINEAR LINEAR LINEAR LINEAR LINEAR LINEAR LINEAR LINEAR LINEAR
LINEAR LINEAR LINEAR LINEAR LINEAR LINEAR LINEAR LINEAR LINEAR LINEAR LINEAR LINEAR
LINEAR LINEAR LINEAR LINEAR LINEAR LINEAR LINEAR LINEAR LINEAR LINEAR LINEAR LINEAR</Name_array><technique_common><accessor source="#mixamorig_Spine-Interpolations-array" count="35"><param type="name"/></accessor></technique_common></source><sampler id="mixamorig_Spine-Matrix-animation-transform"><input semantic="INPUT" source="#mixamorig_Spine-Matrix-animation-input"/><input semantic="OUTPUT" source="#mixamorig_Spine-Matrix-animation-output-transform"/><input semantic="INTERPOLATION" source="#mixamorig_Spine-Interpolations"/></sampler><channel source="#mixamorig_Spine-Matrix-animation-transform" target="mixamorig_Spine/matrix"/></animation>
    <animation id="mixamorig_Spine1-anim" name="mixamorig_Spine1"><source id="mixamorig_Spine1-Matrix-animation-input"><float_array id="mixamorig_Spine1-Matrix-animation-input-array" count="35">

0.000000 0.033333 0.066667 0.100000 0.133333 0.166667 0.200000 0.233333 0.266667 0.300000 0.333333 0.366667 0.400000 0.433333 0.466667 0.500000
0.533333 0.566667 0.600000 0.633333 0.666667 0.700000 0.733333 0.766667 0.800000 0.833333 0.866667 0.900000 0.933333 0.966667 1.000000 1.033333
1.066667 1.100000 1.133333</float_array><technique_common><accessor source="#mixamorig_Spine1-Matrix-animation-input-array" count="35"><param name="TIME" type="float"/></accessor></technique_common></source><source id="mixamorig_Spine1-Matrix-animation-output-transform"><float_array id="mixamorig_Spine1-Matrix-animation-output-transform-array" count="560">

0.994542 -0.036124 -0.097887 0.305500 0.029176 0.997013 -0.071504 19.736099 0.100178 0.068258 0.992625 -0.783400 0.000000 0.000000 0.000000 1.000000
0.994818 -0.031992 -0.096506 0.305500 0.025388 0.997301 -0.068895 19.736099 0.098450 0.066088 0.992945 -0.783400 0.000000 0.000000 0.000000 1.000000
0.995065 -0.027975 -0.095200 0.305500 0.021712 0.997570 -0.066198 19.736099 0.096821 0.063804 0.993255 -0.783400 0.000000 0.000000 0.000000 1.000000
0.995304 -0.023842 -0.093815 0.305500 0.017906 0.997814 -0.063613 19.736099 0.095127 0.061635 0.993555 -0.783400 0.000000 0.000000 0.000000 1.000000
0.995573 -0.019617 -0.091924 0.305500 0.013988 0.998010 -0.061492 19.736099 0.092947 0.059934 0.993866 -0.783400 0.000000 0.000000 0.000000 1.000000
0.995839 -0.015542 -0.089793 0.305500 0.010144 0.998130 -0.060273 19.736099 0.090562 0.059111 0.994135 -0.783400 0.000000 0.000000 0.000000 1.000000
0.996065 -0.011204 -0.087918 0.305500 0.005773 0.998073 -0.061789 19.736099 0.088441 0.061039 0.994209 -0.783400 0.000000 0.000000 0.000000 1.000000
0.996207 -0.008495 -0.086604 0.305500 0.002977 0.997968 -0.063653 19.736099 0.086969 0.063154 0.994207 -0.783400 0.000000 0.000000 0.000000 1.000000
0.996330 -0.010392 -0.084962 0.305500 0.004882 0.997885 -0.064814 19.736099 0.085456 0.064162 0.994274 -0.783400 0.000000 0.000000 0.000000 1.000000
0.996481 -0.014365 -0.082580 0.305500 0.008840 0.997722 -0.066884 19.736099 0.083353 0.065919 0.994337 -0.783400 0.000000 0.000000 0.000000 1.000000
0.996706 -0.019659 -0.078681 0.305500 0.014042 0.997354 -0.071324 19.736099 0.079875 0.069984 0.994345 -0.783400 0.000000 0.000000 0.000000 1.000000
0.996493 -0.023971 -0.080172 0.305500 0.017964 0.997034 -0.074832 19.736099 0.081728 0.073129 0.993968 -0.783400 0.000000 0.000000 0.000000 1.000000
0.995716 -0.026759 -0.088511 0.305500 0.019974 0.996856 -0.076676 19.736099 0.090285 0.074579 0.993120 -0.783400 0.000000 0.000000 0.000000 1.000000
0.994786 -0.029965 -0.097481 0.305500 0.022309 0.996649 -0.078700 19.736099 0.099513 0.076115 0.992121 -0.783400 0.000000 0.000000 0.000000 1.000000
0.993683 -0.033589 -0.107080 0.305500 0.024962 0.996408 -0.080918 19.736099 0.109413 0.077734 0.990952 -0.783400 0.000000 0.000000 0.000000 1.000000
0.993161 -0.036726 -0.110829 0.305500 0.028046 0.996489 -0.078890 19.736099 0.113337 0.075242 0.990703 -0.783400 0.000000 0.000000 0.000000 1.000000
0.992981 -0.038336 -0.111891 0.305500 0.029886 0.996641 -0.076252 19.736099 0.114439 0.072372 0.990791 -0.783400 0.000000 0.000000 0.000000 1.000000
0.992328 -0.040404 -0.116842 0.305500 0.032051 0.996853 -0.072502 19.736099 0.119403 0.068201 0.990501 -0.783400 0.000000 0.000000 0.000000 1.000000
0.991426 -0.042905 -0.123422 0.305500 0.034716 0.997098 -0.067753 19.736099 0.125971 0.062887 0.990039 -0.783400 0.000000 0.000000 0.000000 1.000000
0.990400 -0.045661 -0.130475 0.305500 0.037707 0.997314 -0.062796 19.736099 0.132992 0.057273 0.989461 -0.783400 0.000000 0.000000 0.000000 1.000000
0.989346 -0.048759 -0.137179 0.305500 0.041086 0.997458 -0.058219 19.736099 0.139669 0.051963 0.988834 -0.783400 0.000000 0.000000 0.000000 1.000000
0.988406 -0.051868 -0.142697 0.305500 0.044372 0.997488 -0.055221 19.736099 0.145203 0.048249 0.988225 -0.783400 0.000000 0.000000 0.000000 1.000000
0.987499 -0.053207 -0.148372 0.305500 0.045960 0.997597 -0.051853 19.736099 0.150774 0.044386 0.987571 -0.783400 0.000000 0.000000 0.000000 1.000000
0.986402 -0.052385 -0.155777 0.305500 0.045735 0.997895 -0.045976 19.736099 0.157857 0.038226 0.986722 -0.783400 0.000000 0.000000 0.000000 1.000000
0.985673 -0.052702 -0.160225 0.305500 0.046395 0.998003 -0.042855 19.736099 0.162163 0.034807 0.986150 -0.783400 0.000000 0.000000 0.000000 1.000000
0.985472 -0.054341 -0.160913 0.305500 0.047993 0.997918 -0.043082 19.736099 0.162919 0.034733 0.986028 -0.783400 0.000000 0.000000 0.000000 1.000000
0.986062 -0.054992 -0.157029 0.305500 0.048429 0.997798 -0.045323 19.736099 0.159176 0.037086 0.986553 -0.783400 0.000000 0.000000 0.000000 1.000000
0.987083 -0.053117 -0.151148 0.305500 0.046411 0.997790 -0.047556 19.736099 0.153340 0.039927 0.987367 -0.783400 0.000000 0.000000 0.000000 1.000000
0.988210 -0.049520 -0.144877 0.305500 0.042766 0.997865 -0.049371 19.736099 0.147013 0.042593 0.988217 -0.783400 0.000000 0.000000 0.000000 1.000000
0.989346 -0.045340 -0.138341 0.305500 0.038577 0.997944 -0.051179 19.736099 0.140377 0.045297 0.989061 -0.783400 0.000000 0.000000 0.000000 1.000000
0.990418 -0.041210 -0.131810 0.305500 0.034461 0.997995 -0.053081 19.736099 0.133733 0.048030 0.989853 -0.783400 0.000000 0.000000 0.000000 1.000000
0.991465 -0.038578 -0.124534 0.305500 0.031767 0.997912 -0.056229 19.736099 0.126443 0.051793 0.990621 -0.783400 0.000000 0.000000 0.000000 1.000000
0.992546 -0.037481 -0.115960 0.305500 0.030550 0.997671 -0.060984 19.736099 0.117975 0.056987 0.991380 -0.783400 0.000000 0.000000 0.000000 1.000000
0.993585 -0.036803 -0.106928 0.305500 0.029814 0.997358 -0.066242 19.736099 0.109084 0.062630 0.992058 -0.783400 0.000000 0.000000 0.000000 1.000000
0.994542 -0.036124 -0.097888 0.305500 0.029176 0.997013 -0.071504 19.736099 0.100179 0.068258 0.992625 -0.783400 0.000000 0.000000 0.000000 1.000000</float_array><technique_common><accessor source="#mixamorig_Spine1-Matrix-animation-output-transform-array" count="35" stride="16"><param type="float4x4"/></accessor></technique_common></source><source id="mixamorig_Spine1-Interpolations"><Name_array id="mixamorig_Spine1-Interpolations-array" count="35">
 LINEAR LINEAR LINEAR LINEAR LINEAR LINEAR LINEAR LINEAR LINEAR LINEAR LINEAR
LINEAR LINEAR LINEAR LINEAR LINEAR LINEAR LINEAR LINEAR LINEAR LINEAR LINEAR LINEAR
LINEAR LINEAR LINEAR LINEAR LINEAR LINEAR LINEAR LINEAR LINEAR LINEAR LINEAR LINEAR</Name_array><technique_common><accessor source="#mixamorig_Spine1-Interpolations-array" count="35"><param type="name"/></accessor></technique_common></source><sampler id="mixamorig_Spine1-Matrix-animation-transform"><input semantic="INPUT" source="#mixamorig_Spine1-Matrix-animation-input"/><input semantic="OUTPUT" source="#mixamorig_Spine1-Matrix-animation-output-transform"/><input semantic="INTERPOLATION" source="#mixamorig_Spine1-Interpolations"/></sampler><channel source="#mixamorig_Spine1-Matrix-animation-transform" target="mixamorig_Spine1/matrix"/></animation>
    <animation id="mixamorig_Spine2-anim" name="mixamorig_Spine2"><source id="mixamorig_Spine2-Matrix-animation-input"><float_array id="mixamorig_Spine2-Matrix-animation-input-array" count="35">

0.000000 0.033333 0.066667 0.100000 0.133333 0.166667 0.200000 0.233333 0.266667 0.300000 0.333333 0.366667 0.400000 0.433333 0.466667 0.500000
0.533333 0.566667 0.600000 0.633333 0.666667 0.700000 0.733333 0.766667 0.800000 0.833333 0.866667 0.900000 0.933333 0.966667 1.000000 1.033333
1.066667 1.100000 1.133333</float_array><technique_common><accessor source="#mixamorig_Spine2-Matrix-animation-input-array" count="35"><param name="TIME" type="float"/></accessor></technique_common></source><source id="mixamorig_Spine2-Matrix-animation-output-transform"><float_array id="mixamorig_Spine2-Matrix-animation-output-transform-array" count="560">

0.995345 -0.042506 -0.086495 0.152700 0.036064 0.996552 -0.074726 25.612801 0.089373 0.071258 0.993446 -0.124700 0.000000 0.000000 0.000000 1.000000
0.995673 -0.038094 -0.084759 0.152700 0.031993 0.996876 -0.072206 25.612801 0.087245 0.069182 0.993782 -0.124700 0.000000 0.000000 0.000000 1.000000
0.995970 -0.033809 -0.083065 0.152700 0.028042 0.997178 -0.069640 25.612801 0.085185 0.067031 0.994108 -0.124700 0.000000 0.000000 0.000000 1.000000
0.996254 -0.029396 -0.081324 0.152700 0.023949 0.997455 -0.067152 25.612801 0.083091 0.064953 0.994423 -0.124700 0.000000 0.000000 0.000000 1.000000
0.996549 -0.024818 -0.079205 0.152700 0.019683 0.997694 -0.064960 25.612801 0.080635 0.063176 0.994740 -0.124700 0.000000 0.000000 0.000000 1.000000
0.996833 -0.020365 -0.076866 0.152700 0.015485 0.997858 -0.063551 25.612801 0.077996 0.062159 0.995014 -0.124700 0.000000 0.000000 0.000000 1.000000
0.997083 -0.015711 -0.074686 0.152700 0.010876 0.997846 -0.064699 25.612801 0.075541 0.063698 0.995106 -0.124700 0.000000 0.000000 0.000000 1.000000
0.997273 -0.012784 -0.072688 0.152700 0.007948 0.997759 -0.066432 25.612801 0.073374 0.065673 0.995140 -0.124700 0.000000 0.000000 0.000000 1.000000
0.997429 -0.014378 -0.070198 0.152700 0.009625 0.997667 -0.067583 25.612801 0.071006 0.066734 0.995241 -0.124700 0.000000 0.000000 0.000000 1.000000
0.997607 -0.018023 -0.066744 0.152700 0.013357 0.997478 -0.069705 25.612801 0.067832 0.068647 0.995332 -0.124700 0.000000 0.000000 0.000000 1.000000
0.997865 -0.023046 -0.061117 0.152700 0.018471 0.997058 -0.074396 25.612801 0.062651 0.073108 0.995354 -0.124700 0.000000 0.000000 0.000000 1.000000
0.997767 -0.027509 -0.060857 0.152700 0.022712 0.996682 -0.078160 25.612801 0.062805 0.076604 0.995082 -0.124700 0.000000 0.000000 0.000000 1.000000
0.997233 -0.030938 -0.067595 0.152700 0.025476 0.996450 -0.080235 25.612801 0.069838 0.078291 0.994481 -0.124700 0.000000 0.000000 0.000000 1.000000
0.996560 -0.034756 -0.075241 0.152700 0.028524 0.996194 -0.082366 25.612801 0.077817 0.079937 0.993758 -0.124700 0.000000 0.000000 0.000000 1.000000
0.995721 -0.038959 -0.083791 0.152700 0.031850 0.995909 -0.084568 25.612801 0.086743 0.081537 0.992888 -0.124700 0.000000 0.000000 0.000000 1.000000
0.995368 -0.042444 -0.086259 0.152700 0.035325 0.995969 -0.082449 25.612801 0.089411 0.079020 0.992855 -0.124700 0.000000 0.000000 0.000000 1.000000
0.995308 -0.044285 -0.086029 0.152700 0.037428 0.996112 -0.079745 25.612801 0.089226 0.076151 0.993096 -0.124700 0.000000 0.000000 0.000000 1.000000
0.994888 -0.046873 -0.089447 0.152700 0.040065 0.996268 -0.076449 25.612801 0.092697 0.072474 0.993053 -0.124700 0.000000 0.000000 0.000000 1.000000
0.994271 -0.050077 -0.094430 0.152700 0.043317 0.996440 -0.072328 25.612801 0.097716 0.067823 0.992901 -0.124700 0.000000 0.000000 0.000000 1.000000
0.993554 -0.053557 -0.099906 0.152700 0.046877 0.996579 -0.068059 25.612801 0.103210 0.062937 0.992666 -0.124700 0.000000 0.000000 0.000000 1.000000
0.992806 -0.057260 -0.105153 0.152700 0.050687 0.996652 -0.064152 25.612801 0.108474 0.058360 0.992385 -0.124700 0.000000 0.000000 0.000000 1.000000
0.992130 -0.060651 -0.109545 0.152700 0.054104 0.996622 -0.061782 25.612801 0.112922 0.055369 0.992060 -0.124700 0.000000 0.000000 0.000000 1.000000
0.991446 -0.062031 -0.114833 0.152700 0.055580 0.996736 -0.058558 25.612801 0.118090 0.051675 0.991657 -0.124700 0.000000 0.000000 0.000000 1.000000
0.990577 -0.061262 -0.122494 0.152700 0.055194 0.997103 -0.052334 25.612801 0.125345 0.045080 0.991089 -0.124700 0.000000 0.000000 0.000000 1.000000
0.989985 -0.061439 -0.127106 0.152700 0.055698 0.997282 -0.048242 25.612801 0.129724 0.040679 0.990715 -0.124700 0.000000 0.000000 0.000000 1.000000
0.989824 -0.062725 -0.127728 0.152700 0.057134 0.997261 -0.046978 25.612801 0.130324 0.039203 0.990696 -0.124700 0.000000 0.000000 0.000000 1.000000
0.990374 -0.062886 -0.123305 0.152700 0.057306 0.997188 -0.048291 25.612801 0.125995 0.040760 0.991193 -0.124700 0.000000 0.000000 0.000000 1.000000
0.991357 -0.060474 -0.116425 0.152700 0.054930 0.997225 -0.050247 25.612801 0.119140 0.043418 0.991928 -0.124700 0.000000 0.000000 0.000000 1.000000
0.992472 -0.056326 -0.108754 0.152700 0.050894 0.997344 -0.052096 25.612801 0.111399 0.046168 0.992703 -0.124700 0.000000 0.000000 0.000000 1.000000
0.993536 -0.051631 -0.101096 0.152700 0.046330 0.997460 -0.054095 25.612801 0.103632 0.049061 0.993405 -0.124700 0.000000 0.000000 0.000000 1.000000
0.994455 -0.047053 -0.094049 0.152700 0.041879 0.997538 -0.056252 25.612801 0.096464 0.052001 0.993977 -0.124700 0.000000 0.000000 0.000000 1.000000
0.994977 -0.044282 -0.089774 0.152700 0.039019 0.997462 -0.059555 25.612801 0.092183 0.055753 0.994180 -0.124700 0.000000 0.000000 0.000000 1.000000
0.995139 -0.044028 -0.088091 0.152700 0.038421 0.997186 -0.064369 25.612801 0.090678 0.060672 0.994030 -0.124700 0.000000 0.000000 0.000000 1.000000
0.995224 -0.043893 -0.087197 0.152700 0.037867 0.996856 -0.069603 25.612801 0.089978 0.065968 0.993757 -0.124700 0.000000 0.000000 0.000000 1.000000
0.995308 -0.043758 -0.086303 0.152700 0.037322 0.996497 -0.074835 25.612801 0.089275 0.071263 0.993454 -0.124700 0.000000 0.000000 0.000000 1.000000</float_array><technique_common><accessor source="#mixamorig_Spine2-Matrix-animation-output-transform-array" count="35" stride="16"><param type="float4x4"/></accessor></technique_common></source><source id="mixamorig_Spine2-Interpolations"><Name_array id="mixamorig_Spine2-Interpolations-array" count="35">
 LINEAR LINEAR LINEAR LINEAR LINEAR LINEAR LINEAR LINEAR LINEAR LINEAR LINEAR
LINEAR LINEAR LINEAR LINEAR LINEAR LINEAR LINEAR LINEAR LINEAR LINEAR LINEAR LINEAR
LINEAR LINEAR LINEAR LINEAR LINEAR LINEAR LINEAR LINEAR LINEAR LINEAR LINEAR LINEAR</Name_array><technique_common><accessor source="#mixamorig_Spine2-Interpolations-array" count="35"><param type="name"/></accessor></technique_common></source><sampler id="mixamorig_Spine2-Matrix-animation-transform"><input semantic="INPUT" source="#mixamorig_Spine2-Matrix-animation-input"/><input semantic="OUTPUT" source="#mixamorig_Spine2-Matrix-animation-output-transform"/><input semantic="INTERPOLATION" source="#mixamorig_Spine2-Interpolations"/></sampler><channel source="#mixamorig_Spine2-Matrix-animation-transform" target="mixamorig_Spine2/matrix"/></animation>
    <animation id="mixamorig_Neck-anim" name="mixamorig_Neck"><source id="mixamorig_Neck-Matrix-animation-input"><float_array id="mixamorig_Neck-Matrix-animation-input-array" count="35">

0.000000 0.033333 0.066667 0.100000 0.133333 0.166667 0.200000 0.233333 0.266667 0.300000 0.333333 0.366667 0.400000 0.433333 0.466667 0.500000
0.533333 0.566667 0.600000 0.633333 0.666667 0.700000 0.733333 0.766667 0.800000 0.833333 0.866667 0.900000 0.933333 0.966667 1.000000 1.033333
1.066667 1.100000 1.133333</float_array><technique_common><accessor source="#mixamorig_Neck-Matrix-animation-input-array" count="35"><param name="TIME" type="float"/></accessor></technique_common></source><source id="mixamorig_Neck-Matrix-animation-output-transform"><float_array id="mixamorig_Neck-Matrix-animation-output-transform-array" count="560">

0.993318 0.027338 -0.112127 0.879800 -0.001878 0.975239 0.221144 30.689800 0.115396 -0.219456 0.968774 2.800200 0.000000 0.000000 0.000000 1.000000
0.992797 0.033361 -0.115072 0.879800 -0.008486 0.977620 0.210207 30.689800 0.119510 -0.207716 0.970861 2.800200 0.000000 0.000000 0.000000 1.000000
0.992030 0.039713 -0.119579 0.879800 -0.015280 0.979945 0.198679 30.689800 0.125071 -0.195268 0.972742 2.800200 0.000000 0.000000 0.000000 1.000000
0.991129 0.046006 -0.124686 0.879800 -0.021958 0.981967 0.187772 30.689800 0.131076 -0.183369 0.974266 2.800200 0.000000 0.000000 0.000000 1.000000
0.990231 0.051857 -0.129436 0.879800 -0.028200 0.983570 0.178313 30.689800 0.136556 -0.172921 0.975423 2.800200 0.000000 0.000000 0.000000 1.000000
0.989412 0.059554 -0.132352 0.879800 -0.035818 0.983922 0.174971 30.689800 0.140644 -0.168378 0.975637 2.800200 0.000000 0.000000 0.000000 1.000000
0.988667 0.067255 -0.134217 0.879800 -0.042730 0.983125 0.177876 30.689800 0.143915 -0.170125 0.974857 2.800200 0.000000 0.000000 0.000000 1.000000
0.987651 0.062277 -0.143763 0.879800 -0.036731 0.984070 0.173946 30.689800 0.152305 -0.166517 0.974205 2.800200 0.000000 0.000000 0.000000 1.000000
0.985393 0.067136 -0.156507 0.879800 -0.036936 0.981393 0.188424 30.689800 0.166244 -0.179891 0.969537 2.800200 0.000000 0.000000 0.000000 1.000000
0.983520 0.071332 -0.166135 0.879800 -0.035517 0.977203 0.209313 30.689800 0.177278 -0.199963 0.963632 2.800200 0.000000 0.000000 0.000000 1.000000
0.983104 0.071792 -0.168380 0.879800 -0.030776 0.971610 0.234578 30.689800 0.180441 -0.225433 0.957403 2.800200 0.000000 0.000000 0.000000 1.000000
0.983780 0.067878 -0.166042 0.879800 -0.024846 0.968282 0.248621 30.689800 0.177651 -0.240463 0.954263 2.800200 0.000000 0.000000 0.000000 1.000000
0.985244 0.060132 -0.160244 0.879800 -0.018440 0.968094 0.249907 30.689800 0.170158 -0.243264 0.954918 2.800200 0.000000 0.000000 0.000000 1.000000
0.987033 0.050636 -0.152320 0.879800 -0.010998 0.968044 0.250540 30.689800 0.160139 -0.245616 0.956048 2.800200 0.000000 0.000000 0.000000 1.000000
0.988968 0.039434 -0.142783 0.879800 -0.002408 0.968068 0.250678 30.689800 0.148109 -0.247569 0.957483 2.800200 0.000000 0.000000 0.000000 1.000000
0.990768 0.034606 -0.131078 0.879800 -0.001326 0.969299 0.245882 30.689800 0.135563 -0.243438 0.960396 2.800200 0.000000 0.000000 0.000000 1.000000
0.992756 0.035171 -0.114887 0.879800 -0.006396 0.970312 0.241772 30.689800 0.119980 -0.239286 0.963508 2.800200 0.000000 0.000000 0.000000 1.000000
0.994631 0.043007 -0.094130 0.879800 -0.018896 0.969742 0.243399 30.689800 0.101750 -0.240313 0.965348 2.800200 0.000000 0.000000 0.000000 1.000000
0.995581 0.053344 -0.077288 0.879800 -0.033200 0.969787 0.241684 30.689800 0.087846 -0.238050 0.967272 2.800200 0.000000 0.000000 0.000000 1.000000
0.995870 0.064750 -0.063638 0.879800 -0.047693 0.969561 0.240159 30.689800 0.077252 -0.236132 0.968645 2.800200 0.000000 0.000000 0.000000 1.000000
0.995617 0.076701 -0.053510 0.879800 -0.061560 0.968214 0.242427 30.689800 0.070404 -0.238071 0.968693 2.800200 0.000000 0.000000 0.000000 1.000000
0.994813 0.088257 -0.050573 0.879800 -0.072169 0.962763 0.260535 30.689800 0.071684 -0.255534 0.964139 2.800200 0.000000 0.000000 0.000000 1.000000
0.993851 0.098570 -0.050436 0.879800 -0.079713 0.953104 0.291957 30.689800 0.076849 -0.286141 0.955101 2.800200 0.000000 0.000000 0.000000 1.000000
0.992748 0.109957 -0.048580 0.879800 -0.088466 0.941890 0.324062 30.689800 0.081390 -0.317415 0.944788 2.800200 0.000000 0.000000 0.000000 1.000000
0.992661 0.109791 -0.050704 0.879800 -0.084967 0.931521 0.353623 30.689800 0.086056 -0.346720 0.934013 2.800200 0.000000 0.000000 0.000000 1.000000
0.993606 0.097653 -0.056661 0.879800 -0.069164 0.923156 0.378152 30.689800 0.089235 -0.371816 0.924008 2.800200 0.000000 0.000000 0.000000 1.000000
0.994341 0.084973 -0.063756 0.879800 -0.053946 0.920904 0.386037 30.689800 0.091516 -0.380414 0.920277 2.800200 0.000000 0.000000 0.000000 1.000000
0.994612 0.076648 -0.069807 0.879800 -0.045216 0.926643 0.373213 30.689800 0.093292 -0.368045 0.925116 2.800200 0.000000 0.000000 0.000000 1.000000
0.994643 0.069806 -0.076236 0.879800 -0.038479 0.934563 0.353711 30.689800 0.095939 -0.348883 0.932243 2.800200 0.000000 0.000000 0.000000 1.000000
0.994511 0.063831 -0.082903 0.879800 -0.033032 0.943369 0.330097 30.689800 0.099278 -0.325546 0.940300 2.800200 0.000000 0.000000 0.000000 1.000000
0.994276 0.058078 -0.089677 0.879800 -0.028127 0.952027 0.304717 30.689800 0.103073 -0.300451 0.948212 2.800200 0.000000 0.000000 0.000000 1.000000
0.993986 0.051918 -0.096413 0.879800 -0.022946 0.959665 0.280209 30.689800 0.107072 -0.276312 0.955085 2.800200 0.000000 0.000000 0.000000 1.000000
0.993736 0.044146 -0.102666 0.879800 -0.016065 0.965559 0.259689 30.689800 0.110594 -0.256413 0.960219 2.800200 0.000000 0.000000 0.000000 1.000000
0.993504 0.035752 -0.108037 0.879800 -0.008773 0.970605 0.240517 30.689800 0.113460 -0.238007 0.964614 2.800200 0.000000 0.000000 0.000000 1.000000
0.993318 0.027348 -0.112125 0.879800 -0.001882 0.975228 0.221196 30.689800 0.115397 -0.219507 0.968762 2.800200 0.000000 0.000000 0.000000 1.000000</float_array><technique_common><accessor source="#mixamorig_Neck-Matrix-animation-output-transform-array" count="35" stride="16"><param type="float4x4"/></accessor></technique_common></source><source id="mixamorig_Neck-Interpolations"><Name_array id="mixamorig_Neck-Interpolations-array" count="35">
 LINEAR LINEAR LINEAR LINEAR LINEAR LINEAR LINEAR LINEAR LINEAR LINEAR LINEAR
LINEAR LINEAR LINEAR LINEAR LINEAR LINEAR LINEAR LINEAR LINEAR LINEAR LINEAR LINEAR
LINEAR LINEAR LINEAR LINEAR LINEAR LINEAR LINEAR LINEAR LINEAR LINEAR LINEAR LINEAR</Name_array><technique_common><accessor source="#mixamorig_Neck-Interpolations-array" count="35"><param type="name"/></accessor></technique_common></source><sampler id="mixamorig_Neck-Matrix-animation-transform"><input semantic="INPUT" source="#mixamorig_Neck-Matrix-animation-input"/><input semantic="OUTPUT" source="#mixamorig_Neck-Matrix-animation-output-transform"/><input semantic="INTERPOLATION" source="#mixamorig_Neck-Interpolations"/></sampler><channel source="#mixamorig_Neck-Matrix-animation-transform" target="mixamorig_Neck/matrix"/></animation>
    <animation id="mixamorig_Head-anim" name="mixamorig_Head"><source id="mixamorig_Head-Matrix-animation-input"><float_array id="mixamorig_Head-Matrix-animation-input-array" count="35">

0.000000 0.033333 0.066667 0.100000 0.133333 0.166667 0.200000 0.233333 0.266667 0.300000 0.333333 0.366667 0.400000 0.433333 0.466667 0.500000
0.533333 0.566667 0.600000 0.633333 0.666667 0.700000 0.733333 0.766667 0.800000 0.833333 0.866667 0.900000 0.933333 0.966667 1.000000 1.033333
1.066667 1.100000 1.133333</float_array><technique_common><accessor source="#mixamorig_Head-Matrix-animation-input-array" count="35"><param name="TIME" type="float"/></accessor></technique_common></source><source id="mixamorig_Head-Matrix-animation-output-transform"><float_array id="mixamorig_Head-Matrix-animation-output-transform-array" count="560">

0.998946 -0.010615 -0.044650 0.154400 0.016035 0.992299 0.122825 19.089399 0.043002 -0.123411 0.991423 6.327400 0.000000 0.000000 0.000000 1.000000
0.999034 -0.016885 -0.040567 0.154400 0.021920 0.991648 0.127095 19.089399 0.038082 -0.127861 0.991061 6.327400 0.000000 0.000000 0.000000 1.000000
0.999071 -0.022905 -0.036507 0.154400 0.027545 0.990848 0.132139 19.089399 0.033146 -0.133022 0.990559 6.327400 0.000000 0.000000 0.000000 1.000000
0.999049 -0.029166 -0.032422 0.154400 0.033333 0.990082 0.136481 19.089399 0.028120 -0.137432 0.990112 6.327400 0.000000 0.000000 0.000000 1.000000
0.998945 -0.036189 -0.028273 0.154400 0.039781 0.989489 0.139029 19.089399 0.022944 -0.140007 0.989885 6.327400 0.000000 0.000000 0.000000 1.000000
0.998522 -0.048102 -0.025299 0.154400 0.051103 0.989431 0.135698 19.089399 0.018504 -0.136790 0.990427 6.327400 0.000000 0.000000 0.000000 1.000000
0.997692 -0.063397 -0.024309 0.154400 0.065991 0.989648 0.127443 19.089399 0.015978 -0.128753 0.991548 6.327400 0.000000 0.000000 0.000000 1.000000
0.997852 -0.060204 -0.025813 0.154400 0.062966 0.990208 0.124592 19.089399 0.018060 -0.125950 0.991872 6.327400 0.000000 0.000000 0.000000 1.000000
0.997968 -0.049479 -0.040137 0.154400 0.053665 0.992374 0.110967 19.089399 0.034340 -0.112896 0.993013 6.327400 0.000000 0.000000 0.000000 1.000000
0.997597 -0.040899 -0.055933 0.154400 0.046320 0.993974 0.099344 19.089399 0.051533 -0.101696 0.993480 6.327400 0.000000 0.000000 0.000000 1.000000
0.996535 -0.046795 -0.068761 0.154400 0.053487 0.993654 0.098946 19.089399 0.063695 -0.102281 0.992714 6.327400 0.000000 0.000000 0.000000 1.000000
0.995932 -0.048321 -0.076055 0.154400 0.056087 0.993045 0.103521 19.089399 0.070524 -0.107365 0.991715 6.327400 0.000000 0.000000 0.000000 1.000000
0.996045 -0.042505 -0.078023 0.154400 0.051062 0.992487 0.111184 19.089399 0.072711 -0.114728 0.990732 6.327400 0.000000 0.000000 0.000000 1.000000
0.996356 -0.033941 -0.078248 0.154400 0.042992 0.992194 0.117062 19.089399 0.073664 -0.120000 0.990037 6.327400 0.000000 0.000000 0.000000 1.000000
0.996796 -0.022633 -0.076722 0.154400 0.031843 0.992138 0.121029 19.089399 0.073379 -0.123084 0.989680 6.327400 0.000000 0.000000 0.000000 1.000000
0.996811 -0.017908 -0.077770 0.154400 0.027968 0.991084 0.130270 19.089399 0.074743 -0.132029 0.988424 6.327400 0.000000 0.000000 0.000000 1.000000
0.996785 -0.017353 -0.078223 0.154400 0.028161 0.989856 0.139255 19.089399 0.075013 -0.141011 0.987162 6.327400 0.000000 0.000000 0.000000 1.000000
0.996394 -0.029437 -0.079571 0.154400 0.040053 0.989993 0.135314 19.089399 0.074792 -0.138013 0.987602 6.327400 0.000000 0.000000 0.000000 1.000000
