<?xml version="1.0" encoding="utf-8"?>
<COLLADA xmlns="http://www.collada.org/2005/11/COLLADASchema" version="1.4.1">
  <asset><contributor><author>Mixamo</author><authoring_tool>COLLADA Mixamo exporter</authoring_tool><comments></comments></contributor><created>2018-02-10T11:46:54Z</created><modified>2018-02-10T11:46:54Z</modified><revision></revision><title></title><unit meter="0.010000"/><up_axis>Y_UP</up_axis></asset>
  <library_animations>
    <animation id="mixamorig_Hips-anim" name="mixamorig_Hips"><source id="mixamorig_Hips-Matrix-animation-input"><float_array id="mixamorig_Hips-Matrix-animation-input-array" count="36">

0.000000 0.033333 0.066667 0.100000 0.133333 0.166667 0.200000 0.233333 0.266667 0.300000 0.333333 0.366667 0.400000 0.433333 0.466667 0.500000
0.533333 0.566667 0.600000 0.633333 0.666667 0.700000 0.733333 0.766667 0.800000 0.833333 0.866667 0.900000 0.933333 0.966667 1.000000 1.033333
1.066667 1.100000 1.133333 1.166667</float_array><technique_common><accessor source="#mixamorig_Hips-Matrix-animation-input-array" count="36"><param name="TIME" type="float"/></accessor></technique_common></source><source id="mixamorig_Hips-Matrix-animation-output-transform"><float_array id="mixamorig_Hips-Matrix-animation-output-transform-array" count="576">

0.963599 -0.022124 -0.266434 0.444327 0.013572 0.999333 -0.033897 200.456360 0.267007 0.029047 0.963257 -3.547702 0.000000 0.000000 0.000000 1.000000
0.965764 -0.012599 -0.259115 0.623180 0.006220 0.999657 -0.025426 199.531250 0.259347 0.022944 0.965512 -11.130726 0.000000 0.000000 0.000000 1.000000
0.967158 -0.008368 -0.254036 0.996811 0.003839 0.999825 -0.018319 197.968353 0.254145 0.016742 0.967021 -18.284628 0.000000 0.000000 0.000000 1.000000
0.968800 -0.001019 -0.247844 1.614246 -0.001923 0.999931 -0.011628 195.706665 0.247838 0.011741 0.968730 -25.668207 0.000000 0.000000 0.000000 1.000000
0.969271 0.007981 -0.245866 2.562502 -0.008956 0.999956 -0.002851 193.241974 0.245832 0.004965 0.969300 -33.217873 0.000000 0.000000 0.000000 1.000000
0.967985 0.014642 -0.250582 3.784654 -0.013887 0.999892 0.004778 190.756500 0.250625 -0.001146 0.968083 -40.823090 0.000000 0.000000 0.000000 1.000000
0.966593 0.017461 -0.255719 5.326371 -0.015216 0.999826 0.010755 188.568298 0.255862 -0.006505 0.966691 -49.089458 0.000000 0.000000 0.000000 1.000000
0.967719 0.011188 -0.251782 6.957829 -0.008447 0.999893 0.011963 187.156143 0.251889 -0.009450 0.967710 -58.263577 0.000000 0.000000 0.000000 1.000000
0.971238 0.006833 -0.238014 8.712070 -0.005063 0.999955 0.008047 186.655075 0.238058 -0.006610 0.971228 -68.424522 0.000000 0.000000 0.000000 1.000000
0.972938 0.003754 -0.231035 10.576572 -0.004168 0.999990 -0.001308 187.230301 0.231028 0.002235 0.972944 -79.819344 0.000000 0.000000 0.000000 1.000000
0.971207 -0.003740 -0.238206 12.343446 -0.000430 0.999848 -0.017449 188.107788 0.238235 0.017049 0.971058 -90.873299 0.000000 0.000000 0.000000 1.000000
0.967942 -0.012609 -0.250857 14.064109 0.003714 0.999349 -0.035899 189.055588 0.251147 0.033816 0.967358 -101.709953 0.000000 0.000000 0.000000 1.000000
0.963395 -0.020324 -0.267314 15.706981 0.006281 0.998560 -0.053282 190.137527 0.268012 0.049653 0.962135 -112.138138 0.000000 0.000000 0.000000 1.000000
0.957614 -0.020564 -0.287321 17.043495 0.002415 0.997987 -0.063378 191.616653 0.288046 0.059998 0.955735 -121.210670 0.000000 0.000000 0.000000 1.000000
0.951078 -0.016710 -0.308498 18.193436 -0.004825 0.997611 -0.068911 193.295807 0.308913 0.067028 0.948725 -129.507202 0.000000 0.000000 0.000000 1.000000
0.946011 -0.013850 -0.323838 19.054852 -0.009818 0.997404 -0.071336 194.921204 0.323985 0.070664 0.943420 -137.252075 0.000000 0.000000 0.000000 1.000000
0.944505 -0.014706 -0.328168 19.471235 -0.008951 0.997474 -0.070463 196.275879 0.328375 0.069490 0.941988 -144.448975 0.000000 0.000000 0.000000 1.000000
0.944868 -0.017816 -0.326968 19.518524 -0.004258 0.997766 -0.066670 196.967926 0.327425 0.064386 0.942681 -151.053207 0.000000 0.000000 0.000000 1.000000
0.944070 -0.022612 -0.328968 19.273672 0.002338 0.998080 -0.061896 196.707535 0.329736 0.057665 0.942311 -157.598099 0.000000 0.000000 0.000000 1.000000
0.943518 -0.025729 -0.330322 18.847509 0.008866 0.998584 -0.052456 195.597763 0.331204 0.046564 0.942410 -164.104645 0.000000 0.000000 0.000000 1.000000
0.943888 -0.027327 -0.329133 18.334776 0.014558 0.999045 -0.041197 194.013443 0.329944 0.034094 0.943384 -170.842941 0.000000 0.000000 0.000000 1.000000
0.944502 -0.029982 -0.327135 17.768595 0.021378 0.999325 -0.029867 192.225952 0.327809 0.021216 0.944506 -177.759842 0.000000 0.000000 0.000000 1.000000
0.944816 -0.036874 -0.325519 17.096680 0.032133 0.999285 -0.019932 190.234314 0.326022 0.008373 0.945325 -185.097809 0.000000 0.000000 0.000000 1.000000
0.942415 -0.045705 -0.331309 16.281048 0.044737 0.998943 -0.010551 188.632370 0.331441 -0.004878 0.943463 -192.790649 0.000000 0.000000 0.000000 1.000000
0.936075 -0.049636 -0.348281 15.282223 0.053215 0.998583 0.000712 187.582993 0.347753 -0.019201 0.937390 -201.431915 0.000000 0.000000 0.000000 1.000000
0.927206 -0.047489 -0.371530 13.935336 0.050059 0.998743 -0.002731 187.352753 0.371193 -0.016066 0.928417 -210.797150 0.000000 0.000000 0.000000 1.000000
0.916651 -0.041591 -0.397519 12.024876 0.039725 0.999127 -0.012932 187.905807 0.397710 -0.003937 0.917503 -221.716599 0.000000 0.000000 0.000000 1.000000
0.909929 -0.032337 -0.413501 9.877909 0.028311 0.999473 -0.015863 189.280350 0.413796 0.002727 0.910366 -233.644211 0.000000 0.000000 0.000000 1.000000
0.910539 -0.020895 -0.412895 7.988468 0.014841 0.999730 -0.017865 190.993347 0.413157 0.010140 0.910603 -245.255539 0.000000 0.000000 0.000000 1.000000
0.917801 -0.011592 -0.396871 6.337667 0.002088 0.999701 -0.024372 192.882660 0.397034 0.021540 0.917551 -256.461853 0.000000 0.000000 0.000000 1.000000
0.927112 -0.010814 -0.374628 4.931681 0.000330 0.999607 -0.028036 194.569977 0.374784 0.025868 0.926751 -266.453125 0.000000 0.000000 0.000000 1.000000
0.936671 -0.014030 -0.349929 3.657330 0.003590 0.999529 -0.030465 196.182770 0.350191 0.027280 0.936281 -275.859680 0.000000 0.000000 0.000000 1.000000
0.945444 -0.018805 -0.325240 2.514756 0.008686 0.999433 -0.032537 197.721359 0.325668 0.027936 0.945071 -284.859131 0.000000 0.000000 0.000000 1.000000
0.952667 -0.022799 -0.303159 1.512090 0.012687 0.999297 -0.035283 199.200439 0.303750 0.029767 0.952287 -293.613678 0.000000 0.000000 0.000000 1.000000
0.958067 -0.026345 -0.285332 0.890833 0.016308 0.999164 -0.037498 200.290924 0.286081 0.031272 0.957695 -301.495148 0.000000 0.000000 0.000000 1.000000
0.963599 -0.022124 -0.266435 0.445627 0.013572 0.999333 -0.033898 200.456314 0.267007 0.029048 0.963257 -309.373627 0.000000 0.000000 0.000000 1.000000</float_array><technique_common><accessor source="#mixamorig_Hips-Matrix-animation-output-transform-array" count="36" stride="16"><param type="float4x4"/></accessor></technique_common></source><source id="mixamorig_Hips-Interpolations"><Name_array id="mixamorig_Hips-Interpolations-array" count="36">
 LINEAR LINEAR LINEAR LINEAR LINEAR LINEAR LINEAR LINEAR LINEAR LINEAR LINEAR
LINEAR LINEAR LINEAR LINEAR LINEAR LINEAR LINEAR LINEAR LINEAR LINEAR LINEAR LINEAR
LINEAR LINEAR LINEAR LINEAR LINEAR LINEAR LINEAR LINEAR LINEAR LINEAR LINEAR LINEAR
LINEAR</Name_array><technique_common><accessor source="#mixamorig_Hips-Interpolations-array" count="36"><param type="name"/></accessor></technique_common></source><sampler id="mixamorig_Hips-Matrix-animation-transform"><input semantic="INPUT" source="#mixamorig_Hips-Matrix-animation-input"/><input semantic="OUTPUT" source="#mixamorig_Hips-Matrix-animation-output-transform"/><input semantic="INTERPOLATION" source="#mixamorig_Hips-Interpolations"/></sampler><channel source="#mixamorig_Hips-Matrix-animation-transform" target="mixamorig_Hips/matrix"/></animation>
    <animation id="mixamorig_Spine-anim" name="mixamorig_Spine"><source id="mixamorig_Spine-Matrix-animation-input"><float_array id="mixamorig_Spine-Matrix-animation-input-array" count="36">

0.000000 0.033333 0.066667 0.100000 0.133333 0.166667 0.200000 0.233333 0.266667 0.300000 0.333333 0.366667 0.400000 0.433333 0.466667 0.500000
0.533333 0.566667 0.600000 0.633333 0.666667 0.700000 0.733333 0.766667 0.800000 0.833333 0.866667 0.900000 0.933333 0.966667 1.000000 1.033333
1.066667 1.100000 1.133333 1.166667</float_array><technique_common><accessor source="#mixamorig_Spine-Matrix-animation-input-array" count="36"><param name="TIME" type="float"/></accessor></technique_common></source><source id="mixamorig_Spine-Matrix-animation-output-transform"><float_array id="mixamorig_Spine-Matrix-animation-output-transform-array" count="576">

0.999913 -0.006432 -0.011506 -0.057500 0.005706 0.998058 -0.062029 18.534300 0.011883 0.061958 0.998008 -2.042900 0.000000 0.000000 0.000000 1.000000
0.999794 -0.015359 -0.013297 -0.057500 0.014466 0.997792 -0.064820 18.534300 0.014263 0.064614 0.997808 -2.042900 0.000000 0.000000 0.000000 1.000000
0.999631 -0.022287 -0.015561 -0.057500 0.021287 0.997870 -0.061664 18.534300 0.016902 0.061310 0.997976 -2.042900 0.000000 0.000000 0.000000 1.000000
0.999249 -0.034428 -0.017797 -0.057500 0.033388 0.997885 -0.055769 18.534300 0.019680 0.055133 0.998285 -2.042900 0.000000 0.000000 0.000000 1.000000
0.998569 -0.049548 -0.020115 -0.057500 0.048467 0.997517 -0.051104 18.534300 0.022597 0.050056 0.998491 -2.042900 0.000000 0.000000 0.000000 1.000000
0.997679 -0.064664 -0.021351 -0.057500 0.063652 0.996953 -0.045088 18.534300 0.024201 0.043625 0.998755 -2.042900 0.000000 0.000000 0.000000 1.000000
0.996783 -0.076663 -0.023380 -0.057500 0.075737 0.996396 -0.038195 18.534300 0.026224 0.036301 0.998997 -2.042900 0.000000 0.000000 0.000000 1.000000
0.996667 -0.077162 -0.026491 -0.057500 0.076247 0.996510 -0.033969 18.534300 0.029020 0.031836 0.999072 -2.042900 0.000000 0.000000 0.000000 1.000000
0.996719 -0.075416 -0.029401 -0.057500 0.074306 0.996541 -0.037199 18.534300 0.032104 0.034893 0.998875 -2.042900 0.000000 0.000000 0.000000 1.000000
0.997067 -0.070997 -0.028566 -0.057500 0.069608 0.996468 -0.046977 18.534300 0.031801 0.044851 0.998487 -2.042900 0.000000 0.000000 0.000000 1.000000
0.997722 -0.062125 -0.026287 -0.057500 0.060575 0.996584 -0.056140 18.534300 0.029685 0.054420 0.998077 -2.042900 0.000000 0.000000 0.000000 1.000000
0.998357 -0.052222 -0.023604 -0.057500 0.050598 0.996614 -0.064804 18.534300 0.026908 0.063503 0.997619 -2.042900 0.000000 0.000000 0.000000 1.000000
0.998821 -0.044179 -0.020127 -0.057500 0.042610 0.996446 -0.072666 18.534300 0.023266 0.071723 0.997153 -2.042900 0.000000 0.000000 0.000000 1.000000
0.998862 -0.045210 -0.015203 -0.057500 0.043930 0.996139 -0.076006 18.534300 0.018581 0.075252 0.996991 -2.042900 0.000000 0.000000 0.000000 1.000000
0.998635 -0.051299 -0.009818 -0.057500 0.050405 0.995814 -0.076245 18.534300 0.013689 0.075646 0.997041 -2.042900 0.000000 0.000000 0.000000 1.000000
0.998373 -0.056639 -0.006603 -0.057500 0.055994 0.995665 -0.074263 18.534300 0.010780 0.073772 0.997217 -2.042900 0.000000 0.000000 0.000000 1.000000
0.998302 -0.057784 -0.007365 -0.057500 0.057131 0.995924 -0.069795 18.534300 0.011368 0.069256 0.997534 -2.042900 0.000000 0.000000 0.000000 1.000000
0.998493 -0.054176 -0.008807 -0.057500 0.053522 0.996606 -0.062542 18.534300 0.012165 0.061976 0.998003 -2.042900 0.000000 0.000000 0.000000 1.000000
0.998879 -0.046596 -0.008348 -0.057500 0.046107 0.997611 -0.051446 18.534300 0.010725 0.051003 0.998641 -2.042900 0.000000 0.000000 0.000000 1.000000
0.999170 -0.039990 -0.007694 -0.057500 0.039611 0.998232 -0.044305 18.534300 0.009453 0.043963 0.998988 -2.042900 0.000000 0.000000 0.000000 1.000000
0.999344 -0.035435 -0.007468 -0.057500 0.035114 0.998607 -0.039388 18.534300 0.008854 0.039099 0.999196 -2.042900 0.000000 0.000000 0.000000 1.000000
0.999489 -0.031029 -0.007705 -0.057500 0.030740 0.998909 -0.035168 18.534300 0.008788 0.034914 0.999352 -2.042900 0.000000 0.000000 0.000000 1.000000
0.999629 -0.025840 -0.008665 -0.057500 0.025567 0.999214 -0.030298 18.534300 0.009441 0.030066 0.999503 -2.042900 0.000000 0.000000 0.000000 1.000000
0.999755 -0.020655 -0.007975 -0.057500 0.020453 0.999489 -0.024564 18.534300 0.008478 0.024395 0.999666 -2.042900 0.000000 0.000000 0.000000 1.000000
0.999853 -0.016657 -0.003984 -0.057500 0.016549 0.999532 -0.025712 18.534300 0.004411 0.025643 0.999661 -2.042900 0.000000 0.000000 0.000000 1.000000
0.999822 -0.018808 0.001448 -0.057500 0.018834 0.999595 -0.021320 18.534300 -0.001047 0.021343 0.999772 -2.042900 0.000000 0.000000 0.000000 1.000000
0.999794 -0.018712 0.007821 -0.057500 0.018880 0.999579 -0.022022 18.534300 -0.007405 0.022165 0.999727 -2.042900 0.000000 0.000000 0.000000 1.000000
0.999768 -0.018725 0.010687 -0.057500 0.019077 0.999247 -0.033776 18.534300 -0.010047 0.033973 0.999372 -2.042900 0.000000 0.000000 0.000000 1.000000
0.999704 -0.022434 0.009413 -0.057500 0.022864 0.998567 -0.048394 18.534300 -0.008314 0.048595 0.998784 -2.042900 0.000000 0.000000 0.000000 1.000000
0.999618 -0.026996 0.005923 -0.057500 0.027286 0.998052 -0.056111 18.534300 -0.004396 0.056252 0.998407 -2.042900 0.000000 0.000000 0.000000 1.000000
0.999710 -0.023942 0.002549 -0.057500 0.024051 0.997943 -0.059421 18.534300 -0.001121 0.059465 0.998230 -2.042900 0.000000 0.000000 0.000000 1.000000
0.999846 -0.017524 -0.000767 -0.057500 0.017445 0.998003 -0.060703 18.534300 0.001829 0.060680 0.998156 -2.042900 0.000000 0.000000 0.000000 1.000000
0.999938 -0.010462 -0.003904 -0.057500 0.010205 0.998095 -0.060848 18.534300 0.004534 0.060804 0.998139 -2.042900 0.000000 0.000000 0.000000 1.000000
0.999963 -0.005329 -0.006746 -0.057500 0.004910 0.998142 -0.060727 18.534300 0.007057 0.060692 0.998132 -2.042900 0.000000 0.000000 0.000000 1.000000
0.999954 -0.002744 -0.009200 -0.057500 0.002194 0.998240 -0.059264 18.534300 0.009346 0.059242 0.998200 -2.042900 0.000000 0.000000 0.000000 1.000000
0.999913 -0.006431 -0.011506 -0.057500 0.005706 0.998058 -0.062029 18.534300 0.011883 0.061958 0.998008 -2.042900 0.000000 0.000000 0.000000 1.000000</float_array><technique_common><accessor source="#mixamorig_Spine-Matrix-animation-output-transform-array" count="36" stride="16"><param type="float4x4"/></accessor></technique_common></source><source id="mixamorig_Spine-Interpolations"><Name_array id="mixamorig_Spine-Interpolations-array" count="36">
 LINEAR LINEAR LINEAR LINEAR LINEAR LINEAR LINEAR LINEAR LINEAR LINEAR LINEAR
LINEAR LINEAR LINEAR LINEAR LINEAR LINEAR LINEAR LINEAR LINEAR LINEAR LINEAR LINEAR
LINEAR LINEAR LINEAR LINEAR LINEAR LINEAR LINEAR LINEAR LINEAR LINEAR LINEAR LINEAR
LINEAR</Name_array><technique_common><accessor source="#mixamorig_Spine-Interpolations-array" count="36"><param type="name"/></accessor></technique_common></source><sampler id="mixamorig_Spine-Matrix-animation-transform"><input semantic="INPUT" source="#mixamorig_Spine-Matrix-animation-input"/><input semantic="OUTPUT" source="#mixamorig_Spine-Matrix-animation-output-transform"/><input semantic="INTERPOLATION" source="#mixamorig_Spine-Interpolations"/></sampler><channel source="#mixamorig_Spine-Matrix-animation-transform" target="mixamorig_Spine/matrix"/></animation>
    <animation id="mixamorig_Spine1-anim" name="mixamorig_Spine1"><source id="mixamorig_Spine1-Matrix-animation-input"><float_array id="mixamorig_Spine1-Matrix-animation-input-array" count="36">

0.000000 0.033333 0.066667 0.100000 0.133333 0.166667 0.200000 0.233333 0.266667 0.300000 0.333333 0.366667 0.400000 0.433333 0.466667 0.500000
0.533333 0.566667 0.600000 0.633333 0.666667 0.700000 0.733333 0.766667 0.800000 0.833333 0.866667 0.900000 0.933333 0.966667 1.000000 1.033333
1.066667 1.100000 1.133333 1.166667</float_array><technique_common><accessor source="#mixamorig_Spine1-Matrix-animation-input-array" count="36"><param name="TIME" type="float"/></accessor></technique_common></source><source id="mixamorig_Spine1-Matrix-animation-output-transform"><float_array id="mixamorig_Spine1-Matrix-animation-output-transform-array" count="576">

0.999628 -0.015489 -0.022431 0.305500 0.012593 0.992210 -0.123935 19.736099 0.024176 0.123607 0.992037 -0.783400 0.000000 0.000000 0.000000 1.000000
0.999493 -0.018547 -0.025887 0.305500 0.015193 0.992137 -0.124227 19.736099 0.027988 0.123771 0.991916 -0.783400 0.000000 0.000000 0.000000 1.000000
0.999385 -0.019104 -0.029392 0.305500 0.015303 0.992099 -0.124519 19.736099 0.031538 0.123992 0.991782 -0.783400 0.000000 0.000000 0.000000 1.000000
0.999260 -0.020484 -0.032559 0.305500 0.016286 0.992106 -0.124343 19.736099 0.034849 0.123721 0.991705 -0.783400 0.000000 0.000000 0.000000 1.000000
0.999200 -0.019585 -0.034881 0.305500 0.015090 0.992072 -0.124765 19.736099 0.037048 0.124139 0.991573 -0.783400 0.000000 0.000000 0.000000 1.000000
0.999248 -0.016666 -0.035024 0.305500 0.012155 0.992050 -0.125258 19.736099 0.036833 0.124738 0.991506 -0.783400 0.000000 0.000000 0.000000 1.000000
0.999242 -0.014160 -0.036257 0.305500 0.009448 0.991859 -0.126993 19.736099 0.037760 0.126554 0.991241 -0.783400 0.000000 0.000000 0.000000 1.000000
0.999023 -0.017124 -0.040739 0.305500 0.011808 0.991789 -0.127335 19.736099 0.042585 0.126730 0.991023 -0.783400 0.000000 0.000000 0.000000 1.000000
0.998667 -0.023341 -0.046027 0.305500 0.017353 0.991823 -0.126433 19.736099 0.048601 0.125465 0.990907 -0.783400 0.000000 0.000000 0.000000 1.000000
0.998453 -0.029365 -0.047221 0.305500 0.023357 0.992119 -0.123102 19.736099 0.050464 0.121809 0.991270 -0.783400 0.000000 0.000000 0.000000 1.000000
0.998461 -0.031543 -0.045619 0.305500 0.025966 0.992666 -0.118066 19.736099 0.049008 0.116700 0.991957 -0.783400 0.000000 0.000000 0.000000 1.000000
0.998569 -0.032040 -0.042809 0.305500 0.027042 0.993271 -0.112610 19.736099 0.046129 0.111291 0.992717 -0.783400 0.000000 0.000000 0.000000 1.000000
0.998778 -0.031091 -0.038414 0.305500 0.026777 0.993775 -0.108139 19.736099 0.041537 0.106978 0.993393 -0.783400 0.000000 0.000000 0.000000 1.000000
0.999116 -0.027816 -0.031519 0.305500 0.024270 0.993880 -0.107765 19.736099 0.034324 0.106905 0.993677 -0.783400 0.000000 0.000000 0.000000 1.000000
0.999453 -0.023267 -0.023501 0.305500 0.020552 0.993737 -0.109842 19.736099 0.025909 0.109299 0.993671 -0.783400 0.000000 0.000000 0.000000 1.000000
0.999663 -0.018592 -0.018108 0.305500 0.016443 0.993533 -0.112351 19.736099 0.020079 0.112015 0.993504 -0.783400 0.000000 0.000000 0.000000 1.000000
0.999733 -0.014624 -0.017864 0.305500 0.012484 0.993343 -0.114514 19.736099 0.019420 0.114260 0.993261 -0.783400 0.000000 0.000000 0.000000 1.000000
0.999737 -0.013336 -0.018632 0.305500 0.011056 0.993008 -0.117527 19.736099 0.020069 0.117290 0.992895 -0.783400 0.000000 0.000000 0.000000 1.000000
0.999770 -0.013023 -0.017048 0.305500 0.010858 0.992538 -0.121451 19.736099 0.018503 0.121238 0.992451 -0.783400 0.000000 0.000000 0.000000 1.000000
0.999820 -0.011328 -0.015215 0.305500 0.009339 0.992109 -0.125027 19.736099 0.016511 0.124862 0.992037 -0.783400 0.000000 0.000000 0.000000 1.000000
0.999853 -0.009737 -0.014093 0.305500 0.007864 0.991826 -0.127354 19.736099 0.015218 0.127225 0.991757 -0.783400 0.000000 0.000000 0.000000 1.000000
0.999875 -0.007958 -0.013659 0.305500 0.006131 0.991636 -0.128917 19.736099 0.014571 0.128817 0.991561 -0.783400 0.000000 0.000000 0.000000 1.000000
0.999886 -0.005061 -0.014201 0.305500 0.003173 0.991514 -0.129965 19.736099 0.014738 0.129905 0.991417 -0.783400 0.000000 0.000000 0.000000 1.000000
0.999923 -0.000612 -0.012413 0.305500 -0.001039 0.991179 -0.132528 19.736099 0.012384 0.132531 0.991101 -0.783400 0.000000 0.000000 0.000000 1.000000
0.999971 0.003610 -0.006659 0.305500 -0.004469 0.990991 -0.133851 19.736099 0.006116 0.133876 0.990979 -0.783400 0.000000 0.000000 0.000000 1.000000
0.999972 0.007332 0.001491 0.305500 -0.007065 0.990899 -0.134421 19.736099 -0.002463 0.134407 0.990923 -0.783400 0.000000 0.000000 0.000000 1.000000
0.999904 0.008868 0.010631 0.305500 -0.007359 0.990903 -0.134378 19.736099 -0.011726 0.134287 0.990873 -0.783400 0.000000 0.000000 0.000000 1.000000
0.999809 0.012243 0.015235 0.305500 -0.010093 0.990930 -0.134002 19.736099 -0.016737 0.133823 0.990864 -0.783400 0.000000 0.000000 0.000000 1.000000
0.999839 0.011445 0.013830 0.305500 -0.009531 0.991291 -0.131346 19.736099 -0.015213 0.131193 0.991240 -0.783400 0.000000 0.000000 0.000000 1.000000
0.999942 0.006518 0.008517 0.305500 -0.005370 0.991706 -0.128418 19.736099 -0.009283 0.128365 0.991684 -0.783400 0.000000 0.000000 0.000000 1.000000
0.999994 0.002015 0.002821 0.305500 -0.001640 0.991854 -0.127371 19.736099 -0.003055 0.127365 0.991851 -0.783400 0.000000 0.000000 0.000000 1.000000
0.999993 -0.002202 -0.002946 0.305500 0.001810 0.991893 -0.127064 19.736099 0.003202 0.127058 0.991890 -0.783400 0.000000 0.000000 0.000000 1.000000
0.999946 -0.006030 -0.008505 0.305500 0.004902 0.991910 -0.126852 19.736099 0.009201 0.126804 0.991885 -0.783400 0.000000 0.000000 0.000000 1.000000
0.999864 -0.009337 -0.013559 0.305500 0.007554 0.991991 -0.126079 19.736099 0.014627 0.125959 0.991928 -0.783400 0.000000 0.000000 0.000000 1.000000
0.999762 -0.012278 -0.018029 0.305500 0.009933 0.992122 -0.124882 19.736099 0.019420 0.124673 0.992008 -0.783400 0.000000 0.000000 0.000000 1.000000
0.999628 -0.015489 -0.022432 0.305500 0.012593 0.992210 -0.123936 19.736099 0.024177 0.123607 0.992037 -0.783400 0.000000 0.000000 0.000000 1.000000</float_array><technique_common><accessor source="#mixamorig_Spine1-Matrix-animation-output-transform-array" count="36" stride="16"><param type="float4x4"/></accessor></technique_common></source><source id="mixamorig_Spine1-Interpolations"><Name_array id="mixamorig_Spine1-Interpolations-array" count="36">
 LINEAR LINEAR LINEAR LINEAR LINEAR LINEAR LINEAR LINEAR LINEAR LINEAR LINEAR
LINEAR LINEAR LINEAR LINEAR LINEAR LINEAR LINEAR LINEAR LINEAR LINEAR LINEAR LINEAR
LINEAR LINEAR LINEAR LINEAR LINEAR LINEAR LINEAR LINEAR LINEAR LINEAR LINEAR LINEAR
LINEAR</Name_array><technique_common><accessor source="#mixamorig_Spine1-Interpolations-array" count="36"><param type="name"/></accessor></technique_common></source><sampler id="mixamorig_Spine1-Matrix-animation-transform"><input semantic="INPUT" source="#mixamorig_Spine1-Matrix-animation-input"/><input semantic="OUTPUT" source="#mixamorig_Spine1-Matrix-animation-output-transform"/><input semantic="INTERPOLATION" source="#mixamorig_Spine1-Interpolations"/></sampler><channel source="#mixamorig_Spine1-Matrix-animation-transform" target="mixamorig_Spine1/matrix"/></animation>
    <animation id="mixamorig_Spine2-anim" name="mixamorig_Spine2"><source id="mixamorig_Spine2-Matrix-animation-input"><float_array id="mixamorig_Spine2-Matrix-animation-input-array" count="36">

0.000000 0.033333 0.066667 0.100000 0.133333 0.166667 0.200000 0.233333 0.266667 0.300000 0.333333 0.366667 0.400000 0.433333 0.466667 0.500000
0.533333 0.566667 0.600000 0.633333 0.666667 0.700000 0.733333 0.766667 0.800000 0.833333 0.866667 0.900000 0.933333 0.966667 1.000000 1.033333
1.066667 1.100000 1.133333 1.166667</float_array><technique_common><accessor source="#mixamorig_Spine2-Matrix-animation-input-array" count="36"><param name="TIME" type="float"/></accessor></technique_common></source><source id="mixamorig_Spine2-Matrix-animation-output-transform"><float_array id="mixamorig_Spine2-Matrix-animation-output-transform-array" count="576">

0.999628 -0.015488 -0.022431 0.152700 0.012593 0.992210 -0.123937 25.612801 0.024176 0.123608 0.992037 -0.124700 0.000000 0.000000 0.000000 1.000000
0.999497 -0.018876 -0.025493 0.152700 0.015564 0.992115 -0.124364 25.612801 0.027639 0.123905 0.991909 -0.124700 0.000000 0.000000 0.000000 1.000000
0.999384 -0.019753 -0.028994 0.152700 0.015990 0.992062 -0.124726 25.612801 0.031228 0.124186 0.991767 -0.124700 0.000000 0.000000 0.000000 1.000000
0.999253 -0.021403 -0.032183 0.152700 0.017237 0.992064 -0.124548 25.612801 0.034593 0.123900 0.991692 -0.124700 0.000000 0.000000 0.000000 1.000000
0.999180 -0.020705 -0.034795 0.152700 0.016210 0.992044 -0.124840 25.612801 0.037103 0.124173 0.991567 -0.124700 0.000000 0.000000 0.000000 1.000000
0.999211 -0.017788 -0.035520 0.152700 0.013213 0.992056 -0.125100 25.612801 0.037463 0.124532 0.991508 -0.124700 0.000000 0.000000 0.000000 1.000000
0.999186 -0.015352 -0.037297 0.152700 0.010512 0.991892 -0.126652 25.612801 0.038939 0.126157 0.991246 -0.124700 0.000000 0.000000 0.000000 1.000000
0.998963 -0.018637 -0.041538 0.152700 0.013219 0.991805 -0.127078 25.612801 0.043566 0.126397 0.991023 -0.124700 0.000000 0.000000 0.000000 1.000000
0.998618 -0.025304 -0.046053 0.152700 0.019303 0.991796 -0.126366 25.612801 0.048873 0.125302 0.990914 -0.124700 0.000000 0.000000 0.000000 1.000000
0.998428 -0.031531 -0.046338 0.152700 0.025611 0.992049 -0.123215 25.612801 0.049855 0.121835 0.991298 -0.124700 0.000000 0.000000 0.000000 1.000000
0.998452 -0.033691 -0.044251 0.152700 0.028249 0.992575 -0.118309 25.612801 0.047908 0.116875 0.991990 -0.124700 0.000000 0.000000 0.000000 1.000000
0.998572 -0.034064 -0.041157 0.152700 0.029225 0.993171 -0.112949 25.612801 0.044723 0.111585 0.992748 -0.124700 0.000000 0.000000 0.000000 1.000000
0.998788 -0.032815 -0.036683 0.152700 0.028663 0.993685 -0.108485 25.612801 0.040012 0.107302 0.993421 -0.124700 0.000000 0.000000 0.000000 1.000000
0.999127 -0.028901 -0.030151 0.152700 0.025491 0.993834 -0.107907 25.612801 0.033084 0.107044 0.993704 -0.124700 0.000000 0.000000 0.000000 1.000000
0.999464 -0.023547 -0.022745 0.152700 0.020917 0.993747 -0.109675 25.612801 0.025185 0.109140 0.993707 -0.124700 0.000000 0.000000 0.000000 1.000000
0.999671 -0.018321 -0.017977 0.152700 0.016196 0.993582 -0.111949 25.612801 0.019912 0.111621 0.993551 -0.124700 0.000000 0.000000 0.000000 1.000000
0.999731 -0.014323 -0.018234 0.152700 0.012152 0.993401 -0.114050 25.612801 0.019747 0.113798 0.993308 -0.124700 0.000000 0.000000 0.000000 1.000000
0.999729 -0.013082 -0.019243 0.152700 0.010742 0.993064 -0.117087 25.612801 0.020641 0.116848 0.992935 -0.124700 0.000000 0.000000 0.000000 1.000000
0.999761 -0.012569 -0.017860 0.152700 0.010317 0.992595 -0.121032 25.612801 0.019249 0.120819 0.992488 -0.124700 0.000000 0.000000 0.000000 1.000000
0.999810 -0.010677 -0.016291 0.152700 0.008565 0.992170 -0.124602 25.612801 0.017494 0.124438 0.992073 -0.124700 0.000000 0.000000 0.000000 1.000000
0.999842 -0.008968 -0.015373 0.152700 0.006946 0.991888 -0.126922 25.612801 0.016386 0.126795 0.991794 -0.124700 0.000000 0.000000 0.000000 1.000000
0.999860 -0.007137 -0.015131 0.152700 0.005134 0.991698 -0.128484 25.612801 0.015922 0.128388 0.991596 -0.124700 0.000000 0.000000 0.000000 1.000000
0.999864 -0.004272 -0.015945 0.152700 0.002171 0.991571 -0.129543 25.612801 0.016364 0.129491 0.991446 -0.124700 0.000000 0.000000 0.000000 1.000000
0.999893 0.000334 -0.014596 0.152700 -0.002259 0.991239 -0.132064 25.612801 0.014424 0.132083 0.991134 -0.124700 0.000000 0.000000 0.000000 1.000000
0.999945 0.005005 -0.009200 0.152700 -0.006187 0.991060 -0.133274 25.612801 0.008450 0.133323 0.991037 -0.124700 0.000000 0.000000 0.000000 1.000000
0.999955 0.009335 -0.001525 0.152700 -0.009455 0.990975 -0.133711 25.612801 0.000263 0.133719 0.991019 -0.124700 0.000000 0.000000 0.000000 1.000000
0.999906 0.011562 0.007366 0.152700 -0.010475 0.990984 -0.133568 25.612801 -0.008844 0.133479 0.991012 -0.124700 0.000000 0.000000 0.000000 1.000000
0.999814 0.015351 0.011641 0.152700 -0.013666 0.991000 -0.133163 25.612801 -0.013581 0.132979 0.991026 -0.124700 0.000000 0.000000 0.000000 1.000000
0.999841 0.014536 0.010324 0.152700 -0.013065 0.991355 -0.130557 25.612801 -0.012133 0.130401 0.991387 -0.124700 0.000000 0.000000 0.000000 1.000000
0.999942 0.009203 0.005534 0.152700 -0.008421 0.991773 -0.127731 25.612801 -0.006664 0.127677 0.991793 -0.124700 0.000000 0.000000 0.000000 1.000000
0.999991 0.004232 0.000430 0.152700 -0.004143 0.991922 -0.126784 25.612801 -0.000963 0.126782 0.991930 -0.124700 0.000000 0.000000 0.000000 1.000000
0.999989 -0.000475 -0.004737 0.152700 -0.000128 0.991956 -0.126580 25.612801 0.004759 0.126579 0.991945 -0.124700 0.000000 0.000000 0.000000 1.000000
0.999941 -0.004783 -0.009741 0.152700 0.003513 0.991964 -0.126474 25.612801 0.010268 0.126433 0.991922 -0.124700 0.000000 0.000000 0.000000 1.000000
0.999861 -0.008532 -0.014342 0.152700 0.006660 0.992031 -0.125814 25.612801 0.015301 0.125701 0.991950 -0.124700 0.000000 0.000000 0.000000 1.000000
0.999759 -0.011868 -0.018455 0.152700 0.009475 0.992141 -0.124766 25.612801 0.019791 0.124561 0.992015 -0.124700 0.000000 0.000000 0.000000 1.000000
0.999628 -0.015489 -0.022432 0.152700 0.012593 0.992210 -0.123937 25.612801 0.024176 0.123608 0.992037 -0.124700 0.000000 0.000000 0.000000 1.000000</float_array><technique_common><accessor source="#mixamorig_Spine2-Matrix-animation-output-transform-array" count="36" stride="16"><param type="float4x4"/></accessor></technique_common></source><source id="mixamorig_Spine2-Interpolations"><Name_array id="mixamorig_Spine2-Interpolations-array" count="36">
 LINEAR LINEAR LINEAR LINEAR LINEAR LINEAR LINEAR LINEAR LINEAR LINEAR LINEAR
LINEAR LINEAR LINEAR LINEAR LINEAR LINEAR LINEAR LINEAR LINEAR LINEAR LINEAR LINEAR
LINEAR LINEAR LINEAR LINEAR LINEAR LINEAR LINEAR LINEAR LINEAR LINEAR LINEAR LINEAR
LINEAR</Name_array><technique_common><accessor source="#mixamorig_Spine2-Interpolations-array" count="36"><param type="name"/></accessor></technique_common></source><sampler id="mixamorig_Spine2-Matrix-animation-transform"><input semantic="INPUT" source="#mixamorig_Spine2-Matrix-animation-input"/><input semantic="OUTPUT" source="#mixamorig_Spine2-Matrix-animation-output-transform"/><input semantic="INTERPOLATION" source="#mixamorig_Spine2-Interpolations"/></sampler><channel source="#mixamorig_Spine2-Matrix-animation-transform" target="mixamorig_Spine2/matrix"/></animation>
    <animation id="mixamorig_Neck-anim" name="mixamorig_Neck"><source id="mixamorig_Neck-Matrix-animation-input"><float_array id="mixamorig_Neck-Matrix-animation-input-array" count="36">

0.000000 0.033333 0.066667 0.100000 0.133333 0.166667 0.200000 0.233333 0.266667 0.300000 0.333333 0.366667 0.400000 0.433333 0.466667 0.500000
0.533333 0.566667 0.600000 0.633333 0.666667 0.700000 0.733333 0.766667 0.800000 0.833333 0.866667 0.900000 0.933333 0.966667 1.000000 1.033333
1.066667 1.100000 1.133333 1.166667</float_array><technique_common><accessor source="#mixamorig_Neck-Matrix-animation-input-array" count="36"><param name="TIME" type="float"/></accessor></technique_common></source><source id="mixamorig_Neck-Matrix-animation-output-transform"><float_array id="mixamorig_Neck-Matrix-animation-output-transform-array" count="576">

0.963529 0.217144 0.156399 0.879800 -0.177553 0.956014 -0.233477 30.689800 -0.200218 0.197192 0.959702 2.800200 0.000000 0.000000 0.000000 1.000000
0.962337 0.220985 0.158345 0.879800 -0.181262 0.955656 -0.232088 30.689800 -0.202612 0.194645 0.959720 2.800200 0.000000 0.000000 0.000000 1.000000
0.960465 0.227685 0.160207 0.879800 -0.186332 0.953292 -0.237728 30.689800 -0.206852 0.198478 0.958029 2.800200 0.000000 0.000000 0.000000 1.000000
0.956670 0.241924 0.162036 0.879800 -0.198334 0.948846 -0.245672 30.689800 -0.213181 0.202890 0.955714 2.800200 0.000000 0.000000 0.000000 1.000000
0.955372 0.247702 0.160963 0.879800 -0.203731 0.947050 -0.248174 30.689800 -0.213913 0.204305 0.955249 2.800200 0.000000 0.000000 0.000000 1.000000
0.954273 0.251921 0.160928 0.879800 -0.207659 0.945890 -0.249339 30.689800 -0.215034 0.204520 0.954951 2.800200 0.000000 0.000000 0.000000 1.000000
0.952534 0.257102 0.163028 0.879800 -0.212372 0.944866 -0.249253 30.689800 -0.218123 0.202799 0.954618 2.800200 0.000000 0.000000 0.000000 1.000000
0.947072 0.275268 0.165175 0.879800 -0.228509 0.939446 -0.255393 30.689800 -0.225475 0.204131 0.952624 2.800200 0.000000 0.000000 0.000000 1.000000
0.943757 0.286373 0.165266 0.879800 -0.238908 0.936168 -0.257901 30.689800 -0.228572 0.203913 0.951932 2.800200 0.000000 0.000000 0.000000 1.000000
0.942124 0.292550 0.163761 0.879800 -0.244842 0.934043 -0.260030 30.689800 -0.229031 0.204885 0.951613 2.800200 0.000000 0.000000 0.000000 1.000000
0.940905 0.295342 0.165745 0.879800 -0.248935 0.934941 -0.252819 30.689800 -0.229630 0.196618 0.953211 2.800200 0.000000 0.000000 0.000000 1.000000
0.940545 0.294789 0.168745 0.879800 -0.250499 0.937500 -0.241545 30.689800 -0.229403 0.184914 0.955605 2.800200 0.000000 0.000000 0.000000 1.000000
0.941127 0.291316 0.171508 0.879800 -0.249662 0.941016 -0.228380 30.689800 -0.227923 0.172116 0.958346 2.800200 0.000000 0.000000 0.000000 1.000000
0.943146 0.283760 0.173080 0.879800 -0.244533 0.945069 -0.216906 30.689800 -0.225122 0.162250 0.960726 2.800200 0.000000 0.000000 0.000000 1.000000
0.946144 0.273088 0.173878 0.879800 -0.235970 0.949428 -0.207136 30.689800 -0.221650 0.154950 0.962736 2.800200 0.000000 0.000000 0.000000 1.000000
0.949581 0.260528 0.174418 0.879800 -0.224812 0.953571 -0.200407 30.689800 -0.218532 0.151091 0.964062 2.800200 0.000000 0.000000 0.000000 1.000000
0.952965 0.247506 0.174923 0.879800 -0.212188 0.956950 -0.198046 30.689800 -0.216410 0.151614 0.964458 2.800200 0.000000 0.000000 0.000000 1.000000
0.953522 0.243375 0.177662 0.879800 -0.208164 0.958340 -0.195583 30.689800 -0.217860 0.149510 0.964460 2.800200 0.000000 0.000000 0.000000 1.000000
0.954045 0.241558 0.177336 0.879800 -0.206732 0.958960 -0.194055 30.689800 -0.216934 0.148476 0.964829 2.800200 0.000000 0.000000 0.000000 1.000000
0.956576 0.233303 0.174733 0.879800 -0.198625 0.960472 -0.195044 30.689800 -0.213331 0.151868 0.965104 2.800200 0.000000 0.000000 0.000000 1.000000
0.958749 0.226143 0.172219 0.879800 -0.191068 0.961279 -0.198583 30.689800 -0.210459 0.157486 0.964834 2.800200 0.000000 0.000000 0.000000 1.000000
0.960395 0.220338 0.170564 0.879800 -0.184468 0.961548 -0.203463 30.689800 -0.208836 0.163941 0.964111 2.800200 0.000000 0.000000 0.000000 1.000000
0.961254 0.216455 0.170696 0.879800 -0.179235 0.961227 -0.209565 30.689800 -0.209439 0.170850 0.962780 2.800200 0.000000 0.000000 0.000000 1.000000
0.961461 0.215953 0.170169 0.879800 -0.177137 0.959892 -0.217324 30.689800 -0.210275 0.178805 0.961152 2.800200 0.000000 0.000000 0.000000 1.000000
0.960593 0.218842 0.171377 0.879800 -0.177381 0.957317 -0.228212 30.689800 -0.214005 0.188820 0.958410 2.800200 0.000000 0.000000 0.000000 1.000000
0.959884 0.219026 0.175074 0.879800 -0.175627 0.956357 -0.233529 30.689800 -0.218582 0.193413 0.956459 2.800200 0.000000 0.000000 0.000000 1.000000
0.957890 0.222732 0.181209 0.879800 -0.178170 0.955968 -0.233199 30.689800 -0.225171 0.191093 0.955396 2.800200 0.000000 0.000000 0.000000 1.000000
0.957123 0.223624 0.184143 0.879800 -0.176106 0.953892 -0.243058 30.689800 -0.230006 0.200208 0.952373 2.800200 0.000000 0.000000 0.000000 1.000000
0.955342 0.231432 0.183741 0.879800 -0.179978 0.948862 -0.259363 30.689800 -0.234370 0.214711 0.948140 2.800200 0.000000 0.000000 0.000000 1.000000
0.954265 0.236173 0.183303 0.879800 -0.182576 0.945894 -0.268237 30.689800 -0.236736 0.222503 0.945753 2.800200 0.000000 0.000000 0.000000 1.000000
0.955063 0.234908 0.180758 0.879800 -0.181639 0.945755 -0.269359 30.689800 -0.234228 0.224422 0.945924 2.800200 0.000000 0.000000 0.000000 1.000000
0.956614 0.231262 0.177224 0.879800 -0.179479 0.946887 -0.266821 30.689800 -0.229516 0.223436 0.947311 2.800200 0.000000 0.000000 0.000000 1.000000
0.958453 0.226826 0.172969 0.879800 -0.177241 0.948671 -0.261933 30.689800 -0.223504 0.220393 0.949459 2.800200 0.000000 0.000000 0.000000 1.000000
0.960135 0.223232 0.168253 0.879800 -0.176170 0.950535 -0.255826 30.689800 -0.217039 0.215987 0.951968 2.800200 0.000000 0.000000 0.000000 1.000000
0.961244 0.222495 0.162805 0.879800 -0.179098 0.952887 -0.244806 30.689800 -0.209603 0.206160 0.955806 2.800200 0.000000 0.000000 0.000000 1.000000
0.963519 0.217204 0.156377 0.879800 -0.177590 0.955976 -0.233607 30.689800 -0.200234 0.197314 0.959674 2.800200 0.000000 0.000000 0.000000 1.000000</float_array><technique_common><accessor source="#mixamorig_Neck-Matrix-animation-output-transform-array" count="36" stride="16"><param type="float4x4"/></accessor></technique_common></source><source id="mixamorig_Neck-Interpolations"><Name_array id="mixamorig_Neck-Interpolations-array" count="36">
 LINEAR LINEAR LINEAR LINEAR LINEAR LINEAR LINEAR LINEAR LINEAR LINEAR LINEAR
LINEAR LINEAR LINEAR LINEAR LINEAR LINEAR LINEAR LINEAR LINEAR LINEAR LINEAR LINEAR
LINEAR LINEAR LINEAR LINEAR LINEAR LINEAR LINEAR LINEAR LINEAR LINEAR LINEAR LINEAR
LINEAR</Name_array><technique_common><accessor source="#mixamorig_Neck-Interpolations-array" count="36"><param type="name"/></accessor></technique_common></source><sampler id="mixamorig_Neck-Matrix-animation-transform"><input semantic="INPUT" source="#mixamorig_Neck-Matrix-animation-input"/><input semantic="OUTPUT" source="#mixamorig_Neck-Matrix-animation-output-transform"/><input semantic="INTERPOLATION" source="#mixamorig_Neck-Interpolations"/></sampler><channel source="#mixamorig_Neck-Matrix-animation-transform" target="mixamorig_Neck/matrix"/></animation>
    <animation id="mixamorig_Head-anim" name="mixamorig_Head"><source id="mixamorig_Head-Matrix-animation-input"><float_array id="mixamorig_Head-Matrix-animation-input-array" count="36">

0.000000 0.033333 0.066667 0.100000 0.133333 0.166667 0.200000 0.233333 0.266667 0.300000 0.333333 0.366667 0.400000 0.433333 0.466667 0.500000
0.533333 0.566667 0.600000 0.633333 0.666667 0.700000 0.733333 0.766667 0.800000 0.833333 0.866667 0.900000 0.933333 0.966667 1.000000 1.033333
1.066667 1.100000 1.133333 1.166667</float_array><technique_common><accessor source="#mixamorig_Head-Matrix-animation-input-array" count="36"><param name="TIME" type="float"/></accessor></technique_common></source><source id="mixamorig_Head-Matrix-animation-output-transform"><float_array id="mixamorig_Head-Matrix-animation-output-transform-array" count="576">

0.992070 -0.054540 0.113240 0.154400 0.001350 0.905519 0.424304 19.089399 -0.125683 -0.420787 0.898411 6.327400 0.000000 0.000000 0.000000 1.000000
0.991618 -0.062168 0.113265 0.154400 0.008743 0.906908 0.421237 19.089399 -0.128908 -0.416716 0.899850 6.327400 0.000000 0.000000 0.000000 1.000000
0.990963 -0.074378 0.111629 0.154400 0.020906 0.907662 0.419180 19.089399 -0.132499 -0.413058 0.901015 6.327400 0.000000 0.000000 0.000000 1.000000
0.989935 -0.092675 0.106960 0.154400 0.040655 0.910133 0.412317 19.089399 -0.135560 -0.403818 0.904740 6.327400 0.000000 0.000000 0.000000 1.000000
0.989473 -0.099856 0.104745 0.154400 0.050160 0.915577 0.399002 19.089399 -0.135745 -0.389547 0.910948 6.327400 0.000000 0.000000 0.000000 1.000000
0.989090 -0.103160 0.105164 0.154400 0.055162 0.921297 0.384928 19.089399 -0.136597 -0.374927 0.916936 6.327400 0.000000 0.000000 0.000000 1.000000
0.988601 -0.105269 0.107636 0.154400 0.057766 0.925422 0.374509 19.089399 -0.139033 -0.364022 0.920955 6.327400 0.000000 0.000000 0.000000 1.000000
0.987733 -0.115464 0.105128 0.154400 0.067966 0.924011 0.376278 19.089399 -0.140585 -0.364517 0.920523 6.327400 0.000000 0.000000 0.000000 1.000000
0.987345 -0.121217 0.102258 0.154400 0.074166 0.922879 0.377882 19.089399 -0.140178 -0.365516 0.920189 6.327400 0.000000 0.000000 0.000000 1.000000
0.986931 -0.128226 0.097599 0.154400 0.081521 0.919728 0.383997 19.089399 -0.139003 -0.371022 0.918161 6.327400 0.000000 0.000000 0.000000 1.000000
0.986434 -0.132830 0.096457 0.154400 0.085394 0.917037 0.389553 19.089399 -0.140199 -0.376031 0.915939 6.327400 0.000000 0.000000 0.000000 1.000000
0.986166 -0.134385 0.097040 0.154400 0.085891 0.914986 0.394237 19.089399 -0.141770 -0.380448 0.913871 6.327400 0.000000 0.000000 0.000000 1.000000
0.986238 -0.132913 0.098325 0.154400 0.083561 0.913903 0.397238 19.089399 -0.142658 -0.383556 0.912433 6.327400 0.000000 0.000000 0.000000 1.000000
