<?xml version="1.0" encoding="utf-8"?>
<COLLADA xmlns="http://www.collada.org/2005/11/COLLADASchema" version="1.4.1">
  <asset><contributor><author>Mixamo</author><authoring_tool>COLLADA Mixamo exporter</authoring_tool><comments></comments></contributor><created>2018-02-10T11:46:18Z</created><modified>2018-02-10T11:46:18Z</modified><revision></revision><title></title><unit meter="0.010000"/><up_axis>Y_UP</up_axis></asset>
  <library_animations>
    <animation id="mixamorig_Hips-anim" name="mixamorig_Hips"><source id="mixamorig_Hips-Matrix-animation-input"><float_array id="mixamorig_Hips-Matrix-animation-input-array" count="36">

0.000000 0.033333 0.066667 0.100000 0.133333 0.166667 0.200000 0.233333 0.266667 0.300000 0.333333 0.366667 0.400000 0.433333 0.466667 0.500000
0.533333 0.566667 0.600000 0.633333 0.666667 0.700000 0.733333 0.766667 0.800000 0.833333 0.866667 0.900000 0.933333 0.966667 1.000000 1.033333
1.066667 1.100000 1.133333 1.166667</float_array><technique_common><accessor source="#mixamorig_Hips-Matrix-animation-input-array" count="36"><param name="TIME" type="float"/></accessor></technique_common></source><source id="mixamorig_Hips-Matrix-animation-output-transform"><float_array id="mixamorig_Hips-Matrix-animation-output-transform-array" count="576">

0.699775 -0.147605 -0.698948 1.962648 0.005292 0.979465 -0.201547 198.554306 0.714344 0.137339 0.686186 -2.639334 0.000000 0.000000 0.000000 1.000000
0.690593 -0.148922 -0.707745 -5.774116 0.004699 0.979474 -0.201514 198.500671 0.723228 0.135838 0.677118 -2.599792 0.000000 0.000000 0.000000 1.000000
0.678744 -0.152710 -0.718322 -13.608089 0.004831 0.979048 -0.203573 198.219818 0.734359 0.134703 0.665261 -2.427528 0.000000 0.000000 0.000000 1.000000
0.661887 -0.155645 -0.733267 -21.090279 0.003018 0.978751 -0.205028 197.730835 0.749598 0.133492 0.648292 -2.144090 0.000000 0.000000 0.000000 1.000000
0.639054 -0.157828 -0.752795 -28.628849 0.000833 0.978863 -0.204518 197.052902 0.769161 0.130071 0.625678 -1.578678 0.000000 0.000000 0.000000 1.000000
0.611719 -0.160449 -0.774633 -36.404873 -0.001207 0.979025 -0.203737 196.180313 0.791075 0.125565 0.598694 -0.757353 0.000000 0.000000 0.000000 1.000000
0.584534 -0.163117 -0.794803 -44.457153 -0.001434 0.979374 -0.202051 195.140839 0.811368 0.119246 0.572243 0.284319 0.000000 0.000000 0.000000 1.000000
0.560593 -0.165024 -0.811481 -52.901966 0.000097 0.979955 -0.199218 193.784943 0.828091 0.111602 0.549372 1.507276 0.000000 0.000000 0.000000 1.000000
0.539554 -0.163509 -0.825922 -62.007240 0.000827 0.981064 -0.193682 192.578842 0.841951 0.103819 0.529472 2.902359 0.000000 0.000000 0.000000 1.000000
0.522128 -0.159375 -0.837844 -72.065323 -0.001310 0.982234 -0.187657 191.696838 0.852866 0.099078 0.512643 4.395681 0.000000 0.000000 0.000000 1.000000
0.511565 -0.153614 -0.845401 -83.070511 -0.005069 0.983333 -0.181744 191.162537 0.859229 0.097259 0.502260 5.845179 0.000000 0.000000 0.000000 1.000000
0.510373 -0.151051 -0.846583 -94.402664 -0.003005 0.984133 -0.177404 190.834061 0.859948 0.093087 0.501822 7.129420 0.000000 0.000000 0.000000 1.000000
0.516478 -0.147589 -0.843486 -105.266968 0.004636 0.985502 -0.169599 190.834747 0.856288 0.083684 0.509674 8.286927 0.000000 0.000000 0.000000 1.000000
0.525321 -0.141953 -0.838980 -115.319443 0.012834 0.987196 -0.158995 191.214798 0.850807 0.072756 0.520416 9.447688 0.000000 0.000000 0.000000 1.000000
0.532606 -0.136651 -0.835259 -124.602028 0.019413 0.988593 -0.149358 191.727753 0.846141 0.063334 0.529183 10.603971 0.000000 0.000000 0.000000 1.000000
0.536943 -0.133016 -0.833066 -133.310364 0.022439 0.989394 -0.143514 192.374023 0.843320 0.058366 0.534233 11.640224 0.000000 0.000000 0.000000 1.000000
0.541280 -0.131614 -0.830478 -141.663742 0.021526 0.989519 -0.142789 193.133377 0.840567 0.059412 0.538440 12.472434 0.000000 0.000000 0.000000 1.000000
0.547413 -0.131463 -0.826472 -149.779205 0.018748 0.989263 -0.144939 193.957077 0.836652 0.063847 0.544000 13.060456 0.000000 0.000000 0.000000 1.000000
0.558289 -0.133149 -0.818892 -157.759567 0.016599 0.988633 -0.149431 194.730362 0.829480 0.069833 0.554153 13.432971 0.000000 0.000000 0.000000 1.000000
0.574931 -0.136097 -0.806804 -165.708893 0.016005 0.987751 -0.155215 195.318924 0.818045 0.076325 0.570067 13.639907 0.000000 0.000000 0.000000 1.000000
0.593842 -0.141073 -0.792117 -173.745682 0.018005 0.986592 -0.162209 195.513275 0.804380 0.082064 0.588420 13.727576 0.000000 0.000000 0.000000 1.000000
0.611855 -0.148684 -0.776870 -182.003662 0.022515 0.985049 -0.170795 195.257126 0.790650 0.087010 0.606055 13.752869 0.000000 0.000000 0.000000 1.000000
0.628985 -0.158254 -0.761140 -190.645798 0.029785 0.983248 -0.179820 194.627411 0.776847 0.090433 0.623162 13.694149 0.000000 0.000000 0.000000 1.000000
0.647714 -0.168481 -0.743022 -199.812866 0.040448 0.981472 -0.187289 193.812897 0.760809 0.091256 0.642528 13.423321 0.000000 0.000000 0.000000 1.000000
0.669963 -0.176464 -0.721117 -209.679626 0.051367 0.980030 -0.192100 192.882614 0.740615 0.091658 0.665649 12.787899 0.000000 0.000000 0.000000 1.000000
0.691845 -0.177418 -0.699909 -220.431458 0.057485 0.979799 -0.191544 191.854630 0.719754 0.092285 0.688068 11.690466 0.000000 0.000000 0.000000 1.000000
0.709113 -0.170315 -0.684216 -232.400803 0.055754 0.980894 -0.186382 190.797577 0.702887 0.094018 0.705061 10.155678 0.000000 0.000000 0.000000 1.000000
0.712881 -0.154251 -0.684111 -244.549911 0.041178 0.983034 -0.178741 189.960678 0.700075 0.099250 0.707138 8.280505 0.000000 0.000000 0.000000 1.000000
0.705015 -0.132777 -0.696652 -255.643387 0.019492 0.985574 -0.168117 190.166229 0.708925 0.104946 0.697433 6.132423 0.000000 0.000000 0.000000 1.000000
0.694313 -0.112885 -0.710764 -266.619934 -0.003280 0.987115 -0.159980 191.055267 0.719665 0.113407 0.684997 3.956659 0.000000 0.000000 0.000000 1.000000
0.690784 -0.099515 -0.716181 -277.479218 -0.020097 0.987459 -0.156594 192.094971 0.722782 0.122566 0.680120 2.032144 0.000000 0.000000 0.000000 1.000000
0.695161 -0.094880 -0.712565 -288.611938 -0.029693 0.986615 -0.160338 193.540863 0.718241 0.132619 0.683039 0.442436 0.000000 0.000000 0.000000 1.000000
0.700447 -0.101849 -0.706400 -300.354645 -0.027474 0.985184 -0.169287 195.385986 0.713175 0.137984 0.687271 -0.938722 0.000000 0.000000 0.000000 1.000000
0.700663 -0.115816 -0.704030 -312.096649 -0.019180 0.983324 -0.180849 196.886383 0.713235 0.140218 0.686757 -1.896684 0.000000 0.000000 0.000000 1.000000
0.699538 -0.132784 -0.702150 -323.676025 -0.006747 0.981313 -0.192298 197.952393 0.714563 0.139257 0.685570 -2.430145 0.000000 0.000000 0.000000 1.000000
0.699775 -0.147605 -0.698948 -333.262909 0.005292 0.979464 -0.201547 198.554321 0.714344 0.137339 0.686186 -2.639337 0.000000 0.000000 0.000000 1.000000</float_array><technique_common><accessor source="#mixamorig_Hips-Matrix-animation-output-transform-array" count="36" stride="16"><param type="float4x4"/></accessor></technique_common></source><source id="mixamorig_Hips-Interpolations"><Name_array id="mixamorig_Hips-Interpolations-array" count="36">
 LINEAR LINEAR LINEAR LINEAR LINEAR LINEAR LINEAR LINEAR LINEAR LINEAR LINEAR
LINEAR LINEAR LINEAR LINEAR LINEAR LINEAR LINEAR LINEAR LINEAR LINEAR LINEAR LINEAR
LINEAR LINEAR LINEAR LINEAR LINEAR LINEAR LINEAR LINEAR LINEAR LINEAR LINEAR LINEAR
LINEAR</Name_array><technique_common><accessor source="#mixamorig_Hips-Interpolations-array" count="36"><param type="name"/></accessor></technique_common></source><sampler id="mixamorig_Hips-Matrix-animation-transform"><input semantic="INPUT" source="#mixamorig_Hips-Matrix-animation-input"/><input semantic="OUTPUT" source="#mixamorig_Hips-Matrix-animation-output-transform"/><input semantic="INTERPOLATION" source="#mixamorig_Hips-Interpolations"/></sampler><channel source="#mixamorig_Hips-Matrix-animation-transform" target="mixamorig_Hips/matrix"/></animation>
    <animation id="mixamorig_Spine-anim" name="mixamorig_Spine"><source id="mixamorig_Spine-Matrix-animation-input"><float_array id="mixamorig_Spine-Matrix-animation-input-array" count="36">

0.000000 0.033333 0.066667 0.100000 0.133333 0.166667 0.200000 0.233333 0.266667 0.300000 0.333333 0.366667 0.400000 0.433333 0.466667 0.500000
0.533333 0.566667 0.600000 0.633333 0.666667 0.700000 0.733333 0.766667 0.800000 0.833333 0.866667 0.900000 0.933333 0.966667 1.000000 1.033333
1.066667 1.100000 1.133333 1.166667</float_array><technique_common><accessor source="#mixamorig_Spine-Matrix-animation-input-array" count="36"><param name="TIME" type="float"/></accessor></technique_common></source><source id="mixamorig_Spine-Matrix-animation-output-transform"><float_array id="mixamorig_Spine-Matrix-animation-output-transform-array" count="576">

0.999469 -0.002541 0.032487 -0.057500 0.004447 0.998263 -0.058747 18.534300 -0.032281 0.058860 0.997744 -2.042900 0.000000 0.000000 0.000000 1.000000
0.999448 -0.000849 0.033202 -0.057500 0.002830 0.998214 -0.059673 18.534300 -0.033092 0.059734 0.997666 -2.042900 0.000000 0.000000 0.000000 1.000000
0.999370 0.000058 0.035487 -0.057500 0.002077 0.998189 -0.060113 18.534300 -0.035426 0.060149 0.997561 -2.042900 0.000000 0.000000 0.000000 1.000000
0.999186 -0.000061 0.040351 -0.057500 0.002507 0.998160 -0.060585 18.534300 -0.040274 0.060636 0.997347 -2.042900 0.000000 0.000000 0.000000 1.000000
0.998923 0.000252 0.046402 -0.057500 0.002593 0.998120 -0.061243 18.534300 -0.046330 0.061297 0.997044 -2.042900 0.000000 0.000000 0.000000 1.000000
0.998535 0.000537 0.054107 -0.057500 0.002740 0.998166 -0.060467 18.534300 -0.054040 0.060526 0.996703 -2.042900 0.000000 0.000000 0.000000 1.000000
0.998150 0.001258 0.060790 -0.057500 0.002354 0.998237 -0.059311 18.534300 -0.060758 0.059345 0.996387 -2.042900 0.000000 0.000000 0.000000 1.000000
0.997893 0.002923 0.064809 -0.057500 0.000779 0.998373 -0.057023 18.534300 -0.064870 0.056954 0.996267 -2.042900 0.000000 0.000000 0.000000 1.000000
0.997671 0.004956 0.068036 -0.057500 -0.001192 0.998472 -0.055252 18.534300 -0.068206 0.055042 0.996152 -2.042900 0.000000 0.000000 0.000000 1.000000
0.997397 0.006413 0.071819 -0.057500 -0.002741 0.998689 -0.051115 18.534300 -0.072053 0.050785 0.996107 -2.042900 0.000000 0.000000 0.000000 1.000000
0.997174 0.007278 0.074768 -0.057500 -0.003797 0.998906 -0.046602 18.534300 -0.075026 0.046186 0.996111 -2.042900 0.000000 0.000000 0.000000 1.000000
0.997193 0.012722 0.073789 -0.057500 -0.009734 0.999124 -0.040706 18.534300 -0.074243 0.039873 0.996443 -2.042900 0.000000 0.000000 0.000000 1.000000
0.997362 0.019308 0.069978 -0.057500 -0.016475 0.999030 -0.040846 18.534300 -0.070698 0.039586 0.996712 -2.042900 0.000000 0.000000 0.000000 1.000000
0.997659 0.021537 0.064898 -0.057500 -0.018746 0.998886 -0.043315 18.534300 -0.065758 0.041997 0.996951 -2.042900 0.000000 0.000000 0.000000 1.000000
0.997987 0.020517 0.060010 -0.057500 -0.017836 0.998834 -0.044868 18.534300 -0.060861 0.043707 0.997189 -2.042900 0.000000 0.000000 0.000000 1.000000
0.998189 0.016987 0.057713 -0.057500 -0.014311 0.998818 -0.046458 18.534300 -0.058434 0.045548 0.997252 -2.042900 0.000000 0.000000 0.000000 1.000000
0.998328 0.012075 0.056534 -0.057500 -0.009394 0.998830 -0.047440 18.534300 -0.057040 0.046829 0.997273 -2.042900 0.000000 0.000000 0.000000 1.000000
0.998386 0.007072 0.056353 -0.057500 -0.004304 0.998785 -0.049089 18.534300 -0.056632 0.048767 0.997203 -2.042900 0.000000 0.000000 0.000000 1.000000
0.998484 0.002065 0.054996 -0.057500 0.000685 0.998753 -0.049926 18.534300 -0.055031 0.049888 0.997238 -2.042900 0.000000 0.000000 0.000000 1.000000
0.998656 -0.003235 0.051732 -0.057500 0.005865 0.998694 -0.050762 18.534300 -0.051500 0.050998 0.997370 -2.042900 0.000000 0.000000 0.000000 1.000000
0.998780 -0.007095 0.048866 -0.057500 0.009614 0.998626 -0.051510 18.534300 -0.048434 0.051917 0.997476 -2.042900 0.000000 0.000000 0.000000 1.000000
0.998825 -0.009675 0.047490 -0.057500 0.012098 0.998625 -0.051005 18.534300 -0.046931 0.051519 0.997569 -2.042900 0.000000 0.000000 0.000000 1.000000
0.998860 -0.011076 0.046430 -0.057500 0.013409 0.998647 -0.050245 18.534300 -0.045811 0.050810 0.997657 -2.042900 0.000000 0.000000 0.000000 1.000000
0.999018 -0.009904 0.043186 -0.057500 0.012059 0.998679 -0.049945 18.534300 -0.042634 0.050416 0.997818 -2.042900 0.000000 0.000000 0.000000 1.000000
0.999271 -0.008880 0.037120 -0.057500 0.010666 0.998780 -0.048208 18.534300 -0.036646 0.048569 0.998147 -2.042900 0.000000 0.000000 0.000000 1.000000
0.999451 -0.008620 0.031980 -0.057500 0.010152 0.998792 -0.048074 18.534300 -0.031527 0.048373 0.998332 -2.042900 0.000000 0.000000 0.000000 1.000000
0.999630 -0.009631 0.025434 -0.057500 0.010790 0.998892 -0.045803 18.534300 -0.024964 0.046060 0.998627 -2.042900 0.000000 0.000000 0.000000 1.000000
0.999656 -0.008563 0.024801 -0.057500 0.009737 0.998818 -0.047624 18.534300 -0.024364 0.047849 0.998557 -2.042900 0.000000 0.000000 0.000000 1.000000
0.999602 -0.008985 0.026740 -0.057500 0.010286 0.998749 -0.048929 18.534300 -0.026267 0.049184 0.998444 -2.042900 0.000000 0.000000 0.000000 1.000000
0.999533 -0.010863 0.028556 -0.057500 0.012242 0.998745 -0.048569 18.534300 -0.027993 0.048896 0.998412 -2.042900 0.000000 0.000000 0.000000 1.000000
0.999522 -0.013890 0.027613 -0.057500 0.015266 0.998620 -0.050248 18.534300 -0.026877 0.050646 0.998355 -2.042900 0.000000 0.000000 0.000000 1.000000
0.999483 -0.018674 0.026176 -0.057500 0.020026 0.998427 -0.052365 18.534300 -0.025157 0.052862 0.998285 -2.042900 0.000000 0.000000 0.000000 1.000000
0.999546 -0.016525 0.025207 -0.057500 0.017873 0.998371 -0.054190 18.534300 -0.024270 0.054615 0.998212 -2.042900 0.000000 0.000000 0.000000 1.000000
0.999551 -0.010673 0.027988 -0.057500 0.012203 0.998407 -0.055081 18.534300 -0.027355 0.055397 0.998090 -2.042900 0.000000 0.000000 0.000000 1.000000
0.999534 -0.005258 0.030055 -0.057500 0.006975 0.998332 -0.057314 18.534300 -0.029703 0.057497 0.997904 -2.042900 0.000000 0.000000 0.000000 1.000000
0.999469 -0.002540 0.032487 -0.057500 0.004447 0.998263 -0.058746 18.534300 -0.032282 0.058859 0.997744 -2.042900 0.000000 0.000000 0.000000 1.000000</float_array><technique_common><accessor source="#mixamorig_Spine-Matrix-animation-output-transform-array" count="36" stride="16"><param type="float4x4"/></accessor></technique_common></source><source id="mixamorig_Spine-Interpolations"><Name_array id="mixamorig_Spine-Interpolations-array" count="36">
 LINEAR LINEAR LINEAR LINEAR LINEAR LINEAR LINEAR LINEAR LINEAR LINEAR LINEAR
LINEAR LINEAR LINEAR LINEAR LINEAR LINEAR LINEAR LINEAR LINEAR LINEAR LINEAR LINEAR
LINEAR LINEAR LINEAR LINEAR LINEAR LINEAR LINEAR LINEAR LINEAR LINEAR LINEAR LINEAR
LINEAR</Name_array><technique_common><accessor source="#mixamorig_Spine-Interpolations-array" count="36"><param type="name"/></accessor></technique_common></source><sampler id="mixamorig_Spine-Matrix-animation-transform"><input semantic="INPUT" source="#mixamorig_Spine-Matrix-animation-input"/><input semantic="OUTPUT" source="#mixamorig_Spine-Matrix-animation-output-transform"/><input semantic="INTERPOLATION" source="#mixamorig_Spine-Interpolations"/></sampler><channel source="#mixamorig_Spine-Matrix-animation-transform" target="mixamorig_Spine/matrix"/></animation>
    <animation id="mixamorig_Spine1-anim" name="mixamorig_Spine1"><source id="mixamorig_Spine1-Matrix-animation-input"><float_array id="mixamorig_Spine1-Matrix-animation-input-array" count="36">

0.000000 0.033333 0.066667 0.100000 0.133333 0.166667 0.200000 0.233333 0.266667 0.300000 0.333333 0.366667 0.400000 0.433333 0.466667 0.500000
0.533333 0.566667 0.600000 0.633333 0.666667 0.700000 0.733333 0.766667 0.800000 0.833333 0.866667 0.900000 0.933333 0.966667 1.000000 1.033333
1.066667 1.100000 1.133333 1.166667</float_array><technique_common><accessor source="#mixamorig_Spine1-Matrix-animation-input-array" count="36"><param name="TIME" type="float"/></accessor></technique_common></source><source id="mixamorig_Spine1-Matrix-animation-output-transform"><float_array id="mixamorig_Spine1-Matrix-animation-output-transform-array" count="576">

0.998939 0.013796 0.043934 0.305500 -0.009722 0.995746 -0.091627 19.736099 -0.045012 0.091103 0.994824 -0.783400 0.000000 0.000000 0.000000 1.000000
0.998654 0.014673 0.049747 0.305500 -0.010051 0.995716 -0.091914 19.736099 -0.050883 0.091290 0.994524 -0.783400 0.000000 0.000000 0.000000 1.000000
0.998282 0.015686 0.056459 0.305500 -0.010455 0.995725 -0.091774 19.736099 -0.057657 0.091026 0.994178 -0.783400 0.000000 0.000000 0.000000 1.000000
0.997719 0.017023 0.065319 0.305500 -0.010997 0.995742 -0.091525 19.736099 -0.066599 0.090598 0.993658 -0.783400 0.000000 0.000000 0.000000 1.000000
0.996843 0.018889 0.077123 0.305500 -0.011808 0.995758 -0.091251 19.736099 -0.078520 0.090052 0.992837 -0.783400 0.000000 0.000000 0.000000 1.000000
0.995673 0.021511 0.090407 0.305500 -0.013279 0.995790 -0.090696 19.736099 -0.091978 0.089103 0.991767 -0.783400 0.000000 0.000000 0.000000 1.000000
0.994342 0.024751 0.103300 0.305500 -0.015441 0.995825 -0.089969 19.736099 -0.105095 0.087865 0.990573 -0.783400 0.000000 0.000000 0.000000 1.000000
0.992980 0.027915 0.114938 0.305500 -0.017653 0.995844 -0.089350 19.736099 -0.116954 0.086693 0.989346 -0.783400 0.000000 0.000000 0.000000 1.000000
0.991668 0.030310 0.125204 0.305500 -0.019228 0.995865 -0.088792 19.736099 -0.127377 0.085645 0.988150 -0.783400 0.000000 0.000000 0.000000 1.000000
0.990549 0.031942 0.133390 0.305500 -0.020370 0.995980 -0.087229 19.736099 -0.135640 0.083687 0.987217 -0.783400 0.000000 0.000000 0.000000 1.000000
0.989845 0.034670 0.137859 0.305500 -0.023288 0.996249 -0.083336 19.736099 -0.140231 0.079279 0.986940 -0.783400 0.000000 0.000000 0.000000 1.000000
0.989695 0.039041 0.137768 0.305500 -0.028161 0.996392 -0.080057 19.736099 -0.140397 0.075352 0.987224 -0.783400 0.000000 0.000000 0.000000 1.000000
0.989981 0.042900 0.134529 0.305500 -0.032332 0.996288 -0.079778 19.736099 -0.137452 0.074629 0.987693 -0.783400 0.000000 0.000000 0.000000 1.000000
0.990393 0.044395 0.130964 0.305500 -0.033676 0.995984 -0.082954 19.736099 -0.134121 0.077746 0.987910 -0.783400 0.000000 0.000000 0.000000 1.000000
0.990697 0.043629 0.128903 0.305500 -0.032609 0.995726 -0.086403 19.736099 -0.132122 0.081395 0.987886 -0.783400 0.000000 0.000000 0.000000 1.000000
0.990907 0.041735 0.127910 0.305500 -0.030568 0.995646 -0.088058 19.736099 -0.131028 0.083347 0.987869 -0.783400 0.000000 0.000000 0.000000 1.000000
0.991168 0.038519 0.126897 0.305500 -0.027346 0.995688 -0.088645 19.736099 -0.129764 0.084392 0.987947 -0.783400 0.000000 0.000000 0.000000 1.000000
0.991614 0.034337 0.124590 0.305500 -0.023289 0.995753 -0.089068 19.736099 -0.127119 0.085420 0.988203 -0.783400 0.000000 0.000000 0.000000 1.000000
0.992326 0.029714 0.120025 0.305500 -0.018994 0.995806 -0.089491 19.736099 -0.122181 0.086525 0.988729 -0.783400 0.000000 0.000000 0.000000 1.000000
0.993308 0.024811 0.112797 0.305500 -0.014686 0.995858 -0.089728 19.736099 -0.114556 0.087471 0.989558 -0.783400 0.000000 0.000000 0.000000 1.000000
0.994429 0.020059 0.103482 0.305500 -0.010763 0.995917 -0.089625 19.736099 -0.104857 0.088012 0.990585 -0.783400 0.000000 0.000000 0.000000 1.000000
0.995503 0.016254 0.093323 0.305500 -0.007898 0.995980 -0.089222 19.736099 -0.094398 0.088084 0.991630 -0.783400 0.000000 0.000000 0.000000 1.000000
0.996474 0.013881 0.082751 0.305500 -0.006550 0.996080 -0.088214 19.736099 -0.083651 0.087361 0.992658 -0.783400 0.000000 0.000000 0.000000 1.000000
0.997385 0.012820 0.071120 0.305500 -0.006604 0.996191 -0.086953 19.736099 -0.071964 0.086256 0.993670 -0.783400 0.000000 0.000000 0.000000 1.000000
0.998234 0.012555 0.058068 0.305500 -0.007498 0.996224 -0.086499 19.736099 -0.058935 0.085911 0.994558 -0.783400 0.000000 0.000000 0.000000 1.000000
0.998915 0.011816 0.045057 0.305500 -0.007865 0.996188 -0.086874 19.736099 -0.045912 0.086426 0.995200 -0.783400 0.000000 0.000000 0.000000 1.000000
0.999271 0.009541 0.036968 0.305500 -0.006232 0.996046 -0.088617 19.736099 -0.037667 0.088322 0.995380 -0.783400 0.000000 0.000000 0.000000 1.000000
0.999302 0.005988 0.036881 0.305500 -0.002642 0.995928 -0.090109 19.736099 -0.037270 0.089948 0.995249 -0.783400 0.000000 0.000000 0.000000 1.000000
0.999017 0.003594 0.044192 0.305500 0.000516 0.995700 -0.092636 19.736099 -0.044335 0.092568 0.994719 -0.783400 0.000000 0.000000 0.000000 1.000000
0.998588 0.002106 0.053072 0.305500 0.002954 0.995465 -0.095083 19.736099 -0.053032 0.095105 0.994054 -0.783400 0.000000 0.000000 0.000000 1.000000
0.998346 0.001044 0.057474 0.305500 0.004530 0.995298 -0.096756 19.736099 -0.057305 0.096857 0.993647 -0.783400 0.000000 0.000000 0.000000 1.000000
0.998421 0.000520 0.056177 0.305500 0.004940 0.995272 -0.097002 19.736099 -0.055961 0.097126 0.993698 -0.783400 0.000000 0.000000 0.000000 1.000000
0.998607 0.001279 0.052750 0.305500 0.003781 0.995400 -0.095729 19.736099 -0.052630 0.095795 0.994009 -0.783400 0.000000 0.000000 0.000000 1.000000
0.998751 0.004405 0.049772 0.305500 0.000306 0.995548 -0.094252 19.736099 -0.049966 0.094149 0.994303 -0.783400 0.000000 0.000000 0.000000 1.000000
0.998837 0.009168 0.047337 0.305500 -0.004737 0.995665 -0.092891 19.736099 -0.047984 0.092558 0.994550 -0.783400 0.000000 0.000000 0.000000 1.000000
0.998941 0.013514 0.043985 0.305500 -0.009434 0.995742 -0.091699 19.736099 -0.045037 0.091187 0.994815 -0.783400 0.000000 0.000000 0.000000 1.000000</float_array><technique_common><accessor source="#mixamorig_Spine1-Matrix-animation-output-transform-array" count="36" stride="16"><param type="float4x4"/></accessor></technique_common></source><source id="mixamorig_Spine1-Interpolations"><Name_array id="mixamorig_Spine1-Interpolations-array" count="36">
 LINEAR LINEAR LINEAR LINEAR LINEAR LINEAR LINEAR LINEAR LINEAR LINEAR LINEAR
LINEAR LINEAR LINEAR LINEAR LINEAR LINEAR LINEAR LINEAR LINEAR LINEAR LINEAR LINEAR
LINEAR LINEAR LINEAR LINEAR LINEAR LINEAR LINEAR LINEAR LINEAR LINEAR LINEAR LINEAR
LINEAR</Name_array><technique_common><accessor source="#mixamorig_Spine1-Interpolations-array" count="36"><param type="name"/></accessor></technique_common></source><sampler id="mixamorig_Spine1-Matrix-animation-transform"><input semantic="INPUT" source="#mixamorig_Spine1-Matrix-animation-input"/><input semantic="OUTPUT" source="#mixamorig_Spine1-Matrix-animation-output-transform"/><input semantic="INTERPOLATION" source="#mixamorig_Spine1-Interpolations"/></sampler><channel source="#mixamorig_Spine1-Matrix-animation-transform" target="mixamorig_Spine1/matrix"/></animation>
    <animation id="mixamorig_Spine2-anim" name="mixamorig_Spine2"><source id="mixamorig_Spine2-Matrix-animation-input"><float_array id="mixamorig_Spine2-Matrix-animation-input-array" count="36">

0.000000 0.033333 0.066667 0.100000 0.133333 0.166667 0.200000 0.233333 0.266667 0.300000 0.333333 0.366667 0.400000 0.433333 0.466667 0.500000
0.533333 0.566667 0.600000 0.633333 0.666667 0.700000 0.733333 0.766667 0.800000 0.833333 0.866667 0.900000 0.933333 0.966667 1.000000 1.033333
1.066667 1.100000 1.133333 1.166667</float_array><technique_common><accessor source="#mixamorig_Spine2-Matrix-animation-input-array" count="36"><param name="TIME" type="float"/></accessor></technique_common></source><source id="mixamorig_Spine2-Matrix-animation-output-transform"><float_array id="mixamorig_Spine2-Matrix-animation-output-transform-array" count="576">

0.999017 0.013235 0.042314 0.152700 -0.009285 0.995696 -0.092209 25.612801 -0.043352 0.091725 0.994840 -0.124700 0.000000 0.000000 0.000000 1.000000
0.998737 0.014508 0.048108 0.152700 -0.010019 0.995685 -0.092258 25.612801 -0.049239 0.091659 0.994572 -0.124700 0.000000 0.000000 0.000000 1.000000
0.998374 0.015871 0.054745 0.152700 -0.010766 0.995672 -0.092313 25.612801 -0.055973 0.091573 0.994224 -0.124700 0.000000 0.000000 0.000000 1.000000
0.997834 0.017269 0.063471 0.152700 -0.011356 0.995660 -0.092365 25.612801 -0.064790 0.091444 0.993700 -0.124700 0.000000 0.000000 0.000000 1.000000
0.996983 0.019315 0.075177 0.152700 -0.012333 0.995659 -0.092258 25.612801 -0.076633 0.091053 0.992893 -0.124700 0.000000 0.000000 0.000000 1.000000
0.995844 0.022071 0.088356 0.152700 -0.013908 0.995666 -0.091958 25.612801 -0.090003 0.090347 0.991835 -0.124700 0.000000 0.000000 0.000000 1.000000
0.994541 0.025539 0.101174 0.152700 -0.016265 0.995677 -0.091443 25.612801 -0.103072 0.089299 0.990657 -0.124700 0.000000 0.000000 0.000000 1.000000
0.993184 0.028996 0.112892 0.152700 -0.018741 0.995687 -0.090863 25.612801 -0.115040 0.088127 0.989444 -0.124700 0.000000 0.000000 0.000000 1.000000
0.991863 0.031703 0.123297 0.152700 -0.020608 0.995707 -0.090242 25.612801 -0.125629 0.086967 0.988258 -0.124700 0.000000 0.000000 0.000000 1.000000
0.990733 0.033088 0.131731 0.152700 -0.021470 0.995831 -0.088655 25.612801 -0.134115 0.085005 0.987313 -0.124700 0.000000 0.000000 0.000000 1.000000
0.990011 0.035504 0.136445 0.152700 -0.024040 0.996111 -0.084768 25.612801 -0.138924 0.080641 0.987014 -0.124700 0.000000 0.000000 0.000000 1.000000
0.989796 0.039403 0.136937 0.152700 -0.028460 0.996310 -0.080972 25.612801 -0.139622 0.076249 0.987265 -0.124700 0.000000 0.000000 0.000000 1.000000
0.990028 0.043585 0.133961 0.152700 -0.033016 0.996238 -0.080129 25.612801 -0.136949 0.074907 0.987742 -0.124700 0.000000 0.000000 0.000000 1.000000
0.990417 0.045674 0.130340 0.152700 -0.034999 0.995931 -0.083047 25.612801 -0.133603 0.077689 0.987985 -0.124700 0.000000 0.000000 0.000000 1.000000
0.990715 0.045485 0.128120 0.152700 -0.034536 0.995660 -0.086426 25.612801 -0.131495 0.081199 0.987986 -0.124700 0.000000 0.000000 0.000000 1.000000
0.990962 0.044024 0.126713 0.152700 -0.032931 0.995545 -0.088345 25.612801 -0.130038 0.083374 0.987997 -0.124700 0.000000 0.000000 0.000000 1.000000
0.991267 0.040999 0.125338 0.152700 -0.029894 0.995562 -0.089232 25.612801 -0.128440 0.084706 0.988093 -0.124700 0.000000 0.000000 0.000000 1.000000
0.991757 0.036852 0.122716 0.152700 -0.025864 0.995610 -0.089952 25.612801 -0.125492 0.086037 0.988357 -0.124700 0.000000 0.000000 0.000000 1.000000
0.992507 0.032159 0.117877 0.152700 -0.021497 0.995653 -0.090631 25.612801 -0.120279 0.087418 0.988884 -0.124700 0.000000 0.000000 0.000000 1.000000
0.993520 0.027208 0.110348 0.152700 -0.017153 0.995698 -0.091061 25.612801 -0.112351 0.088578 0.989713 -0.124700 0.000000 0.000000 0.000000 1.000000
0.994652 0.022155 0.100876 0.152700 -0.012947 0.995763 -0.091037 25.612801 -0.102466 0.089244 0.990725 -0.124700 0.000000 0.000000 0.000000 1.000000
0.995726 0.017627 0.090654 0.152700 -0.009373 0.995836 -0.090684 25.612801 -0.091875 0.089447 0.991745 -0.124700 0.000000 0.000000 0.000000 1.000000
0.996687 0.014438 0.080039 0.152700 -0.007223 0.995942 -0.089707 25.612801 -0.081010 0.088832 0.992747 -0.124700 0.000000 0.000000 0.000000 1.000000
0.997559 0.012868 0.068631 0.152700 -0.006776 0.996074 -0.088264 25.612801 -0.069498 0.087583 0.993730 -0.124700 0.000000 0.000000 0.000000 1.000000
0.998372 0.012222 0.055721 0.152700 -0.007305 0.996128 -0.087607 25.612801 -0.056577 0.087057 0.994595 -0.124700 0.000000 0.000000 0.000000 1.000000
0.999021 0.011126 0.042820 0.152700 -0.007332 0.996115 -0.087759 25.612801 -0.043630 0.087359 0.995221 -0.124700 0.000000 0.000000 0.000000 1.000000
0.999356 0.008895 0.034754 0.152700 -0.005757 0.995983 -0.089355 25.612801 -0.035409 0.089097 0.995393 -0.124700 0.000000 0.000000 0.000000 1.000000
0.999375 0.005404 0.034936 0.152700 -0.002212 0.995871 -0.090757 25.612801 -0.035282 0.090623 0.995260 -0.124700 0.000000 0.000000 0.000000 1.000000
0.999095 0.003273 0.042419 0.152700 0.000701 0.995635 -0.093332 25.612801 -0.042539 0.093277 0.994731 -0.124700 0.000000 0.000000 0.000000 1.000000
0.998671 0.002133 0.051491 0.152700 0.002814 0.995395 -0.095821 25.612801 -0.051459 0.095838 0.994066 -0.124700 0.000000 0.000000 0.000000 1.000000
0.998426 0.001675 0.056055 0.152700 0.003802 0.995233 -0.097450 25.612801 -0.055951 0.097510 0.993661 -0.124700 0.000000 0.000000 0.000000 1.000000
0.998509 0.001453 0.054570 0.152700 0.003891 0.995207 -0.097710 25.612801 -0.054451 0.097776 0.993718 -0.124700 0.000000 0.000000 0.000000 1.000000
0.998694 0.002162 0.051051 0.152700 0.002771 0.995342 -0.096367 25.612801 -0.051021 0.096383 0.994036 -0.124700 0.000000 0.000000 0.000000 1.000000
0.998820 0.004715 0.048327 0.152700 -0.000115 0.995501 -0.094755 25.612801 -0.048556 0.094637 0.994327 -0.124700 0.000000 0.000000 0.000000 1.000000
0.998901 0.009104 0.045983 0.152700 -0.004778 0.995623 -0.093334 25.612801 -0.046631 0.093012 0.994572 -0.124700 0.000000 0.000000 0.000000 1.000000
0.999019 0.012857 0.042384 0.152700 -0.008898 0.995689 -0.092324 25.612801 -0.043388 0.091856 0.994827 -0.124700 0.000000 0.000000 0.000000 1.000000</float_array><technique_common><accessor source="#mixamorig_Spine2-Matrix-animation-output-transform-array" count="36" stride="16"><param type="float4x4"/></accessor></technique_common></source><source id="mixamorig_Spine2-Interpolations"><Name_array id="mixamorig_Spine2-Interpolations-array" count="36">
 LINEAR LINEAR LINEAR LINEAR LINEAR LINEAR LINEAR LINEAR LINEAR LINEAR LINEAR
LINEAR LINEAR LINEAR LINEAR LINEAR LINEAR LINEAR LINEAR LINEAR LINEAR LINEAR LINEAR
LINEAR LINEAR LINEAR LINEAR LINEAR LINEAR LINEAR LINEAR LINEAR LINEAR LINEAR LINEAR
LINEAR</Name_array><technique_common><accessor source="#mixamorig_Spine2-Interpolations-array" count="36"><param type="name"/></accessor></technique_common></source><sampler id="mixamorig_Spine2-Matrix-animation-transform"><input semantic="INPUT" source="#mixamorig_Spine2-Matrix-animation-input"/><input semantic="OUTPUT" source="#mixamorig_Spine2-Matrix-animation-output-transform"/><input semantic="INTERPOLATION" source="#mixamorig_Spine2-Interpolations"/></sampler><channel source="#mixamorig_Spine2-Matrix-animation-transform" target="mixamorig_Spine2/matrix"/></animation>
    <animation id="mixamorig_Neck-anim" name="mixamorig_Neck"><source id="mixamorig_Neck-Matrix-animation-input"><float_array id="mixamorig_Neck-Matrix-animation-input-array" count="36">

0.000000 0.033333 0.066667 0.100000 0.133333 0.166667 0.200000 0.233333 0.266667 0.300000 0.333333 0.366667 0.400000 0.433333 0.466667 0.500000
0.533333 0.566667 0.600000 0.633333 0.666667 0.700000 0.733333 0.766667 0.800000 0.833333 0.866667 0.900000 0.933333 0.966667 1.000000 1.033333
1.066667 1.100000 1.133333 1.166667</float_array><technique_common><accessor source="#mixamorig_Neck-Matrix-animation-input-array" count="36"><param name="TIME" type="float"/></accessor></technique_common></source><source id="mixamorig_Neck-Matrix-animation-output-transform"><float_array id="mixamorig_Neck-Matrix-animation-output-transform-array" count="576">

0.906121 0.295607 0.302589 0.879800 -0.240102 0.948324 -0.207443 30.689800 -0.348274 0.115316 0.930273 2.800200 0.000000 0.000000 0.000000 1.000000
0.902941 0.299454 0.308260 0.879800 -0.245557 0.948148 -0.201786 30.689800 -0.352702 0.106506 0.929655 2.800200 0.000000 0.000000 0.000000 1.000000
0.900853 0.300388 0.313419 0.879800 -0.250124 0.949222 -0.190829 30.689800 -0.354827 0.093515 0.930243 2.800200 0.000000 0.000000 0.000000 1.000000
0.900107 0.298897 0.316968 0.879800 -0.252399 0.950769 -0.179815 30.689800 -0.355110 0.081851 0.931234 2.800200 0.000000 0.000000 0.000000 1.000000
0.898788 0.298801 0.320777 0.879800 -0.254829 0.951509 -0.172315 30.689800 -0.356710 0.073131 0.931348 2.800200 0.000000 0.000000 0.000000 1.000000
0.895895 0.303438 0.324496 0.879800 -0.259708 0.950314 -0.171623 30.689800 -0.360450 0.069482 0.930187 2.800200 0.000000 0.000000 0.000000 1.000000
0.891722 0.310222 0.329537 0.879800 -0.265224 0.948187 -0.174921 30.689800 -0.366727 0.068580 0.927797 2.800200 0.000000 0.000000 0.000000 1.000000
0.887146 0.316477 0.335879 0.879800 -0.269384 0.946078 -0.179913 30.689800 -0.374706 0.069129 0.924563 2.800200 0.000000 0.000000 0.000000 1.000000
0.883669 0.319878 0.341769 0.879800 -0.271150 0.944919 -0.183318 30.689800 -0.381584 0.069322 0.921731 2.800200 0.000000 0.000000 0.000000 1.000000
0.881935 0.319356 0.346703 0.879800 -0.267992 0.944790 -0.188555 30.689800 -0.387777 0.073379 0.918828 2.800200 0.000000 0.000000 0.000000 1.000000
0.883527 0.311666 0.349635 0.879800 -0.257661 0.946792 -0.192864 30.689800 -0.391141 0.080313 0.916820 2.800200 0.000000 0.000000 0.000000 1.000000
0.886881 0.299408 0.351847 0.879800 -0.244528 0.950370 -0.192361 30.689800 -0.391980 0.084565 0.916079 2.800200 0.000000 0.000000 0.000000 1.000000
0.888329 0.293716 0.352991 0.879800 -0.239427 0.952190 -0.189761 30.689800 -0.391850 0.084055 0.916181 2.800200 0.000000 0.000000 0.000000 1.000000
0.886983 0.297602 0.353120 0.879800 -0.241316 0.950646 -0.195034 30.689800 -0.393735 0.087778 0.915023 2.800200 0.000000 0.000000 0.000000 1.000000
0.885582 0.303554 0.351566 0.879800 -0.242052 0.947602 -0.208473 30.689800 -0.396427 0.099523 0.912656 2.800200 0.000000 0.000000 0.000000 1.000000
0.885988 0.306109 0.348315 0.879800 -0.240263 0.945498 -0.219788 30.689800 -0.396610 0.111043 0.911246 2.800200 0.000000 0.000000 0.000000 1.000000
0.888764 0.304002 0.343047 0.879800 -0.236827 0.945336 -0.224170 30.689800 -0.392443 0.117991 0.912177 2.800200 0.000000 0.000000 0.000000 1.000000
0.892561 0.299035 0.337509 0.879800 -0.231981 0.946345 -0.224981 30.689800 -0.386677 0.122514 0.914041 2.800200 0.000000 0.000000 0.000000 1.000000
0.895872 0.296855 0.330593 0.879800 -0.229613 0.946317 -0.227513 30.689800 -0.380384 0.127914 0.915940 2.800200 0.000000 0.000000 0.000000 1.000000
0.897710 0.298829 0.323757 0.879800 -0.231398 0.945106 -0.230717 30.689800 -0.374930 0.132200 0.917579 2.800200 0.000000 0.000000 0.000000 1.000000
0.899543 0.301786 0.315828 0.879800 -0.236003 0.944145 -0.229983 30.689800 -0.367593 0.132344 0.920522 2.800200 0.000000 0.000000 0.000000 1.000000
0.901830 0.303729 0.307330 0.879800 -0.242813 0.944567 -0.220988 30.689800 -0.357414 0.124670 0.925588 2.800200 0.000000 0.000000 0.000000 1.000000
0.903240 0.304196 0.302691 0.879800 -0.249512 0.946143 -0.206296 30.689800 -0.349143 0.110810 0.930495 2.800200 0.000000 0.000000 0.000000 1.000000
0.904873 0.302849 0.299143 0.879800 -0.253539 0.947928 -0.192747 30.689800 -0.341939 0.098567 0.934538 2.800200 0.000000 0.000000 0.000000 1.000000
0.906294 0.301250 0.296444 0.879800 -0.254216 0.948883 -0.187071 30.689800 -0.337646 0.094181 0.936550 2.800200 0.000000 0.000000 0.000000 1.000000
0.907184 0.300320 0.294660 0.879800 -0.253655 0.949156 -0.186448 30.689800 -0.335672 0.094401 0.937237 2.800200 0.000000 0.000000 0.000000 1.000000
0.906027 0.303079 0.295394 0.879800 -0.254421 0.947818 -0.192121 30.689800 -0.338207 0.098912 0.935859 2.800200 0.000000 0.000000 0.000000 1.000000
0.903994 0.305073 0.299543 0.879800 -0.255332 0.947172 -0.194089 30.689800 -0.342931 0.098973 0.934132 2.800200 0.000000 0.000000 0.000000 1.000000
0.901497 0.308436 0.303596 0.879800 -0.255629 0.945534 -0.201542 30.689800 -0.349223 0.104082 0.931241 2.800200 0.000000 0.000000 0.000000 1.000000
0.899337 0.311990 0.306358 0.879800 -0.254778 0.943310 -0.212731 30.689800 -0.355361 0.113263 0.927842 2.800200 0.000000 0.000000 0.000000 1.000000
0.896695 0.314581 0.311412 0.879800 -0.254870 0.942122 -0.217824 30.689800 -0.361911 0.115952 0.924973 2.800200 0.000000 0.000000 0.000000 1.000000
0.895870 0.314178 0.314182 0.879800 -0.255212 0.942688 -0.214954 30.689800 -0.363709 0.112388 0.924708 2.800200 0.000000 0.000000 0.000000 1.000000
0.899915 0.305082 0.311573 0.879800 -0.247620 0.945657 -0.210756 30.689800 -0.358939 0.112511 0.926555 2.800200 0.000000 0.000000 0.000000 1.000000
0.906043 0.290789 0.307453 0.879800 -0.233778 0.949531 -0.209139 30.689800 -0.352752 0.117614 0.928296 2.800200 0.000000 0.000000 0.000000 1.000000
0.909066 0.285634 0.303335 0.879800 -0.229493 0.950903 -0.207642 30.689800 -0.347752 0.119147 0.929985 2.800200 0.000000 0.000000 0.000000 1.000000
0.906209 0.295258 0.302668 0.879800 -0.239853 0.948461 -0.207103 30.689800 -0.348217 0.115083 0.930323 2.800200 0.000000 0.000000 0.000000 1.000000</float_array><technique_common><accessor source="#mixamorig_Neck-Matrix-animation-output-transform-array" count="36" stride="16"><param type="float4x4"/></accessor></technique_common></source><source id="mixamorig_Neck-Interpolations"><Name_array id="mixamorig_Neck-Interpolations-array" count="36">
 LINEAR LINEAR LINEAR LINEAR LINEAR LINEAR LINEAR LINEAR LINEAR LINEAR LINEAR
LINEAR LINEAR LINEAR LINEAR LINEAR LINEAR LINEAR LINEAR LINEAR LINEAR LINEAR LINEAR
LINEAR LINEAR LINEAR LINEAR LINEAR LINEAR LINEAR LINEAR LINEAR LINEAR LINEAR LINEAR
LINEAR</Name_array><technique_common><accessor source="#mixamorig_Neck-Interpolations-array" count="36"><param type="name"/></accessor></technique_common></source><sampler id="mixamorig_Neck-Matrix-animation-transform"><input semantic="INPUT" source="#mixamorig_Neck-Matrix-animation-input"/><input semantic="OUTPUT" source="#mixamorig_Neck-Matrix-animation-output-transform"/><input semantic="INTERPOLATION" source="#mixamorig_Neck-Interpolations"/></sampler><channel source="#mixamorig_Neck-Matrix-animation-transform" target="mixamorig_Neck/matrix"/></animation>
    <animation id="mixamorig_Head-anim" name="mixamorig_Head"><source id="mixamorig_Head-Matrix-animation-input"><float_array id="mixamorig_Head-Matrix-animation-input-array" count="36">

0.000000 0.033333 0.066667 0.100000 0.133333 0.166667 0.200000 0.233333 0.266667 0.300000 0.333333 0.366667 0.400000 0.433333 0.466667 0.500000
0.533333 0.566667 0.600000 0.633333 0.666667 0.700000 0.733333 0.766667 0.800000 0.833333 0.866667 0.900000 0.933333 0.966667 1.000000 1.033333
1.066667 1.100000 1.133333 1.166667</float_array><technique_common><accessor source="#mixamorig_Head-Matrix-animation-input-array" count="36"><param name="TIME" type="float"/></accessor></technique_common></source><source id="mixamorig_Head-Matrix-animation-output-transform"><float_array id="mixamorig_Head-Matrix-animation-output-transform-array" count="576">

0.972844 -0.066892 0.221587 0.154400 -0.029042 0.914490 0.403565 19.089399 -0.229635 -0.399041 0.887713 6.327400 0.000000 0.000000 0.000000 1.000000
0.972170 -0.070770 0.223334 0.154400 -0.024986 0.916528 0.399189 19.089399 -0.232942 -0.393660 0.889252 6.327400 0.000000 0.000000 0.000000 1.000000
0.971518 -0.071589 0.225894 0.154400 -0.022628 0.920891 0.389162 19.089399 -0.235884 -0.383190 0.893042 6.327400 0.000000 0.000000 0.000000 1.000000
0.970934 -0.069910 0.228911 0.154400 -0.022367 0.925705 0.377586 19.089399 -0.238301 -0.371731 0.897234 6.327400 0.000000 0.000000 0.000000 1.000000
0.970604 -0.068623 0.230690 0.154400 -0.021508 0.929926 0.367117 19.089399 -0.239718 -0.361287 0.901114 6.327400 0.000000 0.000000 0.000000 1.000000
0.970106 -0.070308 0.232273 0.154400 -0.018983 0.932196 0.361455 19.089399 -0.241937 -0.355059 0.902995 6.327400 0.000000 0.000000 0.000000 1.000000
0.969173 -0.073888 0.235042 0.154400 -0.015721 0.933484 0.358273 19.089399 -0.245880 -0.350924 0.903546 6.327400 0.000000 0.000000 0.000000 1.000000
0.967665 -0.078358 0.239759 0.154400 -0.012348 0.934669 0.355304 19.089399 -0.251936 -0.346776 0.903479 6.327400 0.000000 0.000000 0.000000 1.000000
0.965835 -0.083330 0.245394 0.154400 -0.008284 0.936484 0.350612 19.089399 -0.259024 -0.340667 0.903799 6.327400 0.000000 0.000000 0.000000 1.000000
0.964633 -0.088136 0.248427 0.154400 -0.003435 0.938163 0.346176 19.089399 -0.263576 -0.334786 0.904680 6.327400 0.000000 0.000000 0.000000 1.000000
0.963411 -0.094284 0.250899 0.154400 0.002984 0.939802 0.341707 19.089399 -0.268013 -0.328455 0.905696 6.327400 0.000000 0.000000 0.000000 1.000000
0.962231 -0.102449 0.252223 0.154400 0.011941 0.941479 0.336859 19.089399 -0.271973 -0.321124 0.907144 6.327400 0.000000 0.000000 0.000000 1.000000
0.961697 -0.112135 0.250127 0.154400 0.022664 0.941901 0.335125 19.089399 -0.273174 -0.316619 0.908365 6.327400 0.000000 0.000000 0.000000 1.000000
