<?xml version="1.0" encoding="utf-8"?>
<COLLADA xmlns="http://www.collada.org/2005/11/COLLADASchema" version="1.4.1">
  <asset><contributor><author>Mixamo</author><authoring_tool>COLLADA Mixamo exporter</authoring_tool><comments></comments></contributor><created>2018-02-10T11:48:03Z</created><modified>2018-02-10T11:48:03Z</modified><revision></revision><title></title><unit meter="0.010000"/><up_axis>Y_UP</up_axis></asset>
  <library_animations>
    <animation id="mixamorig_Hips-anim" name="mixamorig_Hips"><source id="mixamorig_Hips-Matrix-animation-input"><float_array id="mixamorig_Hips-Matrix-animation-input-array" count="81">

0.000000 0.033333 0.066667 0.100000 0.133333 0.166667 0.200000 0.233333 0.266667 0.300000 0.333333 0.366667 0.400000 0.433333 0.466667 0.500000
0.533333 0.566667 0.600000 0.633333 0.666667 0.700000 0.733333 0.766667 0.800000 0.833333 0.866667 0.900000 0.933333 0.966667 1.000000 1.033333
1.066667 1.100000 1.133333 1.166667 1.200000 1.233333 1.266667 1.300000 1.333333 1.366667 1.400000 1.433333 1.466667 1.500000 1.533333 1.566667
1.600000 1.633333 1.666667 1.700000 1.733333 1.766667 1.800000 1.833333 1.866667 1.900000 1.933333 1.966667 2.000000 2.033333 2.066667 2.100000
2.133333 2.166667 2.200000 2.233333 2.266667 2.300000 2.333333 2.366667 2.400000 2.433333 2.466667 2.500000 2.533333 2.566667 2.600000 2.633333
2.666667</float_array><technique_common><accessor source="#mixamorig_Hips-Matrix-animation-input-array" count="81"><param name="TIME" type="float"/></accessor></technique_common></source><source id="mixamorig_Hips-Matrix-animation-output-transform"><float_array id="mixamorig_Hips-Matrix-animation-output-transform-array" count="1296">

0.949612 -0.037391 -0.311189 0.674294 0.007280 0.995222 -0.097366 201.234467 0.313343 0.090195 0.945347 -3.386174 0.000000 0.000000 0.000000 1.000000
0.941514 -0.042185 -0.334324 0.883440 0.008344 0.994747 -0.102020 202.717896 0.336872 0.093263 0.936920 7.638510 0.000000 0.000000 0.000000 1.000000
0.931796 -0.043869 -0.360321 1.278134 0.006102 0.994423 -0.105292 203.881226 0.362930 0.095912 0.926867 18.618587 0.000000 0.000000 0.000000 1.000000
0.920369 -0.041389 -0.388853 2.036061 0.000314 0.994461 -0.105105 204.722382 0.391050 0.096613 0.915285 29.476313 0.000000 0.000000 0.000000 1.000000
0.908925 -0.038479 -0.415180 2.949950 -0.005333 0.994578 -0.103853 204.973709 0.416925 0.096609 0.903792 40.358017 0.000000 0.000000 0.000000 1.000000
0.899744 -0.037944 -0.434766 3.996682 -0.007500 0.994722 -0.102336 204.952393 0.436354 0.095337 0.894710 51.409893 0.000000 0.000000 0.000000 1.000000
0.894432 -0.042042 -0.445224 5.144375 -0.003356 0.994912 -0.100690 204.580719 0.447192 0.091555 0.889740 62.631073 0.000000 0.000000 0.000000 1.000000
0.894074 -0.051753 -0.444920 6.355000 0.008676 0.995117 -0.098319 203.969482 0.447836 0.084044 0.890157 74.138260 0.000000 0.000000 0.000000 1.000000
0.896478 -0.064356 -0.438390 7.548731 0.025145 0.995191 -0.094675 203.110687 0.442374 0.073850 0.893785 85.901131 0.000000 0.000000 0.000000 1.000000
0.897998 -0.075028 -0.433555 8.537095 0.040005 0.995196 -0.089361 202.129318 0.438177 0.062901 0.896685 97.576218 0.000000 0.000000 0.000000 1.000000
0.897438 -0.080152 -0.433797 9.274304 0.049012 0.995383 -0.082520 201.397934 0.438408 0.052795 0.897224 109.038200 0.000000 0.000000 0.000000 1.000000
0.896345 -0.080617 -0.435967 9.951898 0.053126 0.995774 -0.074908 201.500092 0.440163 0.043982 0.896840 120.564034 0.000000 0.000000 0.000000 1.000000
0.895569 -0.077123 -0.438188 10.573526 0.053144 0.996354 -0.066745 202.569580 0.441738 0.036488 0.896402 132.016541 0.000000 0.000000 0.000000 1.000000
0.896595 -0.068636 -0.437500 11.011509 0.047804 0.997144 -0.058465 204.369202 0.440263 0.031506 0.897316 142.981384 0.000000 0.000000 0.000000 1.000000
0.900154 -0.054813 -0.432109 11.199528 0.036635 0.998063 -0.050287 206.182571 0.434028 0.029436 0.900418 153.213791 0.000000 0.000000 0.000000 1.000000
0.906896 -0.041878 -0.419269 11.106534 0.026350 0.998738 -0.042762 207.280609 0.420531 0.027733 0.906854 162.443558 0.000000 0.000000 0.000000 1.000000
0.917565 -0.028911 -0.396534 10.804509 0.016668 0.999273 -0.034285 207.485809 0.397237 0.024850 0.917379 173.250687 0.000000 0.000000 0.000000 1.000000
0.934334 -0.020350 -0.355816 10.097955 0.013349 0.999666 -0.022118 206.604019 0.356148 0.015916 0.934294 185.363861 0.000000 0.000000 0.000000 1.000000
0.957177 -0.020337 -0.288788 8.603770 0.021522 0.999768 0.000927 204.271454 0.288702 -0.007103 0.957393 197.694489 0.000000 0.000000 0.000000 1.000000
0.974954 -0.022724 -0.221244 6.538258 0.029563 0.999180 0.027650 201.751343 0.220435 -0.033498 0.974826 210.142593 0.000000 0.000000 0.000000 1.000000
0.981924 -0.023033 -0.187871 4.224673 0.030749 0.998794 0.038264 200.652481 0.186763 -0.043349 0.981448 222.203293 0.000000 0.000000 0.000000 1.000000
0.983050 -0.018266 -0.182425 1.957275 0.025031 0.999079 0.034854 200.693680 0.181621 -0.038829 0.982602 233.132217 0.000000 0.000000 0.000000 1.000000
0.983644 -0.009908 -0.179853 -0.152345 0.015660 0.999409 0.030591 200.880508 0.179444 -0.032907 0.983218 243.243439 0.000000 0.000000 0.000000 1.000000
0.984719 -0.003011 -0.174122 -2.236951 0.007819 0.999607 0.026932 201.249115 0.173973 -0.027882 0.984356 253.758331 0.000000 0.000000 0.000000 1.000000
0.987619 -0.013680 -0.156274 -4.272067 0.015883 0.999791 0.012857 203.812012 0.156065 -0.015179 0.987630 265.765350 0.000000 0.000000 0.000000 1.000000
0.989061 -0.034519 -0.143413 -5.723209 0.034449 0.999402 -0.002971 206.614792 0.143429 -0.002002 0.989659 277.738007 0.000000 0.000000 0.000000 1.000000
0.983487 -0.049137 -0.174182 -6.173361 0.048972 0.998786 -0.005249 207.441559 0.174229 -0.003367 0.984699 288.431793 0.000000 0.000000 0.000000 1.000000
0.969905 -0.050445 -0.238201 -5.967623 0.047311 0.998702 -0.018863 207.689697 0.238844 0.007026 0.971033 297.291962 0.000000 0.000000 0.000000 1.000000
0.965255 -0.055241 -0.255405 -5.488694 0.040931 0.997297 -0.061012 207.925156 0.258085 0.048438 0.964907 303.620667 0.000000 0.000000 0.000000 1.000000
0.964452 -0.061580 -0.256985 -4.742138 0.031182 0.992196 -0.120729 208.007309 0.262413 0.108424 0.958845 306.555115 0.000000 0.000000 0.000000 1.000000
0.965339 -0.067684 -0.252070 -3.735889 0.021321 0.983012 -0.182299 207.936737 0.260126 0.170606 0.950383 306.489410 0.000000 0.000000 0.000000 1.000000
0.968917 -0.072272 -0.236594 -2.508901 0.013956 0.970820 -0.239402 207.733109 0.246992 0.228659 0.941653 304.023499 0.000000 0.000000 0.000000 1.000000
0.971851 -0.073102 -0.223966 -1.080844 0.000861 0.951738 -0.306912 207.339828 0.235593 0.298080 0.925010 300.000336 0.000000 0.000000 0.000000 1.000000
0.971599 -0.072151 -0.225366 0.473772 -0.021347 0.921773 -0.387142 206.656586 0.235669 0.380957 0.894054 295.062378 0.000000 0.000000 0.000000 1.000000
0.971251 -0.075379 -0.225808 2.016608 -0.040855 0.881692 -0.470054 205.679260 0.234525 0.465766 0.853264 289.684875 0.000000 0.000000 0.000000 1.000000
0.970830 -0.080368 -0.225898 3.554627 -0.053846 0.845007 -0.532037 204.575409 0.233644 0.528681 0.816031 284.157898 0.000000 0.000000 0.000000 1.000000
0.969990 -0.085438 -0.227639 5.062716 -0.062378 0.817453 -0.572608 203.444473 0.235007 0.569623 0.787592 279.096497 0.000000 0.000000 0.000000 1.000000
0.968666 -0.090193 -0.231411 6.493830 -0.067882 0.800114 -0.595995 202.335907 0.238909 0.593029 0.768921 274.690063 0.000000 0.000000 0.000000 1.000000
0.966671 -0.094504 -0.237943 7.803351 -0.071076 0.793789 -0.604026 201.279694 0.245959 0.600806 0.760616 270.919067 0.000000 0.000000 0.000000 1.000000
0.964135 -0.099416 -0.246089 8.925660 -0.071580 0.795444 -0.601786 200.233871 0.255577 0.597818 0.759799 267.627563 0.000000 0.000000 0.000000 1.000000
0.961580 -0.103286 -0.254353 9.881390 -0.070852 0.801761 -0.593430 199.176254 0.265223 0.588652 0.763639 264.726624 0.000000 0.000000 0.000000 1.000000
0.959591 -0.105469 -0.260885 10.773191 -0.068542 0.811576 -0.580212 198.107483 0.272923 0.574648 0.771552 262.202972 0.000000 0.000000 0.000000 1.000000
0.958797 -0.107853 -0.262822 11.597708 -0.062338 0.822713 -0.565029 197.009796 0.277167 0.558132 0.782091 260.053467 0.000000 0.000000 0.000000 1.000000
0.958476 -0.110259 -0.262995 12.377523 -0.054950 0.833540 -0.549719 195.896927 0.279829 0.541344 0.792870 258.267700 0.000000 0.000000 0.000000 1.000000
0.958612 -0.112845 -0.261398 13.130566 -0.046327 0.844046 -0.534266 194.809601 0.280921 0.524263 0.803885 256.804260 0.000000 0.000000 0.000000 1.000000
0.958851 -0.115060 -0.259549 13.892021 -0.037558 0.854756 -0.517669 193.749298 0.281414 0.506116 0.815262 255.635803 0.000000 0.000000 0.000000 1.000000
0.958575 -0.114801 -0.260683 14.719830 -0.031322 0.867152 -0.497058 192.722076 0.283114 0.484632 0.827634 254.707275 0.000000 0.000000 0.000000 1.000000
0.957667 -0.110974 -0.265629 15.651585 -0.028052 0.882349 -0.469759 191.767807 0.286509 0.457324 0.841883 253.945572 0.000000 0.000000 0.000000 1.000000
0.956360 -0.104281 -0.272949 16.697664 -0.026712 0.899031 -0.437070 190.892471 0.290967 0.425287 0.857012 253.332230 0.000000 0.000000 0.000000 1.000000
0.953182 -0.092407 -0.287933 17.939064 -0.031934 0.916084 -0.399713 190.107147 0.300707 0.390194 0.870244 252.859085 0.000000 0.000000 0.000000 1.000000
0.944570 -0.075636 -0.319478 19.327946 -0.047055 0.931864 -0.359742 189.405792 0.324920 0.354835 0.876652 252.540100 0.000000 0.000000 0.000000 1.000000
0.932444 -0.059213 -0.356429 20.705814 -0.062482 0.945192 -0.320480 188.810410 0.355871 0.321100 0.877639 252.367935 0.000000 0.000000 0.000000 1.000000
0.919348 -0.046475 -0.390691 21.953192 -0.072093 0.956288 -0.283399 188.368286 0.386784 0.288709 0.875811 252.286224 0.000000 0.000000 0.000000 1.000000
0.906316 -0.038615 -0.420832 23.016319 -0.074920 0.965361 -0.249930 188.203812 0.415906 0.258045 0.872029 252.200668 0.000000 0.000000 0.000000 1.000000
0.893802 -0.033725 -0.447193 23.928535 -0.073697 0.972566 -0.220645 188.352737 0.442366 0.230169 0.866796 252.061081 0.000000 0.000000 0.000000 1.000000
0.882532 -0.031420 -0.469202 24.545940 -0.069619 0.978041 -0.196443 188.590134 0.465071 0.206033 0.860964 251.967896 0.000000 0.000000 0.000000 1.000000
0.872363 -0.033063 -0.487740 24.697790 -0.062895 0.981828 -0.179050 188.828705 0.484797 0.186873 0.854430 251.950272 0.000000 0.000000 0.000000 1.000000
0.864603 -0.036186 -0.501151 24.488440 -0.056438 0.984097 -0.168426 189.357239 0.499276 0.173906 0.848811 252.022324 0.000000 0.000000 0.000000 1.000000
0.858570 -0.036466 -0.511399 24.096752 -0.053917 0.985514 -0.160793 190.243835 0.509854 0.165625 0.844166 252.143173 0.000000 0.000000 0.000000 1.000000
0.851922 -0.037514 -0.522323 23.480400 -0.051711 0.986529 -0.155195 191.242188 0.521109 0.159224 0.838506 252.248398 0.000000 0.000000 0.000000 1.000000
0.845081 -0.039402 -0.533184 22.685467 -0.048817 0.987428 -0.150344 192.355927 0.532405 0.153082 0.832533 252.319519 0.000000 0.000000 0.000000 1.000000
0.838534 -0.041148 -0.543294 21.733604 -0.045532 0.988364 -0.145132 193.506714 0.542944 0.146435 0.826903 252.353699 0.000000 0.000000 0.000000 1.000000
0.834701 -0.041183 -0.549161 20.661741 -0.039067 0.990259 -0.133643 194.506973 0.549315 0.133006 0.824962 252.257477 0.000000 0.000000 0.000000 1.000000
0.832815 -0.038420 -0.552216 19.522739 -0.031515 0.992679 -0.116594 195.537415 0.552653 0.114505 0.825508 252.069992 0.000000 0.000000 0.000000 1.000000
0.834716 -0.033697 -0.549648 18.319376 -0.023561 0.995027 -0.096782 196.747604 0.550176 0.093736 0.829771 251.830231 0.000000 0.000000 0.000000 1.000000
0.840445 -0.028273 -0.541158 17.047838 -0.015505 0.996974 -0.076168 198.044006 0.541675 0.072405 0.837464 251.560089 0.000000 0.000000 0.000000 1.000000
0.847055 -0.023447 -0.530988 15.710433 -0.009464 0.998203 -0.059176 199.292923 0.531422 0.055150 0.845310 251.330780 0.000000 0.000000 0.000000 1.000000
0.853507 -0.019229 -0.520726 14.328214 -0.004872 0.998981 -0.044874 200.507401 0.521058 0.040837 0.852544 251.126999 0.000000 0.000000 0.000000 1.000000
0.859619 -0.015671 -0.510695 12.920463 -0.001494 0.999448 -0.033184 201.684540 0.510933 0.029289 0.859121 250.947830 0.000000 0.000000 0.000000 1.000000
0.865401 -0.013090 -0.500910 11.502083 0.000379 0.999676 -0.025468 202.801453 0.501080 0.021850 0.865125 250.814911 0.000000 0.000000 0.000000 1.000000
0.870674 -0.011365 -0.491729 10.094894 0.001119 0.999776 -0.021125 203.858582 0.491859 0.017843 0.870492 250.719315 0.000000 0.000000 0.000000 1.000000
0.874928 -0.010686 -0.484134 8.715934 0.000765 0.999786 -0.020685 204.847580 0.484252 0.017728 0.874749 250.670166 0.000000 0.000000 0.000000 1.000000
0.877895 -0.010638 -0.478734 7.391329 -0.000013 0.999753 -0.022239 205.776764 0.478852 0.019529 0.877678 250.643814 0.000000 0.000000 0.000000 1.000000
0.879355 -0.010955 -0.476042 6.144778 -0.000746 0.999702 -0.024384 206.647018 0.476167 0.021798 0.879085 250.621109 0.000000 0.000000 0.000000 1.000000
0.880461 -0.011345 -0.473982 4.999342 -0.001407 0.999647 -0.026541 207.448517 0.474116 0.024036 0.880134 250.599838 0.000000 0.000000 0.000000 1.000000
0.881212 -0.011792 -0.472574 3.975053 -0.002009 0.999586 -0.028688 208.172455 0.472717 0.026230 0.880824 250.575974 0.000000 0.000000 0.000000 1.000000
0.880511 -0.012651 -0.473856 3.086670 -0.002592 0.999500 -0.031502 208.815277 0.474018 0.028966 0.880039 250.564636 0.000000 0.000000 0.000000 1.000000
0.878613 -0.013819 -0.477335 2.355339 -0.003216 0.999387 -0.034852 209.359695 0.477524 0.032157 0.878030 250.567459 0.000000 0.000000 0.000000 1.000000
0.876708 -0.014930 -0.480792 1.804955 -0.003905 0.999264 -0.038150 209.781509 0.481007 0.035324 0.876005 250.580002 0.000000 0.000000 0.000000 1.000000
0.875183 -0.015806 -0.483534 1.457427 -0.004808 0.999133 -0.041363 210.055191 0.483768 0.038525 0.874348 250.605331 0.000000 0.000000 0.000000 1.000000
0.874540 -0.016210 -0.484683 1.335473 -0.006109 0.998994 -0.044433 210.152100 0.484916 0.041819 0.873561 250.646271 0.000000 0.000000 0.000000 1.000000</float_array><technique_common><accessor source="#mixamorig_Hips-Matrix-animation-output-transform-array" count="81" stride="16"><param type="float4x4"/></accessor></technique_common></source><source id="mixamorig_Hips-Interpolations"><Name_array id="mixamorig_Hips-Interpolations-array" count="81">
 LINEAR LINEAR LINEAR LINEAR LINEAR LINEAR LINEAR LINEAR LINEAR LINEAR LINEAR
LINEAR LINEAR LINEAR LINEAR LINEAR LINEAR LINEAR LINEAR LINEAR LINEAR LINEAR LINEAR
LINEAR LINEAR LINEAR LINEAR LINEAR LINEAR LINEAR LINEAR LINEAR LINEAR LINEAR LINEAR
LINEAR LINEAR LINEAR LINEAR LINEAR LINEAR LINEAR LINEAR LINEAR LINEAR LINEAR LINEAR
LINEAR LINEAR LINEAR LINEAR LINEAR LINEAR LINEAR LINEAR LINEAR LINEAR LINEAR LINEAR
LINEAR LINEAR LINEAR LINEAR LINEAR LINEAR LINEAR LINEAR LINEAR LINEAR LINEAR LINEAR
LINEAR LINEAR LINEAR LINEAR LINEAR LINEAR LINEAR LINEAR LINEAR LINEAR</Name_array><technique_common><accessor source="#mixamorig_Hips-Interpolations-array" count="81"><param type="name"/></accessor></technique_common></source><sampler id="mixamorig_Hips-Matrix-animation-transform"><input semantic="INPUT" source="#mixamorig_Hips-Matrix-animation-input"/><input semantic="OUTPUT" source="#mixamorig_Hips-Matrix-animation-output-transform"/><input semantic="INTERPOLATION" source="#mixamorig_Hips-Interpolations"/></sampler><channel source="#mixamorig_Hips-Matrix-animation-transform" target="mixamorig_Hips/matrix"/></animation>
    <animation id="mixamorig_Spine-anim" name="mixamorig_Spine"><source id="mixamorig_Spine-Matrix-animation-input"><float_array id="mixamorig_Spine-Matrix-animation-input-array" count="81">

0.000000 0.033333 0.066667 0.100000 0.133333 0.166667 0.200000 0.233333 0.266667 0.300000 0.333333 0.366667 0.400000 0.433333 0.466667 0.500000
0.533333 0.566667 0.600000 0.633333 0.666667 0.700000 0.733333 0.766667 0.800000 0.833333 0.866667 0.900000 0.933333 0.966667 1.000000 1.033333
1.066667 1.100000 1.133333 1.166667 1.200000 1.233333 1.266667 1.300000 1.333333 1.366667 1.400000 1.433333 1.466667 1.500000 1.533333 1.566667
1.600000 1.633333 1.666667 1.700000 1.733333 1.766667 1.800000 1.833333 1.866667 1.900000 1.933333 1.966667 2.000000 2.033333 2.066667 2.100000
2.133333 2.166667 2.200000 2.233333 2.266667 2.300000 2.333333 2.366667 2.400000 2.433333 2.466667 2.500000 2.533333 2.566667 2.600000 2.633333
2.666667</float_array><technique_common><accessor source="#mixamorig_Spine-Matrix-animation-input-array" count="81"><param name="TIME" type="float"/></accessor></technique_common></source><source id="mixamorig_Spine-Matrix-animation-output-transform"><float_array id="mixamorig_Spine-Matrix-animation-output-transform-array" count="1296">

0.999305 -0.025292 -0.027385 -0.057500 0.023592 0.997876 -0.060714 18.534300 0.028862 0.060025 0.997780 -2.042900 0.000000 0.000000 0.000000 1.000000
0.999426 -0.027982 -0.019110 -0.057500 0.026921 0.998194 -0.053707 18.534300 0.020578 0.053162 0.998374 -2.042900 0.000000 0.000000 0.000000 1.000000
0.999324 -0.035150 -0.010812 -0.057500 0.034591 0.998241 -0.048142 18.534300 0.012486 0.047735 0.998782 -2.042900 0.000000 0.000000 0.000000 1.000000
0.998814 -0.048551 -0.003759 -0.057500 0.048337 0.997844 -0.044390 18.534300 0.005906 0.044155 0.999007 -2.042900 0.000000 0.000000 0.000000 1.000000
0.998027 -0.062723 0.002738 -0.057500 0.062782 0.997221 -0.040118 18.534300 -0.000214 0.040211 0.999191 -2.042900 0.000000 0.000000 0.000000 1.000000
0.997229 -0.073892 0.008594 -0.057500 0.074147 0.996642 -0.034736 18.534300 -0.005998 0.035277 0.999360 -2.042900 0.000000 0.000000 0.000000 1.000000
0.996984 -0.076642 0.012234 -0.057500 0.076964 0.996629 -0.028424 18.534300 -0.010014 0.029280 0.999521 -2.042900 0.000000 0.000000 0.000000 1.000000
0.997415 -0.070587 0.013447 -0.057500 0.070880 0.997225 -0.022767 18.534300 -0.011803 0.023661 0.999650 -2.042900 0.000000 0.000000 0.000000 1.000000
0.998161 -0.059159 0.013257 -0.057500 0.059410 0.998045 -0.019385 18.534300 -0.012084 0.020137 0.999724 -2.042900 0.000000 0.000000 0.000000 1.000000
0.998786 -0.047743 0.012111 -0.057500 0.047986 0.998634 -0.020698 18.534300 -0.011106 0.021254 0.999712 -2.042900 0.000000 0.000000 0.000000 1.000000
0.999134 -0.040263 0.010539 -0.057500 0.040530 0.998827 -0.026501 18.534300 -0.009459 0.026905 0.999593 -2.042900 0.000000 0.000000 0.000000 1.000000
0.999290 -0.036602 0.008907 -0.057500 0.036882 0.998753 -0.033650 18.534300 -0.007664 0.033955 0.999394 -2.042900 0.000000 0.000000 0.000000 1.000000
0.999312 -0.036408 0.007025 -0.057500 0.036668 0.998472 -0.041351 18.534300 -0.005508 0.041580 0.999120 -2.042900 0.000000 0.000000 0.000000 1.000000
0.999186 -0.040094 0.004450 -0.057500 0.040264 0.997998 -0.048778 18.534300 -0.002485 0.048917 0.998800 -2.042900 0.000000 0.000000 0.000000 1.000000
0.998855 -0.047841 0.000914 -0.057500 0.047818 0.997298 -0.055777 18.534300 0.001757 0.055757 0.998443 -2.042900 0.000000 0.000000 0.000000 1.000000
0.998592 -0.052962 -0.002854 -0.057500 0.052674 0.996593 -0.063457 18.534300 0.006205 0.063218 0.997980 -2.042900 0.000000 0.000000 0.000000 1.000000
0.998441 -0.055264 -0.007891 -0.057500 0.054535 0.995790 -0.073674 18.534300 0.011929 0.073129 0.997251 -2.042900 0.000000 0.000000 0.000000 1.000000
0.998686 -0.048830 -0.015566 -0.057500 0.047270 0.994959 -0.088438 18.534300 0.019806 0.087586 0.995960 -2.042900 0.000000 0.000000 0.000000 1.000000
0.999173 -0.030627 -0.026733 -0.057500 0.027498 0.993501 -0.110452 18.534300 0.029942 0.109625 0.993522 -2.042900 0.000000 0.000000 0.000000 1.000000
0.999129 -0.017509 -0.037872 -0.057500 0.012431 0.991388 -0.130367 18.534300 0.039828 0.129783 0.990742 -2.042900 0.000000 0.000000 0.000000 1.000000
0.999002 -0.014886 -0.042103 -0.057500 0.008949 0.990415 -0.137835 18.534300 0.043751 0.137321 0.989560 -2.042900 0.000000 0.000000 0.000000 1.000000
0.998948 -0.020478 -0.041043 -0.057500 0.014672 0.990449 -0.137094 18.534300 0.043458 0.136348 0.989707 -2.042900 0.000000 0.000000 0.000000 1.000000
0.998756 -0.029762 -0.040003 -0.057500 0.024041 0.990338 -0.136576 18.534300 0.043682 0.135445 0.989821 -2.042900 0.000000 0.000000 0.000000 1.000000
0.998573 -0.037214 -0.038306 -0.057500 0.031433 0.989397 -0.141791 18.534300 0.043176 0.140385 0.989155 -2.042900 0.000000 0.000000 0.000000 1.000000
0.998982 -0.030794 -0.032977 -0.057500 0.025533 0.988430 -0.149510 18.534300 0.037200 0.148516 0.988210 -2.042900 0.000000 0.000000 0.000000 1.000000
0.999425 -0.022111 -0.025705 -0.057500 0.017843 0.987629 -0.155791 18.534300 0.028831 0.155243 0.987456 -2.042900 0.000000 0.000000 0.000000 1.000000
0.999778 -0.015791 -0.013937 -0.057500 0.013227 0.985711 -0.167927 18.534300 0.016389 0.167705 0.985701 -2.042900 0.000000 0.000000 0.000000 1.000000
0.999952 -0.009747 0.000771 -0.057500 0.009717 0.981908 -0.189107 18.534300 0.001086 0.189105 0.981956 -2.042900 0.000000 0.000000 0.000000 1.000000
0.999951 -0.003954 0.009119 -0.057500 0.005881 0.974996 -0.222143 18.534300 -0.008013 0.222186 0.974971 -2.042900 0.000000 0.000000 0.000000 1.000000
0.999863 0.002953 0.016309 -0.057500 0.001433 0.964920 -0.262542 18.534300 -0.016512 0.262529 0.964783 -2.042900 0.000000 0.000000 0.000000 1.000000
0.999640 0.011402 0.024287 -0.057500 -0.003462 0.952452 -0.304670 18.534300 -0.026606 0.304477 0.952148 -2.042900 0.000000 0.000000 0.000000 1.000000
0.999449 0.018127 0.027813 -0.057500 -0.007412 0.938455 -0.345321 18.534300 -0.032361 0.344925 0.938072 -2.042900 0.000000 0.000000 0.000000 1.000000
0.999189 0.023091 0.032997 -0.057500 -0.008992 0.926536 -0.376098 18.534300 -0.039257 0.375496 0.925992 -2.042900 0.000000 0.000000 0.000000 1.000000
0.998763 0.029425 0.040076 -0.057500 -0.011182 0.918357 -0.395596 18.534300 -0.048444 0.394659 0.917550 -2.042900 0.000000 0.000000 0.000000 1.000000
0.998495 0.033391 0.043498 -0.057500 -0.012583 0.911580 -0.410930 18.534300 -0.053373 0.409764 0.910629 -2.042900 0.000000 0.000000 0.000000 1.000000
0.998489 0.034424 0.042827 -0.057500 -0.013063 0.905795 -0.423514 18.534300 -0.053371 0.422315 0.904877 -2.042900 0.000000 0.000000 0.000000 1.000000
0.998507 0.035101 0.041859 -0.057500 -0.013513 0.901141 -0.433316 18.534300 -0.052931 0.432104 0.900269 -2.042900 0.000000 0.000000 0.000000 1.000000
0.998526 0.035892 0.040721 -0.057500 -0.014338 0.897942 -0.439881 18.534300 -0.052354 0.438649 0.897132 -2.042900 0.000000 0.000000 0.000000 1.000000
0.998543 0.037383 0.038914 -0.057500 -0.016314 0.896546 -0.442651 18.534300 -0.051436 0.441371 0.895849 -2.042900 0.000000 0.000000 0.000000 1.000000
0.998554 0.040294 0.035592 -0.057500 -0.020424 0.896703 -0.442161 18.534300 -0.049732 0.440795 0.896229 -2.042900 0.000000 0.000000 0.000000 1.000000
0.998646 0.043646 0.028313 -0.057500 -0.026636 0.896432 -0.442381 18.534300 -0.044689 0.441028 0.896380 -2.042900 0.000000 0.000000 0.000000 1.000000
0.998637 0.047456 0.021713 -0.057500 -0.032828 0.894669 -0.445521 18.534300 -0.040569 0.444201 0.895008 -2.042900 0.000000 0.000000 0.000000 1.000000
0.998603 0.050173 0.016590 -0.057500 -0.037438 0.893264 -0.447971 18.534300 -0.037296 0.446724 0.893894 -2.042900 0.000000 0.000000 0.000000 1.000000
0.998567 0.052021 0.012572 -0.057500 -0.040822 0.892264 -0.449664 18.534300 -0.034610 0.448507 0.893109 -2.042900 0.000000 0.000000 0.000000 1.000000
0.998544 0.052937 0.010398 -0.057500 -0.042607 0.892064 -0.449895 18.534300 -0.033091 0.448797 0.893021 -2.042900 0.000000 0.000000 0.000000 1.000000
0.998526 0.053625 0.008320 -0.057500 -0.044176 0.892289 -0.449298 18.534300 -0.031518 0.448269 0.893343 -2.042900 0.000000 0.000000 0.000000 1.000000
0.998494 0.054593 0.005337 -0.057500 -0.046403 0.892548 -0.448559 18.534300 -0.029251 0.447636 0.893737 -2.042900 0.000000 0.000000 0.000000 1.000000
0.998478 0.055136 0.001151 -0.057500 -0.048791 0.892921 -0.447561 18.534300 -0.025705 0.446824 0.894253 -2.042900 0.000000 0.000000 0.000000 1.000000
0.998495 0.054732 -0.003600 -0.057500 -0.050588 0.893548 -0.446110 18.534300 -0.021200 0.445620 0.894971 -2.042900 0.000000 0.000000 0.000000 1.000000
0.998578 0.052716 -0.007894 -0.057500 -0.050768 0.895446 -0.442265 18.534300 -0.016246 0.442037 0.896850 -2.042900 0.000000 0.000000 0.000000 1.000000
0.998642 0.050875 -0.011193 -0.057500 -0.050712 0.900340 -0.432223 18.534300 -0.011912 0.432203 0.901697 -2.042900 0.000000 0.000000 0.000000 1.000000
0.998601 0.050994 -0.013998 -0.057500 -0.052165 0.906563 -0.418834 18.534300 -0.008668 0.418979 0.907955 -2.042900 0.000000 0.000000 0.000000 1.000000
0.998459 0.052998 -0.016476 -0.057500 -0.055135 0.913197 -0.403770 18.534300 -0.006353 0.404056 0.914712 -2.042900 0.000000 0.000000 0.000000 1.000000
0.998212 0.056951 -0.018169 -0.057500 -0.059541 0.920143 -0.387028 18.534300 -0.005323 0.387418 0.921889 -2.042900 0.000000 0.000000 0.000000 1.000000
0.997977 0.060959 -0.018060 -0.057500 -0.063322 0.927543 -0.368313 18.534300 -0.005701 0.368711 0.929527 -2.042900 0.000000 0.000000 0.000000 1.000000
0.997774 0.064582 -0.016606 -0.057500 -0.066329 0.935557 -0.346891 18.534300 -0.006867 0.347220 0.937759 -2.042900 0.000000 0.000000 0.000000 1.000000
0.997512 0.069134 -0.013759 -0.057500 -0.069873 0.943967 -0.322559 18.534300 -0.009312 0.322718 0.946449 -2.042900 0.000000 0.000000 0.000000 1.000000
0.997376 0.071693 -0.010014 -0.057500 -0.071405 0.951636 -0.298814 18.534300 -0.011893 0.298745 0.954259 -2.042900 0.000000 0.000000 0.000000 1.000000
0.997450 0.071081 -0.006379 -0.057500 -0.070036 0.957739 -0.278982 18.534300 -0.013721 0.278717 0.960275 -2.042900 0.000000 0.000000 0.000000 1.000000
0.997398 0.072036 -0.002927 -0.057500 -0.070316 0.963010 -0.260128 18.534300 -0.015920 0.259657 0.965570 -2.042900 0.000000 0.000000 0.000000 1.000000
0.997295 0.073506 0.000446 -0.057500 -0.071224 0.967800 -0.241435 18.534300 -0.018179 0.240750 0.970417 -2.042900 0.000000 0.000000 0.000000 1.000000
0.997194 0.074779 0.003441 -0.057500 -0.072126 0.972094 -0.223230 18.534300 -0.020038 0.222356 0.974760 -2.042900 0.000000 0.000000 0.000000 1.000000
0.997210 0.074571 0.003286 -0.057500 -0.072261 0.975475 -0.207910 18.534300 -0.018709 0.207093 0.978142 -2.042900 0.000000 0.000000 0.000000 1.000000
0.997389 0.072200 0.001663 -0.057500 -0.070507 0.978470 -0.193975 18.534300 -0.015632 0.193351 0.981005 -2.042900 0.000000 0.000000 0.000000 1.000000
0.997663 0.068297 -0.002065 -0.057500 -0.067505 0.980523 -0.184439 18.534300 -0.010572 0.184148 0.982842 -2.042900 0.000000 0.000000 0.000000 1.000000
0.997925 0.064006 -0.007030 -0.057500 -0.064231 0.981804 -0.178704 18.534300 -0.004536 0.178785 0.983878 -2.042900 0.000000 0.000000 0.000000 1.000000
0.998117 0.060481 -0.010227 -0.057500 -0.061338 0.983003 -0.173041 18.534300 -0.000413 0.173343 0.984861 -2.042900 0.000000 0.000000 0.000000 1.000000
0.998266 0.057513 -0.012571 -0.057500 -0.058808 0.984087 -0.167674 18.534300 0.002728 0.168123 0.985762 -2.042900 0.000000 0.000000 0.000000 1.000000
0.998375 0.055106 -0.014489 -0.057500 -0.056732 0.985018 -0.162855 18.534300 0.005298 0.163412 0.986544 -2.042900 0.000000 0.000000 0.000000 1.000000
0.998438 0.053643 -0.015617 -0.057500 -0.055447 0.985726 -0.158966 18.534300 0.006867 0.159583 0.987161 -2.042900 0.000000 0.000000 0.000000 1.000000
0.998466 0.052978 -0.016097 -0.057500 -0.054843 0.986254 -0.155868 18.534300 0.007618 0.156512 0.987647 -2.042900 0.000000 0.000000 0.000000 1.000000
0.998465 0.053135 -0.015614 -0.057500 -0.054906 0.986598 -0.153651 18.534300 0.007241 0.154273 0.988002 -2.042900 0.000000 0.000000 0.000000 1.000000
0.998471 0.053492 -0.013923 -0.057500 -0.054988 0.986862 -0.151920 18.534300 0.005613 0.152453 0.988295 -2.042900 0.000000 0.000000 0.000000 1.000000
0.998505 0.053355 -0.011871 -0.057500 -0.054534 0.987146 -0.150232 18.534300 0.003703 0.150655 0.988579 -2.042900 0.000000 0.000000 0.000000 1.000000
0.998540 0.053214 -0.009234 -0.057500 -0.053996 0.987420 -0.148611 18.534300 0.001210 0.148893 0.988853 -2.042900 0.000000 0.000000 0.000000 1.000000
0.998575 0.052663 -0.008658 -0.057500 -0.053364 0.987710 -0.146908 18.534300 0.000815 0.147161 0.989112 -2.042900 0.000000 0.000000 0.000000 1.000000
0.998656 0.051189 -0.008161 -0.057500 -0.051831 0.988135 -0.144576 18.534300 0.000663 0.144804 0.989460 -2.042900 0.000000 0.000000 0.000000 1.000000
0.998773 0.048950 -0.007445 -0.057500 -0.049512 0.988668 -0.141722 18.534300 0.000423 0.141917 0.989879 -2.042900 0.000000 0.000000 0.000000 1.000000
0.998880 0.046832 -0.006792 -0.057500 -0.047322 0.989145 -0.139111 18.534300 0.000203 0.139276 0.990254 -2.042900 0.000000 0.000000 0.000000 1.000000
0.998958 0.045210 -0.006302 -0.057500 -0.045647 0.989498 -0.137150 18.534300 0.000035 0.137295 0.990530 -2.042900 0.000000 0.000000 0.000000 1.000000
0.998988 0.044563 -0.006105 -0.057500 -0.044979 0.989638 -0.136357 18.534300 -0.000035 0.136494 0.990641 -2.042900 0.000000 0.000000 0.000000 1.000000</float_array><technique_common><accessor source="#mixamorig_Spine-Matrix-animation-output-transform-array" count="81" stride="16"><param type="float4x4"/></accessor></technique_common></source><source id="mixamorig_Spine-Interpolations"><Name_array id="mixamorig_Spine-Interpolations-array" count="81">
 LINEAR LINEAR LINEAR LINEAR LINEAR LINEAR LINEAR LINEAR LINEAR LINEAR LINEAR
LINEAR LINEAR LINEAR LINEAR LINEAR LINEAR LINEAR LINEAR LINEAR LINEAR LINEAR LINEAR
LINEAR LINEAR LINEAR LINEAR LINEAR LINEAR LINEAR LINEAR LINEAR LINEAR LINEAR LINEAR
LINEAR LINEAR LINEAR LINEAR LINEAR LINEAR LINEAR LINEAR LINEAR LINEAR LINEAR LINEAR
LINEAR LINEAR LINEAR LINEAR LINEAR LINEAR LINEAR LINEAR LINEAR LINEAR LINEAR LINEAR
LINEAR LINEAR LINEAR LINEAR LINEAR LINEAR LINEAR LINEAR LINEAR LINEAR LINEAR LINEAR
LINEAR LINEAR LINEAR LINEAR LINEAR LINEAR LINEAR LINEAR LINEAR LINEAR</Name_array><technique_common><accessor source="#mixamorig_Spine-Interpolations-array" count="81"><param type="name"/></accessor></technique_common></source><sampler id="mixamorig_Spine-Matrix-animation-transform"><input semantic="INPUT" source="#mixamorig_Spine-Matrix-animation-input"/><input semantic="OUTPUT" source="#mixamorig_Spine-Matrix-animation-output-transform"/><input semantic="INTERPOLATION" source="#mixamorig_Spine-Interpolations"/></sampler><channel source="#mixamorig_Spine-Matrix-animation-transform" target="mixamorig_Spine/matrix"/></animation>
    <animation id="mixamorig_Spine1-anim" name="mixamorig_Spine1"><source id="mixamorig_Spine1-Matrix-animation-input"><float_array id="mixamorig_Spine1-Matrix-animation-input-array" count="81">

0.000000 0.033333 0.066667 0.100000 0.133333 0.166667 0.200000 0.233333 0.266667 0.300000 0.333333 0.366667 0.400000 0.433333 0.466667 0.500000
0.533333 0.566667 0.600000 0.633333 0.666667 0.700000 0.733333 0.766667 0.800000 0.833333 0.866667 0.900000 0.933333 0.966667 1.000000 1.033333
1.066667 1.100000 1.133333 1.166667 1.200000 1.233333 1.266667 1.300000 1.333333 1.366667 1.400000 1.433333 1.466667 1.500000 1.533333 1.566667
1.600000 1.633333 1.666667 1.700000 1.733333 1.766667 1.800000 1.833333 1.866667 1.900000 1.933333 1.966667 2.000000 2.033333 2.066667 2.100000
2.133333 2.166667 2.200000 2.233333 2.266667 2.300000 2.333333 2.366667 2.400000 2.433333 2.466667 2.500000 2.533333 2.566667 2.600000 2.633333
2.666667</float_array><technique_common><accessor source="#mixamorig_Spine1-Matrix-animation-input-array" count="81"><param name="TIME" type="float"/></accessor></technique_common></source><source id="mixamorig_Spine1-Matrix-animation-output-transform"><float_array id="mixamorig_Spine1-Matrix-animation-output-transform-array" count="1296">

0.999002 -0.014567 -0.042212 0.305500 0.010976 0.996397 -0.084101 19.736099 0.043285 0.083553 0.995563 -0.783400 0.000000 0.000000 0.000000 1.000000
0.999500 -0.010707 -0.029735 0.305500 0.008259 0.996661 -0.081238 19.736099 0.030505 0.080952 0.996251 -0.783400 0.000000 0.000000 0.000000 1.000000
0.999825 -0.007240 -0.017248 0.305500 0.005859 0.996872 -0.078813 19.736099 0.017765 0.078698 0.996740 -0.783400 0.000000 0.000000 0.000000 1.000000
0.999975 -0.003900 -0.005889 0.305500 0.003427 0.996923 -0.078314 19.736099 0.006176 0.078292 0.996911 -0.783400 0.000000 0.000000 0.000000 1.000000
0.999989 -0.000735 0.004562 0.305500 0.001092 0.996900 -0.078670 19.736099 -0.004490 0.078674 0.996890 -0.783400 0.000000 0.000000 0.000000 1.000000
0.999910 0.002090 0.013266 0.305500 -0.001027 0.996822 -0.079651 19.736099 -0.013390 0.079630 0.996735 -0.783400 0.000000 0.000000 0.000000 1.000000
0.999816 0.004387 0.018682 0.305500 -0.002852 0.996675 -0.081428 19.736099 -0.018978 0.081360 0.996504 -0.783400 0.000000 0.000000 0.000000 1.000000
0.999769 0.006137 0.020619 0.305500 -0.004385 0.996461 -0.083936 19.736099 -0.021061 0.083826 0.996258 -0.783400 0.000000 0.000000 0.000000 1.000000
0.999771 0.007442 0.020063 0.305500 -0.005671 0.996199 -0.086927 19.736099 -0.020634 0.086793 0.996013 -0.783400 0.000000 0.000000 0.000000 1.000000
0.999802 0.008053 0.018213 0.305500 -0.006382 0.995918 -0.090039 19.736099 -0.018864 0.089905 0.995772 -0.783400 0.000000 0.000000 0.000000 1.000000
0.999845 0.007885 0.015773 0.305500 -0.006383 0.995634 -0.093129 19.736099 -0.016438 0.093014 0.995529 -0.783400 0.000000 0.000000 0.000000 1.000000
0.999887 0.007404 0.013091 0.305500 -0.006112 0.995350 -0.096134 19.736099 -0.013742 0.096043 0.995282 -0.783400 0.000000 0.000000 0.000000 1.000000
0.999928 0.006588 0.009999 0.305500 -0.005568 0.995089 -0.098827 19.736099 -0.010601 0.098764 0.995054 -0.783400 0.000000 0.000000 0.000000 1.000000
0.999970 0.005065 0.005833 0.305500 -0.004453 0.994923 -0.100545 19.736099 -0.006313 0.100516 0.994915 -0.783400 0.000000 0.000000 0.000000 1.000000
0.999997 0.002580 0.000249 0.305500 -0.002542 0.994891 -0.100927 19.736099 -0.000508 0.100926 0.994894 -0.783400 0.000000 0.000000 0.000000 1.000000
0.999981 -0.001180 -0.006110 0.305500 0.000563 0.994981 -0.100058 19.736099 0.006197 0.100053 0.994963 -0.783400 0.000000 0.000000 0.000000 1.000000
0.999868 -0.006870 -0.014723 0.305500 0.005385 0.995109 -0.098639 19.736099 0.015328 0.098547 0.995014 -0.783400 0.000000 0.000000 0.000000 1.000000
0.999523 -0.014665 -0.027162 0.305500 0.011947 0.995148 -0.097659 19.736099 0.028462 0.097288 0.994849 -0.783400 0.000000 0.000000 0.000000 1.000000
0.998781 -0.022239 -0.044067 0.305500 0.017823 0.995008 -0.098188 19.736099 0.046031 0.097283 0.994192 -0.783400 0.000000 0.000000 0.000000 1.000000
0.997832 -0.026354 -0.060299 0.305500 0.020261 0.994830 -0.099516 19.736099 0.062610 0.098078 0.993207 -0.783400 0.000000 0.000000 0.000000 1.000000
0.997452 -0.025714 -0.066550 0.305500 0.018992 0.994834 -0.099725 19.736099 0.068770 0.098207 0.992787 -0.783400 0.000000 0.000000 0.000000 1.000000
0.997671 -0.022070 -0.064547 0.305500 0.015619 0.994985 -0.098796 19.736099 0.066404 0.097558 0.993012 -0.783400 0.000000 0.000000 0.000000 1.000000
0.997946 -0.018292 -0.061398 0.305500 0.012224 0.995133 -0.097777 19.736099 0.062888 0.096826 0.993313 -0.783400 0.000000 0.000000 0.000000 1.000000
0.998219 -0.015460 -0.057620 0.305500 0.009835 0.995269 -0.096657 19.736099 0.058842 0.095918 0.993648 -0.783400 0.000000 0.000000 0.000000 1.000000
0.998499 -0.018032 -0.051724 0.305500 0.013221 0.995681 -0.091899 19.736099 0.053157 0.091077 0.994424 -0.783400 0.000000 0.000000 0.000000 1.000000
0.998916 -0.020495 -0.041803 0.305500 0.016819 0.996112 -0.086472 19.736099 0.043413 0.085675 0.995377 -0.783400 0.000000 0.000000 0.000000 1.000000
0.999522 -0.020245 -0.023378 0.305500 0.018353 0.996746 -0.078483 19.736099 0.024891 0.078017 0.996641 -0.783400 0.000000 0.000000 0.000000 1.000000
0.999726 -0.023313 -0.001873 0.305500 0.023147 0.997715 -0.063482 19.736099 0.003349 0.063421 0.997981 -0.783400 0.000000 0.000000 0.000000 1.000000
0.999416 -0.033341 0.007435 0.305500 0.033648 0.998375 -0.045991 19.736099 -0.005890 0.046214 0.998914 -0.783400 0.000000 0.000000 0.000000 1.000000
0.998938 -0.043905 0.013962 0.305500 0.044304 0.998576 -0.029701 19.736099 -0.012638 0.030288 0.999461 -0.783400 0.000000 0.000000 0.000000 1.000000
0.998264 -0.055376 0.020077 0.305500 0.055744 0.998278 -0.018250 19.736099 -0.019032 0.019337 0.999632 -0.783400 0.000000 0.000000 0.000000 1.000000
0.997456 -0.069356 0.016451 0.305500 0.069568 0.997497 -0.012650 19.736099 -0.015533 0.013762 0.999785 -0.783400 0.000000 0.000000 0.000000 1.000000
0.996562 -0.080958 0.017617 0.305500 0.081103 0.996676 -0.007694 19.736099 -0.016935 0.009097 0.999815 -0.783400 0.000000 0.000000 0.000000 1.000000
0.995994 -0.085495 0.026190 0.305500 0.085705 0.996296 -0.007004 19.736099 -0.025494 0.009220 0.999632 -0.783400 0.000000 0.000000 0.000000 1.000000
0.995871 -0.085239 0.031215 0.305500 0.085644 0.996255 -0.011881 19.736099 -0.030086 0.014505 0.999442 -0.783400 0.000000 0.000000 0.000000 1.000000
0.996020 -0.084195 0.029255 0.305500 0.084878 0.996127 -0.022936 19.736099 -0.027210 0.025328 0.999309 -0.783400 0.000000 0.000000 0.000000 1.000000
0.996188 -0.082980 0.026910 0.305500 0.083948 0.995779 -0.037101 19.736099 -0.023718 0.039219 0.998949 -0.783400 0.000000 0.000000 0.000000 1.000000
0.996334 -0.082024 0.024299 0.305500 0.083183 0.995213 -0.051302 19.736099 -0.019974 0.053135 0.998388 -0.783400 0.000000 0.000000 0.000000 1.000000
0.996457 -0.081405 0.021134 0.305500 0.082603 0.994533 -0.063883 19.736099 -0.015818 0.065403 0.997734 -0.783400 0.000000 0.000000 0.000000 1.000000
0.996649 -0.080112 0.016515 0.305500 0.081144 0.993785 -0.076201 19.736099 -0.010308 0.077286 0.996956 -0.783400 0.000000 0.000000 0.000000 1.000000
0.996744 -0.080494 0.004660 0.305500 0.080591 0.992854 -0.088006 19.736099 0.002457 0.088095 0.996109 -0.783400 0.000000 0.000000 0.000000 1.000000
0.996686 -0.081100 -0.006319 0.305500 0.080102 0.992009 -0.097476 19.736099 0.014174 0.096647 0.995218 -0.783400 0.000000 0.000000 0.000000 1.000000
0.996576 -0.081333 -0.014888 0.305500 0.079335 0.991309 -0.104941 19.736099 0.023294 0.103400 0.994367 -0.783400 0.000000 0.000000 0.000000 1.000000
0.996450 -0.081377 -0.021587 0.305500 0.078528 0.990801 -0.110214 19.736099 0.030358 0.108128 0.993673 -0.783400 0.000000 0.000000 0.000000 1.000000
0.996439 -0.080530 -0.024988 0.305500 0.077153 0.990357 -0.115069 19.736099 0.034013 0.112731 0.993043 -0.783400 0.000000 0.000000 0.000000 1.000000
0.996446 -0.079456 -0.027951 0.305500 0.075571 0.989905 -0.119901 19.736099 0.037195 0.117363 0.992392 -0.783400 0.000000 0.000000 0.000000 1.000000
0.996426 -0.078151 -0.032052 0.305500 0.073599 0.989479 -0.124561 19.736099 0.041449 0.121757 0.991694 -0.783400 0.000000 0.000000 0.000000 1.000000
0.996366 -0.076382 -0.037687 0.305500 0.070914 0.989020 -0.129656 19.736099 0.047176 0.126513 0.990843 -0.783400 0.000000 0.000000 0.000000 1.000000
0.996268 -0.074210 -0.044069 0.305500 0.067638 0.988474 -0.135441 19.736099 0.053612 0.131955 0.989805 -0.783400 0.000000 0.000000 0.000000 1.000000
0.996139 -0.072260 -0.049850 0.305500 0.064575 0.987828 -0.141514 19.736099 0.059469 0.137749 0.988680 -0.783400 0.000000 0.000000 0.000000 1.000000
0.996047 -0.071026 -0.053346 0.305500 0.062448 0.986996 -0.148116 19.736099 0.063172 0.144199 0.987530 -0.783400 0.000000 0.000000 0.000000 1.000000
0.996059 -0.069709 -0.054830 0.305500 0.060499 0.986113 -0.154663 19.736099 0.064850 0.150736 0.986445 -0.783400 0.000000 0.000000 0.000000 1.000000
0.996153 -0.067907 -0.055386 0.305500 0.058237 0.985297 -0.160621 19.736099 0.065479 0.156778 0.985461 -0.783400 0.000000 0.000000 0.000000 1.000000
0.996318 -0.065469 -0.055362 0.305500 0.055492 0.984614 -0.165699 19.736099 0.065358 0.162017 0.984621 -0.783400 0.000000 0.000000 0.000000 1.000000
0.996566 -0.062602 -0.054190 0.305500 0.052585 0.984075 -0.169797 19.736099 0.063956 0.166364 0.983988 -0.783400 0.000000 0.000000 0.000000 1.000000
0.996935 -0.059478 -0.050824 0.305500 0.049889 0.983724 -0.172619 19.736099 0.060264 0.169555 0.983676 -0.783400 0.000000 0.000000 0.000000 1.000000
