<?xml version="1.0" encoding="utf-8"?>
<COLLADA xmlns="http://www.collada.org/2005/11/COLLADASchema" version="1.4.1">
  <asset><contributor><author>Mixamo</author><authoring_tool>COLLADA Mixamo exporter</authoring_tool><comments></comments></contributor><created>2018-02-10T11:46:41Z</created><modified>2018-02-10T11:46:41Z</modified><revision></revision><title></title><unit meter="0.010000"/><up_axis>Y_UP</up_axis></asset>
  <library_animations>
    <animation id="mixamorig_Hips-anim" name="mixamorig_Hips"><source id="mixamorig_Hips-Matrix-animation-input"><float_array id="mixamorig_Hips-Matrix-animation-input-array" count="34">

0.000000 0.033333 0.066667 0.100000 0.133333 0.166667 0.200000 0.233333 0.266667 0.300000 0.333333 0.366667 0.400000 0.433333 0.466667 0.500000
0.533333 0.566667 0.600000 0.633333 0.666667 0.700000 0.733333 0.766667 0.800000 0.833333 0.866667 0.900000 0.933333 0.966667 1.000000 1.033333
1.066667 1.100000</float_array><technique_common><accessor source="#mixamorig_Hips-Matrix-animation-input-array" count="34"><param name="TIME" type="float"/></accessor></technique_common></source><source id="mixamorig_Hips-Matrix-animation-output-transform"><float_array id="mixamorig_Hips-Matrix-animation-output-transform-array" count="544">

0.949612 -0.037391 -0.311189 0.674293 0.007280 0.995222 -0.097366 201.234436 0.313343 0.090195 0.945347 -3.386170 0.000000 0.000000 0.000000 1.000000
0.943896 -0.043053 -0.327426 0.909902 0.010514 0.994881 -0.100507 201.829529 0.330077 0.091426 0.939516 6.710811 0.000000 0.000000 0.000000 1.000000
0.935098 -0.048406 -0.351069 1.346265 0.011762 0.994321 -0.105769 202.161514 0.354195 0.094775 0.930357 16.876087 0.000000 0.000000 0.000000 1.000000
0.924592 -0.050699 -0.377570 1.881922 0.011561 0.994382 -0.105214 201.844772 0.380784 0.092915 0.919984 27.150324 0.000000 0.000000 0.000000 1.000000
0.911064 -0.047634 -0.409503 2.660873 0.003280 0.994109 -0.108339 201.151276 0.412251 0.097360 0.905853 37.747776 0.000000 0.000000 0.000000 1.000000
0.898404 -0.040656 -0.437283 3.550514 -0.007306 0.994184 -0.107443 200.038315 0.439108 0.099722 0.892883 49.051403 0.000000 0.000000 0.000000 1.000000
0.888951 -0.037480 -0.456466 4.837554 -0.010571 0.994701 -0.102261 198.154175 0.457880 0.095731 0.883845 61.085285 0.000000 0.000000 0.000000 1.000000
0.886690 -0.044166 -0.460250 6.220119 0.001755 0.995742 -0.092172 195.744980 0.462361 0.080920 0.882992 74.368950 0.000000 0.000000 0.000000 1.000000
0.889927 -0.057848 -0.452419 7.805763 0.024683 0.996579 -0.078873 193.427460 0.455434 0.059024 0.888311 88.451714 0.000000 0.000000 0.000000 1.000000
0.895360 -0.076663 -0.438696 9.355690 0.045830 0.995703 -0.080465 191.902374 0.442979 0.051940 0.895026 101.696838 0.000000 0.000000 0.000000 1.000000
0.897548 -0.093820 -0.430819 10.566900 0.064758 0.994553 -0.081671 190.930969 0.436134 0.045405 0.898735 113.667366 0.000000 0.000000 0.000000 1.000000
0.896251 -0.098074 -0.432568 11.524861 0.071390 0.994429 -0.077547 190.817383 0.437764 0.038620 0.898260 124.285416 0.000000 0.000000 0.000000 1.000000
0.889767 -0.095080 -0.446402 12.358433 0.067787 0.994743 -0.076760 191.624573 0.451353 0.038038 0.891534 134.895020 0.000000 0.000000 0.000000 1.000000
0.885704 -0.087294 -0.455969 12.868633 0.060202 0.995466 -0.073639 192.982178 0.460330 0.037772 0.886944 145.259262 0.000000 0.000000 0.000000 1.000000
0.888747 -0.080460 -0.451281 13.067828 0.055804 0.996144 -0.067706 194.432785 0.454988 0.034990 0.889810 155.269928 0.000000 0.000000 0.000000 1.000000
0.896678 -0.072618 -0.436686 13.002431 0.050281 0.996777 -0.062514 195.889191 0.439818 0.034098 0.897439 164.712158 0.000000 0.000000 0.000000 1.000000
0.905255 -0.063568 -0.420086 12.838635 0.042259 0.997312 -0.059851 197.233337 0.422762 0.036428 0.905508 174.011810 0.000000 0.000000 0.000000 1.000000
0.912169 -0.054707 -0.406146 12.593561 0.032633 0.997599 -0.061083 198.231232 0.408512 0.042465 0.911765 183.282455 0.000000 0.000000 0.000000 1.000000
0.919210 -0.048443 -0.390777 12.132536 0.024020 0.997454 -0.067151 198.694946 0.393035 0.052340 0.918033 192.341537 0.000000 0.000000 0.000000 1.000000
0.927236 -0.047410 -0.371463 11.463646 0.020264 0.996852 -0.076647 198.738251 0.373928 0.063542 0.925278 201.128296 0.000000 0.000000 0.000000 1.000000
0.935553 -0.048790 -0.349801 10.649529 0.019005 0.995932 -0.088084 198.168365 0.352675 0.075760 0.932674 210.206543 0.000000 0.000000 0.000000 1.000000
0.943451 -0.051103 -0.327550 9.714355 0.019354 0.994853 -0.099467 197.085190 0.330947 0.087503 0.939584 219.558411 0.000000 0.000000 0.000000 1.000000
0.949877 -0.056792 -0.307423 8.749496 0.024242 0.993781 -0.108685 195.537186 0.311684 0.095785 0.945346 229.675949 0.000000 0.000000 0.000000 1.000000
0.954818 -0.058775 -0.291320 7.608745 0.027847 0.993630 -0.109198 193.227417 0.295883 0.096151 0.950373 241.064163 0.000000 0.000000 0.000000 1.000000
0.959139 -0.056884 -0.277156 6.378579 0.028492 0.994020 -0.105413 190.987610 0.281495 0.093209 0.955025 253.330338 0.000000 0.000000 0.000000 1.000000
0.962357 -0.048677 -0.267396 5.121446 0.021989 0.994550 -0.101913 189.993454 0.270899 0.092197 0.958182 265.922729 0.000000 0.000000 0.000000 1.000000
0.960658 -0.025886 -0.276524 4.013909 0.002206 0.996327 -0.085605 189.952347 0.277724 0.081627 0.957187 278.979797 0.000000 0.000000 0.000000 1.000000
0.958402 -0.008127 -0.285305 2.891013 -0.013402 0.997210 -0.073428 190.453964 0.285106 0.074198 0.955620 290.854950 0.000000 0.000000 0.000000 1.000000
0.960608 -0.000675 -0.277905 1.818369 -0.020603 0.997072 -0.073638 191.442459 0.277141 0.076463 0.957782 301.435852 0.000000 0.000000 0.000000 1.000000
0.963145 -0.003789 -0.268956 0.887724 -0.017716 0.996836 -0.077485 193.664612 0.268398 0.079394 0.960031 312.022583 0.000000 0.000000 0.000000 1.000000
0.961591 -0.010325 -0.274293 0.441290 -0.012900 0.996488 -0.082733 195.687622 0.274184 0.083094 0.958081 321.822601 0.000000 0.000000 0.000000 1.000000
0.957435 -0.017816 -0.288097 0.325278 -0.007651 0.996176 -0.087030 197.731796 0.288546 0.085530 0.953638 331.292786 0.000000 0.000000 0.000000 1.000000
0.953708 -0.026857 -0.299531 0.388859 -0.001100 0.995686 -0.092778 199.653519 0.300731 0.088813 0.949565 340.801361 0.000000 0.000000 0.000000 1.000000
0.949612 -0.037390 -0.311189 0.674284 0.007279 0.995222 -0.097366 201.234482 0.313343 0.090195 0.945347 350.144623 0.000000 0.000000 0.000000 1.000000</float_array><technique_common><accessor source="#mixamorig_Hips-Matrix-animation-output-transform-array" count="34" stride="16"><param type="float4x4"/></accessor></technique_common></source><source id="mixamorig_Hips-Interpolations"><Name_array id="mixamorig_Hips-Interpolations-array" count="34">
 LINEAR LINEAR LINEAR LINEAR LINEAR LINEAR LINEAR LINEAR LINEAR LINEAR LINEAR
LINEAR LINEAR LINEAR LINEAR LINEAR LINEAR LINEAR LINEAR LINEAR LINEAR LINEAR LINEAR
LINEAR LINEAR LINEAR LINEAR LINEAR LINEAR LINEAR LINEAR LINEAR LINEAR LINEAR</Name_array><technique_common><accessor source="#mixamorig_Hips-Interpolations-array" count="34"><param type="name"/></accessor></technique_common></source><sampler id="mixamorig_Hips-Matrix-animation-transform"><input semantic="INPUT" source="#mixamorig_Hips-Matrix-animation-input"/><input semantic="OUTPUT" source="#mixamorig_Hips-Matrix-animation-output-transform"/><input semantic="INTERPOLATION" source="#mixamorig_Hips-Interpolations"/></sampler><channel source="#mixamorig_Hips-Matrix-animation-transform" target="mixamorig_Hips/matrix"/></animation>
    <animation id="mixamorig_Spine-anim" name="mixamorig_Spine"><source id="mixamorig_Spine-Matrix-animation-input"><float_array id="mixamorig_Spine-Matrix-animation-input-array" count="34">

0.000000 0.033333 0.066667 0.100000 0.133333 0.166667 0.200000 0.233333 0.266667 0.300000 0.333333 0.366667 0.400000 0.433333 0.466667 0.500000
0.533333 0.566667 0.600000 0.633333 0.666667 0.700000 0.733333 0.766667 0.800000 0.833333 0.866667 0.900000 0.933333 0.966667 1.000000 1.033333
1.066667 1.100000</float_array><technique_common><accessor source="#mixamorig_Spine-Matrix-animation-input-array" count="34"><param name="TIME" type="float"/></accessor></technique_common></source><source id="mixamorig_Spine-Matrix-animation-output-transform"><float_array id="mixamorig_Spine-Matrix-animation-output-transform-array" count="544">

0.999305 -0.025292 -0.027385 -0.057500 0.023592 0.997876 -0.060714 18.534300 0.028862 0.060026 0.997779 -2.042900 0.000000 0.000000 0.000000 1.000000
0.999497 -0.021044 -0.023743 -0.057500 0.019581 0.997989 -0.060281 18.534300 0.024964 0.059786 0.997899 -2.042900 0.000000 0.000000 0.000000 1.000000
0.999692 -0.017587 -0.017484 -0.057500 0.016510 0.998066 -0.059935 18.534300 0.018504 0.059628 0.998049 -2.042900 0.000000 0.000000 0.000000 1.000000
0.999806 -0.015197 -0.012529 -0.057500 0.014411 0.998059 -0.060583 18.534300 0.013425 0.060391 0.998085 -2.042900 0.000000 0.000000 0.000000 1.000000
0.999839 -0.016768 -0.006411 -0.057500 0.016359 0.998109 -0.059257 18.534300 0.007392 0.059143 0.998222 -2.042900 0.000000 0.000000 0.000000 1.000000
0.999792 -0.020369 -0.001418 -0.057500 0.020252 0.998095 -0.058282 18.534300 0.002602 0.058241 0.998299 -2.042900 0.000000 0.000000 0.000000 1.000000
0.999722 -0.023434 0.002697 -0.057500 0.023552 0.997980 -0.058998 18.534300 -0.001309 0.059045 0.998254 -2.042900 0.000000 0.000000 0.000000 1.000000
0.999745 -0.022102 0.004564 -0.057500 0.022332 0.998014 -0.058904 18.534300 -0.003253 0.058991 0.998253 -2.042900 0.000000 0.000000 0.000000 1.000000
0.999797 -0.019889 0.003159 -0.057500 0.020037 0.998171 -0.057029 18.534300 -0.002019 0.057081 0.998368 -2.042900 0.000000 0.000000 0.000000 1.000000
0.999852 -0.017169 -0.000450 -0.057500 0.017123 0.998511 -0.051800 18.534300 0.001339 0.051784 0.998657 -2.042900 0.000000 0.000000 0.000000 1.000000
0.999954 -0.009388 -0.001807 -0.057500 0.009284 0.998664 -0.050828 18.534300 0.002282 0.050809 0.998706 -2.042900 0.000000 0.000000 0.000000 1.000000
0.999986 -0.005047 0.001320 -0.057500 0.005114 0.998360 -0.057018 18.534300 -0.001030 0.057024 0.998372 -2.042900 0.000000 0.000000 0.000000 1.000000
0.999974 -0.006884 0.002028 -0.057500 0.006992 0.998241 -0.058866 18.534300 -0.001619 0.058879 0.998264 -2.042900 0.000000 0.000000 0.000000 1.000000
0.999930 -0.011820 0.000678 -0.057500 0.011839 0.998154 -0.059571 18.534300 0.000028 0.059574 0.998224 -2.042900 0.000000 0.000000 0.000000 1.000000
0.999880 -0.014432 -0.005625 -0.057500 0.014066 0.998077 -0.060375 18.534300 0.006486 0.060288 0.998160 -2.042900 0.000000 0.000000 0.000000 1.000000
0.999785 -0.016640 -0.012386 -0.057500 0.015847 0.997975 -0.061606 18.534300 0.013386 0.061397 0.998024 -2.042900 0.000000 0.000000 0.000000 1.000000
0.999651 -0.019926 -0.017345 -0.057500 0.018791 0.997816 -0.063323 18.534300 0.018569 0.062974 0.997842 -2.042900 0.000000 0.000000 0.000000 1.000000
0.999456 -0.024461 -0.022109 -0.057500 0.023014 0.997719 -0.063463 18.534300 0.023610 0.062920 0.997739 -2.042900 0.000000 0.000000 0.000000 1.000000
0.999241 -0.027910 -0.027192 -0.057500 0.026174 0.997719 -0.062230 18.534300 0.028867 0.061471 0.997691 -2.042900 0.000000 0.000000 0.000000 1.000000
0.999057 -0.028835 -0.032445 -0.057500 0.026794 0.997737 -0.061668 18.534300 0.034150 0.060740 0.997569 -2.042900 0.000000 0.000000 0.000000 1.000000
0.998931 -0.029184 -0.035836 -0.057500 0.027004 0.997841 -0.059865 18.534300 0.037506 0.058833 0.997563 -2.042900 0.000000 0.000000 0.000000 1.000000
0.998801 -0.029038 -0.039420 -0.057500 0.026749 0.997993 -0.057398 18.534300 0.041007 0.056275 0.997573 -2.042900 0.000000 0.000000 0.000000 1.000000
0.998712 -0.028094 -0.042244 -0.057500 0.025789 0.998199 -0.054157 18.534300 0.043689 0.052998 0.997638 -2.042900 0.000000 0.000000 0.000000 1.000000
0.998561 -0.028046 -0.045713 -0.057500 0.025679 0.998339 -0.051573 18.534300 0.047084 0.050324 0.997622 -2.042900 0.000000 0.000000 0.000000 1.000000
0.998281 -0.028795 -0.051054 -0.057500 0.026283 0.998443 -0.049205 18.534300 0.052391 0.047778 0.997483 -2.042900 0.000000 0.000000 0.000000 1.000000
0.998064 -0.032289 -0.053150 -0.057500 0.029738 0.998400 -0.048095 18.534300 0.054618 0.046422 0.997428 -2.042900 0.000000 0.000000 0.000000 1.000000
0.997795 -0.043990 -0.049698 -0.057500 0.041390 0.997779 -0.052195 18.534300 0.051883 0.050023 0.997400 -2.042900 0.000000 0.000000 0.000000 1.000000
0.997602 -0.051761 -0.045953 -0.057500 0.049175 0.997234 -0.055727 18.534300 0.048710 0.053333 0.997388 -2.042900 0.000000 0.000000 0.000000 1.000000
0.997531 -0.053976 -0.044920 -0.057500 0.051396 0.997066 -0.056732 18.534300 0.047850 0.054283 0.997378 -2.042900 0.000000 0.000000 0.000000 1.000000
0.997908 -0.048208 -0.043079 -0.057500 0.045659 0.997254 -0.058302 18.534300 0.045771 0.056213 0.997369 -2.042900 0.000000 0.000000 0.000000 1.000000
0.998381 -0.042035 -0.038321 -0.057500 0.039704 0.997428 -0.059674 18.534300 0.040731 0.058055 0.997482 -2.042900 0.000000 0.000000 0.000000 1.000000
0.998765 -0.036097 -0.034148 -0.057500 0.033976 0.997573 -0.060783 18.534300 0.036260 0.059547 0.997567 -2.042900 0.000000 0.000000 0.000000 1.000000
0.999088 -0.030288 -0.030105 -0.057500 0.028420 0.997753 -0.060671 18.534300 0.031875 0.059760 0.997704 -2.042900 0.000000 0.000000 0.000000 1.000000
0.999305 -0.025293 -0.027384 -0.057500 0.023593 0.997876 -0.060714 18.534300 0.028862 0.060026 0.997779 -2.042900 0.000000 0.000000 0.000000 1.000000</float_array><technique_common><accessor source="#mixamorig_Spine-Matrix-animation-output-transform-array" count="34" stride="16"><param type="float4x4"/></accessor></technique_common></source><source id="mixamorig_Spine-Interpolations"><Name_array id="mixamorig_Spine-Interpolations-array" count="34">
 LINEAR LINEAR LINEAR LINEAR LINEAR LINEAR LINEAR LINEAR LINEAR LINEAR LINEAR
LINEAR LINEAR LINEAR LINEAR LINEAR LINEAR LINEAR LINEAR LINEAR LINEAR LINEAR LINEAR
LINEAR LINEAR LINEAR LINEAR LINEAR LINEAR LINEAR LINEAR LINEAR LINEAR LINEAR</Name_array><technique_common><accessor source="#mixamorig_Spine-Interpolations-array" count="34"><param type="name"/></accessor></technique_common></source><sampler id="mixamorig_Spine-Matrix-animation-transform"><input semantic="INPUT" source="#mixamorig_Spine-Matrix-animation-input"/><input semantic="OUTPUT" source="#mixamorig_Spine-Matrix-animation-output-transform"/><input semantic="INTERPOLATION" source="#mixamorig_Spine-Interpolations"/></sampler><channel source="#mixamorig_Spine-Matrix-animation-transform" target="mixamorig_Spine/matrix"/></animation>
    <animation id="mixamorig_Spine1-anim" name="mixamorig_Spine1"><source id="mixamorig_Spine1-Matrix-animation-input"><float_array id="mixamorig_Spine1-Matrix-animation-input-array" count="34">

0.000000 0.033333 0.066667 0.100000 0.133333 0.166667 0.200000 0.233333 0.266667 0.300000 0.333333 0.366667 0.400000 0.433333 0.466667 0.500000
0.533333 0.566667 0.600000 0.633333 0.666667 0.700000 0.733333 0.766667 0.800000 0.833333 0.866667 0.900000 0.933333 0.966667 1.000000 1.033333
1.066667 1.100000</float_array><technique_common><accessor source="#mixamorig_Spine1-Matrix-animation-input-array" count="34"><param name="TIME" type="float"/></accessor></technique_common></source><source id="mixamorig_Spine1-Matrix-animation-output-transform"><float_array id="mixamorig_Spine1-Matrix-animation-output-transform-array" count="544">

0.999002 -0.014568 -0.042212 0.305500 0.010976 0.996397 -0.084101 19.736099 0.043285 0.083553 0.995563 -0.783400 0.000000 0.000000 0.000000 1.000000
0.999328 -0.011072 -0.034949 0.305500 0.008127 0.996491 -0.083310 19.736099 0.035749 0.082970 0.995911 -0.783400 0.000000 0.000000 0.000000 1.000000
0.999626 -0.007467 -0.026292 0.305500 0.005253 0.996510 -0.083305 19.736099 0.026822 0.083136 0.996177 -0.783400 0.000000 0.000000 0.000000 1.000000
0.999820 -0.004856 -0.018348 0.305500 0.003278 0.996368 -0.085083 19.736099 0.018695 0.085008 0.996205 -0.783400 0.000000 0.000000 0.000000 1.000000
0.999924 -0.008049 -0.009335 0.305500 0.007230 0.996386 -0.084638 19.736099 0.009983 0.084564 0.996368 -0.783400 0.000000 0.000000 0.000000 1.000000
0.999899 -0.014155 -0.001362 0.305500 0.013989 0.996300 -0.084797 19.736099 0.002557 0.084770 0.996397 -0.783400 0.000000 0.000000 0.000000 1.000000
0.999790 -0.019699 0.005605 0.305500 0.020108 0.996095 -0.085969 19.736099 -0.003890 0.086064 0.996282 -0.783400 0.000000 0.000000 0.000000 1.000000
0.999754 -0.020612 0.008228 0.305500 0.021223 0.996332 -0.082903 19.736099 -0.006489 0.083057 0.996524 -0.783400 0.000000 0.000000 0.000000 1.000000
0.999819 -0.017323 0.007920 0.305500 0.017908 0.996559 -0.080926 19.736099 -0.006491 0.081053 0.996689 -0.783400 0.000000 0.000000 0.000000 1.000000
0.999900 -0.012702 0.006265 0.305500 0.013131 0.997179 -0.073902 19.736099 -0.005308 0.073977 0.997246 -0.783400 0.000000 0.000000 0.000000 1.000000
0.999965 -0.006778 0.004829 0.305500 0.007101 0.997489 -0.070471 19.736099 -0.004339 0.070502 0.997502 -0.783400 0.000000 0.000000 0.000000 1.000000
0.999986 -0.003373 0.004090 0.305500 0.003672 0.997136 -0.075543 19.736099 -0.003823 0.075557 0.997134 -0.783400 0.000000 0.000000 0.000000 1.000000
0.999956 -0.002837 0.008894 0.305500 0.003509 0.997067 -0.076452 19.736099 -0.008651 0.076480 0.997034 -0.783400 0.000000 0.000000 0.000000 1.000000
0.999942 -0.004159 0.009941 0.305500 0.004906 0.997069 -0.076347 19.736099 -0.009594 0.076391 0.997032 -0.783400 0.000000 0.000000 0.000000 1.000000
0.999981 -0.005188 0.003222 0.305500 0.005423 0.996959 -0.077735 19.736099 -0.002809 0.077751 0.996969 -0.783400 0.000000 0.000000 0.000000 1.000000
0.999935 -0.006192 -0.009524 0.305500 0.005390 0.996614 -0.082047 19.736099 0.010000 0.081990 0.996583 -0.783400 0.000000 0.000000 0.000000 1.000000
0.999682 -0.009517 -0.023352 0.305500 0.007501 0.996358 -0.084944 19.736099 0.024075 0.084741 0.996112 -0.783400 0.000000 0.000000 0.000000 1.000000
0.999326 -0.014019 -0.033922 0.305500 0.011040 0.996193 -0.086471 19.736099 0.035005 0.086038 0.995677 -0.783400 0.000000 0.000000 0.000000 1.000000
0.998923 -0.017641 -0.042916 0.305500 0.013855 0.996116 -0.086956 19.736099 0.044283 0.086268 0.995287 -0.783400 0.000000 0.000000 0.000000 1.000000
0.998482 -0.017729 -0.052147 0.305500 0.013121 0.996084 -0.087428 19.736099 0.053493 0.086611 0.994805 -0.783400 0.000000 0.000000 0.000000 1.000000
0.997933 -0.018038 -0.061682 0.305500 0.012730 0.996267 -0.085379 19.736099 0.062992 0.084417 0.994437 -0.783400 0.000000 0.000000 0.000000 1.000000
0.997361 -0.017901 -0.070354 0.305500 0.011928 0.996359 -0.084423 19.736099 0.071609 0.083361 0.993943 -0.783400 0.000000 0.000000 0.000000 1.000000
0.996839 -0.015672 -0.077890 0.305500 0.009244 0.996573 -0.082204 19.736099 0.078911 0.081224 0.993567 -0.783400 0.000000 0.000000 0.000000 1.000000
0.996499 -0.014617 -0.082314 0.305500 0.008060 0.996808 -0.079429 19.736099 0.083213 0.078487 0.993436 -0.783400 0.000000 0.000000 0.000000 1.000000
0.996348 -0.015986 -0.083871 0.305500 0.009415 0.996896 -0.078162 19.736099 0.084860 0.077087 0.993406 -0.783400 0.000000 0.000000 0.000000 1.000000
0.996296 -0.021756 -0.083186 0.305500 0.015261 0.996842 -0.077935 19.736099 0.084619 0.076377 0.993482 -0.783400 0.000000 0.000000 0.000000 1.000000
0.996699 -0.033885 -0.073779 0.305500 0.027905 0.996354 -0.080616 19.736099 0.076241 0.078291 0.994011 -0.783400 0.000000 0.000000 0.000000 1.000000
0.997116 -0.037696 -0.065872 0.305500 0.031981 0.995802 -0.085760 19.736099 0.068828 0.083406 0.994136 -0.783400 0.000000 0.000000 0.000000 1.000000
0.997179 -0.035381 -0.066201 0.305500 0.029653 0.995889 -0.085595 19.736099 0.068957 0.083390 0.994128 -0.783400 0.000000 0.000000 0.000000 1.000000
0.997161 -0.032085 -0.068122 0.305500 0.026360 0.996173 -0.083336 19.736099 0.070535 0.081304 0.994190 -0.783400 0.000000 0.000000 0.000000 1.000000
0.997542 -0.028314 -0.064094 0.305500 0.022896 0.996224 -0.083743 19.736099 0.066223 0.082070 0.994424 -0.783400 0.000000 0.000000 0.000000 1.000000
0.998143 -0.024541 -0.055757 0.305500 0.019800 0.996265 -0.084053 19.736099 0.057612 0.082793 0.994900 -0.783400 0.000000 0.000000 0.000000 1.000000
0.998597 -0.019944 -0.049057 0.305500 0.015776 0.996347 -0.083926 19.736099 0.050551 0.083034 0.995264 -0.783400 0.000000 0.000000 0.000000 1.000000
0.999002 -0.014568 -0.042212 0.305500 0.010976 0.996397 -0.084101 19.736099 0.043285 0.083554 0.995563 -0.783400 0.000000 0.000000 0.000000 1.000000</float_array><technique_common><accessor source="#mixamorig_Spine1-Matrix-animation-output-transform-array" count="34" stride="16"><param type="float4x4"/></accessor></technique_common></source><source id="mixamorig_Spine1-Interpolations"><Name_array id="mixamorig_Spine1-Interpolations-array" count="34">
 LINEAR LINEAR LINEAR LINEAR LINEAR LINEAR LINEAR LINEAR LINEAR LINEAR LINEAR
LINEAR LINEAR LINEAR LINEAR LINEAR LINEAR LINEAR LINEAR LINEAR LINEAR LINEAR LINEAR
LINEAR LINEAR LINEAR LINEAR LINEAR LINEAR LINEAR LINEAR LINEAR LINEAR LINEAR</Name_array><technique_common><accessor source="#mixamorig_Spine1-Interpolations-array" count="34"><param type="name"/></accessor></technique_common></source><sampler id="mixamorig_Spine1-Matrix-animation-transform"><input semantic="INPUT" source="#mixamorig_Spine1-Matrix-animation-input"/><input semantic="OUTPUT" source="#mixamorig_Spine1-Matrix-animation-output-transform"/><input semantic="INTERPOLATION" source="#mixamorig_Spine1-Interpolations"/></sampler><channel source="#mixamorig_Spine1-Matrix-animation-transform" target="mixamorig_Spine1/matrix"/></animation>
    <animation id="mixamorig_Spine2-anim" name="mixamorig_Spine2"><source id="mixamorig_Spine2-Matrix-animation-input"><float_array id="mixamorig_Spine2-Matrix-animation-input-array" count="34">

0.000000 0.033333 0.066667 0.100000 0.133333 0.166667 0.200000 0.233333 0.266667 0.300000 0.333333 0.366667 0.400000 0.433333 0.466667 0.500000
0.533333 0.566667 0.600000 0.633333 0.666667 0.700000 0.733333 0.766667 0.800000 0.833333 0.866667 0.900000 0.933333 0.966667 1.000000 1.033333
1.066667 1.100000</float_array><technique_common><accessor source="#mixamorig_Spine2-Matrix-animation-input-array" count="34"><param name="TIME" type="float"/></accessor></technique_common></source><source id="mixamorig_Spine2-Matrix-animation-output-transform"><float_array id="mixamorig_Spine2-Matrix-animation-output-transform-array" count="544">

0.998895 -0.015164 -0.044480 0.152700 0.011424 0.996471 -0.083154 25.612801 0.045584 0.082554 0.995544 -0.124700 0.000000 0.000000 0.000000 1.000000
0.999249 -0.011506 -0.037013 0.152700 0.008417 0.996551 -0.082558 25.612801 0.037836 0.082184 0.995899 -0.124700 0.000000 0.000000 0.000000 1.000000
0.999570 -0.007899 -0.028240 0.152700 0.005537 0.996555 -0.082747 25.612801 0.028796 0.082555 0.996170 -0.124700 0.000000 0.000000 0.000000 1.000000
0.999782 -0.005202 -0.020233 0.152700 0.003471 0.996403 -0.084671 25.612801 0.020601 0.084582 0.996204 -0.124700 0.000000 0.000000 0.000000 1.000000
0.999905 -0.008319 -0.011031 0.152700 0.007359 0.996408 -0.084365 25.612801 0.011694 0.084275 0.996374 -0.124700 0.000000 0.000000 0.000000 1.000000
0.999893 -0.014332 -0.002907 0.152700 0.014035 0.996314 -0.084622 25.612801 0.004109 0.084572 0.996409 -0.124700 0.000000 0.000000 0.000000 1.000000
0.999795 -0.019803 0.004193 0.152700 0.020091 0.996104 -0.085869 25.612801 -0.002477 0.085935 0.996298 -0.124700 0.000000 0.000000 0.000000 1.000000
0.999760 -0.020723 0.007118 0.152700 0.021242 0.996339 -0.082810 25.612801 -0.005376 0.082941 0.996540 -0.124700 0.000000 0.000000 0.000000 1.000000
0.999827 -0.017305 0.006832 0.152700 0.017801 0.996567 -0.080849 25.612801 -0.005410 0.080957 0.996703 -0.124700 0.000000 0.000000 0.000000 1.000000
0.999910 -0.012436 0.005105 0.152700 0.012779 0.997190 -0.073817 25.612801 -0.004173 0.073875 0.997259 -0.124700 0.000000 0.000000 0.000000 1.000000
0.999972 -0.006501 0.003755 0.152700 0.006749 0.997500 -0.070349 25.612801 -0.003288 0.070373 0.997515 -0.124700 0.000000 0.000000 0.000000 1.000000
0.999990 -0.003455 0.002782 0.152700 0.003655 0.997142 -0.075463 25.612801 -0.002513 0.075473 0.997145 -0.124700 0.000000 0.000000 0.000000 1.000000
0.999969 -0.002617 0.007424 0.152700 0.003176 0.997073 -0.076392 25.612801 -0.007202 0.076414 0.997050 -0.124700 0.000000 0.000000 0.000000 1.000000
0.999960 -0.003701 0.008202 0.152700 0.004316 0.997077 -0.076287 25.612801 -0.007896 0.076319 0.997052 -0.124700 0.000000 0.000000 0.000000 1.000000
0.999989 -0.004576 0.001406 0.152700 0.004671 0.996979 -0.077528 25.612801 -0.001047 0.077534 0.996989 -0.124700 0.000000 0.000000 0.000000 1.000000
0.999918 -0.005810 -0.011435 0.152700 0.004857 0.996650 -0.081644 25.612801 0.011871 0.081582 0.996596 -0.124700 0.000000 0.000000 0.000000 1.000000
0.999635 -0.009669 -0.025227 0.152700 0.007508 0.996405 -0.084383 25.612801 0.025952 0.084163 0.996114 -0.124700 0.000000 0.000000 0.000000 1.000000
0.999252 -0.014455 -0.035867 0.152700 0.011335 0.996254 -0.085726 25.612801 0.036972 0.085255 0.995673 -0.124700 0.000000 0.000000 0.000000 1.000000
0.998822 -0.018149 -0.044992 0.152700 0.014227 0.996194 -0.085993 25.612801 0.046381 0.085251 0.995279 -0.124700 0.000000 0.000000 0.000000 1.000000
0.998344 -0.018365 -0.054514 0.152700 0.013618 0.996185 -0.086203 25.612801 0.055889 0.085318 0.994785 -0.124700 0.000000 0.000000 0.000000 1.000000
0.997754 -0.019079 -0.064207 0.152700 0.013650 0.996376 -0.083954 25.612801 0.065576 0.082889 0.994399 -0.124700 0.000000 0.000000 0.000000 1.000000
0.997146 -0.019108 -0.073034 0.152700 0.013029 0.996479 -0.082821 25.612801 0.074360 0.081633 0.993885 -0.124700 0.000000 0.000000 0.000000 1.000000
0.996595 -0.016983 -0.080684 0.152700 0.010474 0.996706 -0.080420 25.612801 0.081784 0.079301 0.993490 -0.124700 0.000000 0.000000 0.000000 1.000000
0.996248 -0.015747 -0.085099 0.152700 0.009140 0.996952 -0.077474 25.612801 0.086060 0.076405 0.993356 -0.124700 0.000000 0.000000 0.000000 1.000000
0.996114 -0.016353 -0.086537 0.152700 0.009762 0.997056 -0.076047 25.612801 0.087525 0.074907 0.993342 -0.124700 0.000000 0.000000 0.000000 1.000000
0.996076 -0.021702 -0.085795 0.152700 0.015197 0.997010 -0.075761 25.612801 0.087183 0.074160 0.993428 -0.124700 0.000000 0.000000 0.000000 1.000000
0.996497 -0.033834 -0.076476 0.152700 0.027810 0.996526 -0.078507 25.612801 0.078867 0.076106 0.993976 -0.124700 0.000000 0.000000 0.000000 1.000000
0.996922 -0.037585 -0.068800 0.152700 0.031771 0.995982 -0.083733 25.612801 0.071671 0.081289 0.994110 -0.124700 0.000000 0.000000 0.000000 1.000000
0.996981 -0.035548 -0.069030 0.152700 0.029725 0.996054 -0.083629 25.612801 0.071731 0.081325 0.994103 -0.124700 0.000000 0.000000 0.000000 1.000000
0.996960 -0.032841 -0.070661 0.152700 0.027045 0.996308 -0.081479 25.612801 0.073076 0.079321 0.994167 -0.124700 0.000000 0.000000 0.000000 1.000000
0.997347 -0.029330 -0.066619 0.152700 0.023821 0.996345 -0.082031 25.612801 0.068781 0.080227 0.994401 -0.124700 0.000000 0.000000 0.000000 1.000000
0.997983 -0.025415 -0.058169 0.152700 0.020555 0.996366 -0.082663 25.612801 0.060058 0.081301 0.994878 -0.124700 0.000000 0.000000 0.000000 1.000000
0.998463 -0.020755 -0.051393 0.152700 0.016452 0.996432 -0.082775 25.612801 0.052928 0.081802 0.995242 -0.124700 0.000000 0.000000 0.000000 1.000000
0.998895 -0.015164 -0.044480 0.152700 0.011424 0.996471 -0.083154 25.612801 0.045584 0.082554 0.995544 -0.124700 0.000000 0.000000 0.000000 1.000000</float_array><technique_common><accessor source="#mixamorig_Spine2-Matrix-animation-output-transform-array" count="34" stride="16"><param type="float4x4"/></accessor></technique_common></source><source id="mixamorig_Spine2-Interpolations"><Name_array id="mixamorig_Spine2-Interpolations-array" count="34">
 LINEAR LINEAR LINEAR LINEAR LINEAR LINEAR LINEAR LINEAR LINEAR LINEAR LINEAR
LINEAR LINEAR LINEAR LINEAR LINEAR LINEAR LINEAR LINEAR LINEAR LINEAR LINEAR LINEAR
LINEAR LINEAR LINEAR LINEAR LINEAR LINEAR LINEAR LINEAR LINEAR LINEAR LINEAR</Name_array><technique_common><accessor source="#mixamorig_Spine2-Interpolations-array" count="34"><param type="name"/></accessor></technique_common></source><sampler id="mixamorig_Spine2-Matrix-animation-transform"><input semantic="INPUT" source="#mixamorig_Spine2-Matrix-animation-input"/><input semantic="OUTPUT" source="#mixamorig_Spine2-Matrix-animation-output-transform"/><input semantic="INTERPOLATION" source="#mixamorig_Spine2-Interpolations"/></sampler><channel source="#mixamorig_Spine2-Matrix-animation-transform" target="mixamorig_Spine2/matrix"/></animation>
    <animation id="mixamorig_Neck-anim" name="mixamorig_Neck"><source id="mixamorig_Neck-Matrix-animation-input"><float_array id="mixamorig_Neck-Matrix-animation-input-array" count="34">

0.000000 0.033333 0.066667 0.100000 0.133333 0.166667 0.200000 0.233333 0.266667 0.300000 0.333333 0.366667 0.400000 0.433333 0.466667 0.500000
0.533333 0.566667 0.600000 0.633333 0.666667 0.700000 0.733333 0.766667 0.800000 0.833333 0.866667 0.900000 0.933333 0.966667 1.000000 1.033333
1.066667 1.100000</float_array><technique_common><accessor source="#mixamorig_Neck-Matrix-animation-input-array" count="34"><param name="TIME" type="float"/></accessor></technique_common></source><source id="mixamorig_Neck-Matrix-animation-output-transform"><float_array id="mixamorig_Neck-Matrix-animation-output-transform-array" count="544">

0.940741 0.269217 0.206223 0.879800 -0.218529 0.946255 -0.238425 30.689800 -0.259328 0.179230 0.949013 2.800200 0.000000 0.000000 0.000000 1.000000
0.941554 0.265229 0.207677 0.879800 -0.214603 0.947486 -0.237101 30.689800 -0.259657 0.178675 0.949028 2.800200 0.000000 0.000000 0.000000 1.000000
0.940601 0.267139 0.209538 0.879800 -0.214798 0.946183 -0.242072 30.689800 -0.262929 0.182685 0.947362 2.800200 0.000000 0.000000 0.000000 1.000000
0.937872 0.273612 0.213385 0.879800 -0.218536 0.943462 -0.249242 30.689800 -0.269517 0.187125 0.944640 2.800200 0.000000 0.000000 0.000000 1.000000
0.931716 0.290125 0.218477 0.879800 -0.230944 0.937550 -0.260126 30.689800 -0.280302 0.191908 0.940533 2.800200 0.000000 0.000000 0.000000 1.000000
0.926881 0.304042 0.220113 0.879800 -0.240191 0.931062 -0.274650 30.689800 -0.288444 0.201698 0.936012 2.800200 0.000000 0.000000 0.000000 1.000000
0.925325 0.309303 0.219331 0.879800 -0.244397 0.928767 -0.278680 30.689800 -0.289904 0.204266 0.935003 2.800200 0.000000 0.000000 0.000000 1.000000
0.928500 0.303010 0.214647 0.879800 -0.241060 0.931537 -0.272266 30.689800 -0.282451 0.201056 0.937975 2.800200 0.000000 0.000000 0.000000 1.000000
0.932073 0.296051 0.208793 0.879800 -0.235849 0.933362 -0.270574 30.689800 -0.274983 0.202951 0.939785 2.800200 0.000000 0.000000 0.000000 1.000000
0.936323 0.282417 0.208662 0.879800 -0.226757 0.940034 -0.254787 30.689800 -0.268106 0.191248 0.944216 2.800200 0.000000 0.000000 0.000000 1.000000
0.940240 0.266469 0.211999 0.879800 -0.216367 0.948272 -0.232304 30.689800 -0.262935 0.172551 0.949258 2.800200 0.000000 0.000000 0.000000 1.000000
0.940456 0.263491 0.214742 0.879800 -0.216769 0.951525 -0.218201 30.689800 -0.261827 0.158659 0.951984 2.800200 0.000000 0.000000 0.000000 1.000000
0.937192 0.273448 0.216557 0.879800 -0.224429 0.947979 -0.225760 30.689800 -0.267025 0.162979 0.949808 2.800200 0.000000 0.000000 0.000000 1.000000
0.931001 0.292731 0.218048 0.879800 -0.236595 0.938839 -0.250208 30.689800 -0.277955 0.181355 0.943319 2.800200 0.000000 0.000000 0.000000 1.000000
0.928467 0.298542 0.220958 0.879800 -0.237016 0.934273 -0.266377 30.689800 -0.285959 0.194951 0.938201 2.800200 0.000000 0.000000 0.000000 1.000000
0.930217 0.291066 0.223555 0.879800 -0.226149 0.934329 -0.275473 30.689800 -0.289055 0.205693 0.934953 2.800200 0.000000 0.000000 0.000000 1.000000
0.932692 0.279614 0.227818 0.879800 -0.214713 0.937981 -0.272194 30.689800 -0.289798 0.204957 0.934885 2.800200 0.000000 0.000000 0.000000 1.000000
0.934546 0.272190 0.229210 0.879800 -0.206563 0.939457 -0.273410 30.689800 -0.289752 0.208168 0.934189 2.800200 0.000000 0.000000 0.000000 1.000000
0.936703 0.263400 0.230670 0.879800 -0.198555 0.942261 -0.269668 30.689800 -0.288382 0.206798 0.934917 2.800200 0.000000 0.000000 0.000000 1.000000
0.938644 0.256538 0.230514 0.879800 -0.192051 0.943944 -0.268487 30.689800 -0.286469 0.207743 0.935296 2.800200 0.000000 0.000000 0.000000 1.000000
0.940016 0.251932 0.230003 0.879800 -0.189563 0.946321 -0.261805 30.689800 -0.283613 0.202501 0.937314 2.800200 0.000000 0.000000 0.000000 1.000000
0.940596 0.252128 0.227401 0.879800 -0.191754 0.947188 -0.257031 30.689800 -0.280197 0.198157 0.939268 2.800200 0.000000 0.000000 0.000000 1.000000
0.941469 0.253039 0.222728 0.879800 -0.195202 0.947895 -0.251777 30.689800 -0.274832 0.193563 0.941807 2.800200 0.000000 0.000000 0.000000 1.000000
0.942304 0.250830 0.221693 0.879800 -0.196238 0.950421 -0.241228 30.689800 -0.271209 0.183806 0.944807 2.800200 0.000000 0.000000 0.000000 1.000000
0.942193 0.251305 0.221626 0.879800 -0.200127 0.952555 -0.229321 30.689800 -0.268740 0.171711 0.947784 2.800200 0.000000 0.000000 0.000000 1.000000
0.939059 0.262912 0.221463 0.879800 -0.214522 0.951602 -0.220079 30.689800 -0.268606 0.159158 0.950010 2.800200 0.000000 0.000000 0.000000 1.000000
0.931193 0.290740 0.219886 0.879800 -0.243200 0.944843 -0.219374 30.689800 -0.271538 0.150803 0.950540 2.800200 0.000000 0.000000 0.000000 1.000000
0.929259 0.300538 0.214835 0.879800 -0.251680 0.940723 -0.227370 30.689800 -0.270434 0.157216 0.949815 2.800200 0.000000 0.000000 0.000000 1.000000
0.933418 0.289827 0.211496 0.879800 -0.240592 0.942909 -0.230300 30.689800 -0.266169 0.164081 0.949859 2.800200 0.000000 0.000000 0.000000 1.000000
0.937506 0.277031 0.210563 0.879800 -0.229447 0.947084 -0.224468 30.689800 -0.261605 0.162127 0.951461 2.800200 0.000000 0.000000 0.000000 1.000000
0.938792 0.274018 0.208769 0.879800 -0.226807 0.947802 -0.224122 30.689800 -0.259285 0.163054 0.951937 2.800200 0.000000 0.000000 0.000000 1.000000
0.939151 0.273217 0.208203 0.879800 -0.225440 0.947554 -0.226535 30.689800 -0.259177 0.165814 0.951490 2.800200 0.000000 0.000000 0.000000 1.000000
0.940010 0.271767 0.206214 0.879800 -0.221743 0.946101 -0.236056 30.689800 -0.259252 0.176168 0.949607 2.800200 0.000000 0.000000 0.000000 1.000000
0.940742 0.269218 0.206218 0.879800 -0.218528 0.946253 -0.238436 30.689800 -0.259326 0.179242 0.949011 2.800200 0.000000 0.000000 0.000000 1.000000</float_array><technique_common><accessor source="#mixamorig_Neck-Matrix-animation-output-transform-array" count="34" stride="16"><param type="float4x4"/></accessor></technique_common></source><source id="mixamorig_Neck-Interpolations"><Name_array id="mixamorig_Neck-Interpolations-array" count="34">
 LINEAR LINEAR LINEAR LINEAR LINEAR LINEAR LINEAR LINEAR LINEAR LINEAR LINEAR
LINEAR LINEAR LINEAR LINEAR LINEAR LINEAR LINEAR LINEAR LINEAR LINEAR LINEAR LINEAR
LINEAR LINEAR LINEAR LINEAR LINEAR LINEAR LINEAR LINEAR LINEAR LINEAR LINEAR</Name_array><technique_common><accessor source="#mixamorig_Neck-Interpolations-array" count="34"><param type="name"/></accessor></technique_common></source><sampler id="mixamorig_Neck-Matrix-animation-transform"><input semantic="INPUT" source="#mixamorig_Neck-Matrix-animation-input"/><input semantic="OUTPUT" source="#mixamorig_Neck-Matrix-animation-output-transform"/><input semantic="INTERPOLATION" source="#mixamorig_Neck-Interpolations"/></sampler><channel source="#mixamorig_Neck-Matrix-animation-transform" target="mixamorig_Neck/matrix"/></animation>
    <animation id="mixamorig_Head-anim" name="mixamorig_Head"><source id="mixamorig_Head-Matrix-animation-input"><float_array id="mixamorig_Head-Matrix-animation-input-array" count="34">

0.000000 0.033333 0.066667 0.100000 0.133333 0.166667 0.200000 0.233333 0.266667 0.300000 0.333333 0.366667 0.400000 0.433333 0.466667 0.500000
0.533333 0.566667 0.600000 0.633333 0.666667 0.700000 0.733333 0.766667 0.800000 0.833333 0.866667 0.900000 0.933333 0.966667 1.000000 1.033333
1.066667 1.100000</float_array><technique_common><accessor source="#mixamorig_Head-Matrix-animation-input-array" count="34"><param name="TIME" type="float"/></accessor></technique_common></source><source id="mixamorig_Head-Matrix-animation-output-transform"><float_array id="mixamorig_Head-Matrix-animation-output-transform-array" count="544">

0.987546 -0.085956 0.131778 0.154400 0.027094 0.917967 0.395731 19.089399 -0.154983 -0.387232 0.908863 6.327400 0.000000 0.000000 0.000000 1.000000
0.987246 -0.087358 0.133095 0.154400 0.027724 0.917568 0.396612 19.089399 -0.156771 -0.387864 0.908287 6.327400 0.000000 0.000000 0.000000 1.000000
0.987064 -0.090681 0.132221 0.154400 0.029336 0.912914 0.407096 19.089399 -0.157622 -0.397951 0.903764 6.327400 0.000000 0.000000 0.000000 1.000000
0.986427 -0.094192 0.134500 0.154400 0.029484 0.907402 0.419229 19.089399 -0.161534 -0.409573 0.897862 6.327400 0.000000 0.000000 0.000000 1.000000
0.985525 -0.103844 0.134001 0.154400 0.036445 0.901733 0.430754 19.089399 -0.165565 -0.419635 0.892466 6.327400 0.000000 0.000000 0.000000 1.000000
0.984965 -0.105360 0.136909 0.154400 0.034433 0.896324 0.442061 19.089399 -0.169290 -0.430700 0.886475 6.327400 0.000000 0.000000 0.000000 1.000000
0.985096 -0.099363 0.140403 0.154400 0.027613 0.897039 0.441088 19.089399 -0.169775 -0.430637 0.886413 6.327400 0.000000 0.000000 0.000000 1.000000
0.985962 -0.088280 0.141726 0.154400 0.021104 0.907881 0.418697 19.089399 -0.165633 -0.409828 0.896999 6.327400 0.000000 0.000000 0.000000 1.000000
0.987037 -0.081314 0.138370 0.154400 0.018943 0.915151 0.402666 19.089399 -0.159372 -0.394825 0.904828 6.327400 0.000000 0.000000 0.000000 1.000000
0.987337 -0.082165 0.135698 0.154400 0.023678 0.922161 0.386082 19.089399 -0.156858 -0.377980 0.912429 6.327400 0.000000 0.000000 0.000000 1.000000
0.987161 -0.086745 0.134119 0.154400 0.030313 0.926161 0.375909 19.089399 -0.156824 -0.367017 0.916900 6.327400 0.000000 0.000000 0.000000 1.000000
0.987149 -0.093353 0.129700 0.154400 0.036806 0.922627 0.383933 19.089399 -0.155506 -0.374226 0.914206 6.327400 0.000000 0.000000 0.000000 1.000000
0.987024 -0.099121 0.126330 0.154400 0.042000 0.918711 0.392690 19.089399 -0.154985 -0.382288 0.910953 6.327400 0.000000 0.000000 0.000000 1.000000
0.986754 -0.105345 0.123367 0.154400 0.046477 0.912172 0.407164 19.089399 -0.155424 -0.396036 0.904985 6.327400 0.000000 0.000000 0.000000 1.000000
0.986338 -0.101269 0.129930 0.154400 0.039266 0.910521 0.411594 19.089399 -0.159986 -0.400869 0.902058 6.327400 0.000000 0.000000 0.000000 1.000000
0.985718 -0.087329 0.143993 0.154400 0.019987 0.909662 0.414868 19.089399 -0.167215 -0.406065 0.898416 6.327400 0.000000 0.000000 0.000000 1.000000
0.984561 -0.071432 0.159801 0.154400 0.000320 0.913674 0.406448 19.089399 -0.175039 -0.400121 0.899591 6.327400 0.000000 0.000000 0.000000 1.000000
0.983125 -0.059176 0.173101 0.154400 -0.016100 0.914576 0.404094 19.089399 -0.182227 -0.400061 0.898190 6.327400 0.000000 0.000000 0.000000 1.000000
0.981769 -0.050984 0.183115 0.154400 -0.027065 0.916046 0.400159 19.089399 -0.188143 -0.397820 0.897965 6.327400 0.000000 0.000000 0.000000 1.000000
0.980930 -0.049957 0.187832 0.154400 -0.031146 0.913511 0.405619 19.089399 -0.191851 -0.403734 0.894535 6.327400 0.000000 0.000000 0.000000 1.000000
0.980717 -0.052301 0.188305 0.154400 -0.028624 0.914695 0.403131 19.089399 -0.193326 -0.400747 0.895559 6.327400 0.000000 0.000000 0.000000 1.000000
0.981329 -0.058245 0.183304 0.154400 -0.021552 0.913743 0.405720 19.089399 -0.191124 -0.402096 0.895428 6.327400 0.000000 0.000000 0.000000 1.000000
0.982217 -0.061002 0.177565 0.154400 -0.016631 0.913760 0.405915 19.089399 -0.187014 -0.401649 0.896495 6.327400 0.000000 0.000000 0.000000 1.000000
0.982639 -0.061574 0.175013 0.154400 -0.012322 0.919578 0.392713 19.089399 -0.185119 -0.388052 0.902855 6.327400 0.000000 0.000000 0.000000 1.000000
