<?xml version="1.0" encoding="utf-8"?>
<COLLADA xmlns="http://www.collada.org/2005/11/COLLADASchema" version="1.4.1">
  <asset><contributor><author>Mixamo</author><authoring_tool>COLLADA Mixamo exporter</authoring_tool><comments></comments></contributor><created>2018-02-10T11:47:56Z</created><modified>2018-02-10T11:47:56Z</modified><revision></revision><title></title><unit meter="0.010000"/><up_axis>Y_UP</up_axis></asset>
  <library_animations>
    <animation id="mixamorig_Hips-anim" name="mixamorig_Hips"><source id="mixamorig_Hips-Matrix-animation-input"><float_array id="mixamorig_Hips-Matrix-animation-input-array" count="58">

0.000000 0.033333 0.066667 0.100000 0.133333 0.166667 0.200000 0.233333 0.266667 0.300000 0.333333 0.366667 0.400000 0.433333 0.466667 0.500000
0.533333 0.566667 0.600000 0.633333 0.666667 0.700000 0.733333 0.766667 0.800000 0.833333 0.866667 0.900000 0.933333 0.966667 1.000000 1.033333
1.066667 1.100000 1.133333 1.166667 1.200000 1.233333 1.266667 1.300000 1.333333 1.366667 1.400000 1.433333 1.466667 1.500000 1.533333 1.566667
1.600000 1.633333 1.666667 1.700000 1.733333 1.766667 1.800000 1.833333 1.866667 1.900000</float_array><technique_common><accessor source="#mixamorig_Hips-Matrix-animation-input-array" count="58"><param name="TIME" type="float"/></accessor></technique_common></source><source id="mixamorig_Hips-Matrix-animation-output-transform"><float_array id="mixamorig_Hips-Matrix-animation-output-transform-array" count="928">

0.951278 -0.036907 -0.306119 0.656120 0.007280 0.995222 -0.097366 201.234528 0.308250 0.090393 0.947001 -3.389731 0.000000 0.000000 0.000000 1.000000
0.946435 -0.038831 -0.320550 0.198893 0.012027 0.996293 -0.085178 202.454407 0.322669 0.076761 0.943394 6.264643 0.000000 0.000000 0.000000 1.000000
0.939343 -0.033932 -0.341295 -0.023794 0.009902 0.997362 -0.071906 203.306625 0.342835 0.064165 0.937202 16.082043 0.000000 0.000000 0.000000 1.000000
0.930492 -0.024921 -0.365465 -0.080527 0.004686 0.998411 -0.056151 203.582153 0.366283 0.050535 0.929130 25.810883 0.000000 0.000000 0.000000 1.000000
0.918786 -0.010416 -0.394619 0.064615 -0.003129 0.999428 -0.033666 203.752655 0.394744 0.032166 0.918228 35.898815 0.000000 0.000000 0.000000 1.000000
0.903947 0.009734 -0.427533 0.622230 -0.015361 0.999835 -0.009714 203.580246 0.427368 0.015348 0.903947 46.502209 0.000000 0.000000 0.000000 1.000000
0.889463 0.026763 -0.456222 1.399788 -0.027903 0.999602 0.004237 202.192719 0.456154 0.008962 0.889856 58.121082 0.000000 0.000000 0.000000 1.000000
0.877994 0.029905 -0.477736 2.190336 -0.021924 0.999511 0.022274 199.856262 0.478169 -0.009083 0.878221 70.606133 0.000000 0.000000 0.000000 1.000000
0.873918 0.023835 -0.485488 3.007316 -0.005732 0.999233 0.038738 197.871292 0.486039 -0.031071 0.873385 84.034966 0.000000 0.000000 0.000000 1.000000
0.877436 0.002976 -0.479684 3.706443 0.016689 0.999186 0.036727 196.061096 0.479403 -0.040231 0.876672 97.320786 0.000000 0.000000 0.000000 1.000000
0.885877 -0.027843 -0.463084 4.070833 0.043951 0.998745 0.024029 194.455643 0.461833 -0.041640 0.885989 109.324600 0.000000 0.000000 0.000000 1.000000
0.897177 -0.047549 -0.439104 4.151232 0.066314 0.997420 0.027485 193.752640 0.436665 -0.053777 0.898016 119.514359 0.000000 0.000000 0.000000 1.000000
0.903036 -0.038636 -0.427823 4.351878 0.064716 0.996816 0.046579 193.978897 0.424661 -0.069750 0.902662 129.697693 0.000000 0.000000 0.000000 1.000000
0.905729 -0.019260 -0.423419 4.593605 0.050621 0.996733 0.062943 194.807098 0.420823 -0.078443 0.903745 140.330688 0.000000 0.000000 0.000000 1.000000
0.911657 -0.006212 -0.410904 4.564399 0.036797 0.997103 0.066566 196.241257 0.409300 -0.075806 0.909245 151.266617 0.000000 0.000000 0.000000 1.000000
0.921743 0.001979 -0.387796 4.108479 0.028033 0.997031 0.071720 197.639160 0.386786 -0.076979 0.918951 162.081696 0.000000 0.000000 0.000000 1.000000
0.933430 0.013846 -0.358491 3.577516 0.017213 0.996376 0.083302 198.802109 0.358345 -0.083927 0.929809 172.565521 0.000000 0.000000 0.000000 1.000000
0.944176 0.026343 -0.328385 3.036673 0.002052 0.996308 0.085825 199.571762 0.329434 -0.081707 0.940637 183.137131 0.000000 0.000000 0.000000 1.000000
0.953618 0.032038 -0.299311 2.319772 -0.008492 0.996788 0.079638 200.077301 0.300901 -0.073402 0.950826 193.346359 0.000000 0.000000 0.000000 1.000000
0.963733 0.025020 -0.265692 1.361040 -0.007288 0.997691 0.067519 199.971191 0.266768 -0.063134 0.961691 203.509323 0.000000 0.000000 0.000000 1.000000
0.973356 0.014276 -0.228856 0.203015 -0.000653 0.998229 0.059490 199.338516 0.229300 -0.057755 0.971641 213.403015 0.000000 0.000000 0.000000 1.000000
0.981579 0.003430 -0.191028 -1.213919 0.008279 0.998136 0.060461 198.068787 0.190879 -0.060928 0.979721 223.475082 0.000000 0.000000 0.000000 1.000000
0.987567 -0.012559 -0.156697 -2.625950 0.021080 0.998380 0.052841 196.254532 0.155779 -0.055487 0.986232 233.881790 0.000000 0.000000 0.000000 1.000000
0.992139 -0.026585 -0.122287 -4.182182 0.032454 0.998402 0.046254 194.081390 0.120862 -0.049859 0.991416 245.016785 0.000000 0.000000 0.000000 1.000000
0.994919 -0.033284 -0.095023 -5.721708 0.037737 0.998253 0.045460 191.627151 0.093343 -0.048815 0.994437 256.354767 0.000000 0.000000 0.000000 1.000000
0.996689 -0.030380 -0.075417 -7.390236 0.034216 0.998158 0.050097 189.231506 0.073756 -0.052511 0.995893 268.791412 0.000000 0.000000 0.000000 1.000000
0.997573 -0.012173 -0.068555 -9.074286 0.015478 0.998733 0.047890 187.700027 0.067886 -0.048835 0.996497 282.351868 0.000000 0.000000 0.000000 1.000000
0.996332 0.015517 -0.084149 -10.595031 -0.011592 0.998830 0.046943 187.171204 0.084779 -0.045795 0.995347 295.415802 0.000000 0.000000 0.000000 1.000000
0.991203 0.046602 -0.123875 -11.917379 -0.039465 0.997450 0.059460 187.295975 0.126330 -0.054048 0.990515 307.155762 0.000000 0.000000 0.000000 1.000000
0.983946 0.073176 -0.162772 -13.148027 -0.061279 0.995150 0.076951 187.727600 0.167614 -0.065741 0.983658 317.868652 0.000000 0.000000 0.000000 1.000000
0.982631 0.073890 -0.170228 -14.521784 -0.059497 0.994328 0.088160 189.805939 0.175776 -0.076500 0.981453 327.672882 0.000000 0.000000 0.000000 1.000000
0.983002 0.065868 -0.171374 -15.486584 -0.050180 0.994277 0.094318 192.226471 0.176605 -0.084115 0.980681 336.986511 0.000000 0.000000 0.000000 1.000000
0.978395 0.062027 -0.197220 -15.719110 -0.043619 0.994391 0.096356 193.749191 0.202090 -0.085671 0.975613 345.326324 0.000000 0.000000 0.000000 1.000000
0.971590 0.061738 -0.228474 -15.917674 -0.040243 0.994414 0.097574 194.874222 0.233222 -0.085607 0.968648 353.143555 0.000000 0.000000 0.000000 1.000000
0.965400 0.056194 -0.254647 -15.972775 -0.032011 0.994658 0.098137 195.290512 0.258802 -0.086589 0.962042 360.656372 0.000000 0.000000 0.000000 1.000000
0.960396 0.049703 -0.274169 -15.840509 -0.023890 0.995027 0.096700 195.488083 0.277611 -0.086320 0.956808 367.806274 0.000000 0.000000 0.000000 1.000000
0.956744 0.045780 -0.287307 -15.325385 -0.019169 0.995316 0.094760 195.500031 0.290299 -0.085154 0.953140 374.353790 0.000000 0.000000 0.000000 1.000000
0.950720 0.046418 -0.306555 -14.484409 -0.016260 0.994834 0.100209 195.491119 0.309623 -0.090286 0.946563 380.462463 0.000000 0.000000 0.000000 1.000000
0.943709 0.048997 -0.327128 -13.446540 -0.012890 0.993664 0.111647 195.808395 0.330526 -0.101146 0.938361 386.061768 0.000000 0.000000 0.000000 1.000000
0.935557 0.052775 -0.349211 -12.091535 -0.011003 0.992648 0.120538 196.485840 0.353004 -0.108928 0.929259 390.708679 0.000000 0.000000 0.000000 1.000000
0.923664 0.056175 -0.379063 -10.083692 -0.010004 0.992395 0.122690 197.283890 0.383072 -0.109532 0.917201 394.702759 0.000000 0.000000 0.000000 1.000000
0.906461 0.058471 -0.418222 -7.818298 -0.008938 0.992802 0.119431 198.146469 0.422195 -0.104522 0.900459 398.163971 0.000000 0.000000 0.000000 1.000000
0.889274 0.047968 -0.454853 -5.787291 -0.005151 0.995472 0.094911 199.204208 0.457347 -0.082059 0.885494 400.808624 0.000000 0.000000 0.000000 1.000000
0.880197 0.028049 -0.473779 -4.121567 0.003820 0.997801 0.066170 200.373169 0.474593 -0.060053 0.878155 403.012543 0.000000 0.000000 0.000000 1.000000
0.880815 0.029004 -0.472571 -2.421806 0.001715 0.997920 0.064442 201.426544 0.473457 -0.057572 0.878933 404.484070 0.000000 0.000000 0.000000 1.000000
0.882253 0.031406 -0.469726 -0.761818 -0.002756 0.998100 0.061557 202.387741 0.470767 -0.053015 0.880664 405.606079 0.000000 0.000000 0.000000 1.000000
0.881167 0.026622 -0.472054 0.541836 -0.005493 0.998923 0.046083 203.262238 0.472773 -0.038014 0.880364 406.541809 0.000000 0.000000 0.000000 1.000000
0.880103 0.018960 -0.474403 1.364312 -0.005616 0.999548 0.029529 204.076889 0.474749 -0.023324 0.879812 407.089508 0.000000 0.000000 0.000000 1.000000
0.879643 0.012744 -0.475465 2.083985 -0.003915 0.999801 0.019554 204.917953 0.475619 -0.015339 0.879518 407.499542 0.000000 0.000000 0.000000 1.000000
0.878926 0.007305 -0.476902 2.693604 -0.002075 0.999932 0.011491 205.788681 0.476954 -0.009111 0.878881 407.705780 0.000000 0.000000 0.000000 1.000000
0.877917 0.000954 -0.478812 2.983415 0.000168 0.999997 0.002299 206.677612 0.478813 -0.002099 0.877915 407.732910 0.000000 0.000000 0.000000 1.000000
0.876588 -0.005327 -0.481212 3.037804 0.002299 0.999974 -0.006882 207.490906 0.481236 0.004926 0.876577 407.735565 0.000000 0.000000 0.000000 1.000000
0.875263 -0.010942 -0.483524 2.958844 0.004057 0.999875 -0.015284 208.119904 0.483630 0.011416 0.875198 407.662781 0.000000 0.000000 0.000000 1.000000
0.873941 -0.015694 -0.485779 2.771698 0.004936 0.999714 -0.023418 208.581421 0.486008 0.018068 0.873768 407.575500 0.000000 0.000000 0.000000 1.000000
0.872750 -0.018790 -0.487805 2.522118 0.004365 0.999519 -0.030692 208.972641 0.488148 0.024658 0.872413 407.540649 0.000000 0.000000 0.000000 1.000000
0.872207 -0.018177 -0.488798 2.214073 0.000991 0.999373 -0.035395 209.358063 0.489135 0.030388 0.871678 407.391266 0.000000 0.000000 0.000000 1.000000
0.873029 -0.016856 -0.487376 1.841944 -0.003359 0.999171 -0.040574 209.769882 0.487656 0.037059 0.872249 407.093658 0.000000 0.000000 0.000000 1.000000
0.874540 -0.016212 -0.484683 1.335508 -0.006107 0.998994 -0.044433 210.152008 0.484916 0.041819 0.873561 406.665802 0.000000 0.000000 0.000000 1.000000</float_array><technique_common><accessor source="#mixamorig_Hips-Matrix-animation-output-transform-array" count="58" stride="16"><param type="float4x4"/></accessor></technique_common></source><source id="mixamorig_Hips-Interpolations"><Name_array id="mixamorig_Hips-Interpolations-array" count="58">
 LINEAR LINEAR LINEAR LINEAR LINEAR LINEAR LINEAR LINEAR LINEAR LINEAR LINEAR
LINEAR LINEAR LINEAR LINEAR LINEAR LINEAR LINEAR LINEAR LINEAR LINEAR LINEAR LINEAR
LINEAR LINEAR LINEAR LINEAR LINEAR LINEAR LINEAR LINEAR LINEAR LINEAR LINEAR LINEAR
LINEAR LINEAR LINEAR LINEAR LINEAR LINEAR LINEAR LINEAR LINEAR LINEAR LINEAR LINEAR
LINEAR LINEAR LINEAR LINEAR LINEAR LINEAR LINEAR LINEAR LINEAR LINEAR LINEAR</Name_array><technique_common><accessor source="#mixamorig_Hips-Interpolations-array" count="58"><param type="name"/></accessor></technique_common></source><sampler id="mixamorig_Hips-Matrix-animation-transform"><input semantic="INPUT" source="#mixamorig_Hips-Matrix-animation-input"/><input semantic="OUTPUT" source="#mixamorig_Hips-Matrix-animation-output-transform"/><input semantic="INTERPOLATION" source="#mixamorig_Hips-Interpolations"/></sampler><channel source="#mixamorig_Hips-Matrix-animation-transform" target="mixamorig_Hips/matrix"/></animation>
    <animation id="mixamorig_Spine-anim" name="mixamorig_Spine"><source id="mixamorig_Spine-Matrix-animation-input"><float_array id="mixamorig_Spine-Matrix-animation-input-array" count="58">

0.000000 0.033333 0.066667 0.100000 0.133333 0.166667 0.200000 0.233333 0.266667 0.300000 0.333333 0.366667 0.400000 0.433333 0.466667 0.500000
0.533333 0.566667 0.600000 0.633333 0.666667 0.700000 0.733333 0.766667 0.800000 0.833333 0.866667 0.900000 0.933333 0.966667 1.000000 1.033333
1.066667 1.100000 1.133333 1.166667 1.200000 1.233333 1.266667 1.300000 1.333333 1.366667 1.400000 1.433333 1.466667 1.500000 1.533333 1.566667
1.600000 1.633333 1.666667 1.700000 1.733333 1.766667 1.800000 1.833333 1.866667 1.900000</float_array><technique_common><accessor source="#mixamorig_Spine-Matrix-animation-input-array" count="58"><param name="TIME" type="float"/></accessor></technique_common></source><source id="mixamorig_Spine-Matrix-animation-output-transform"><float_array id="mixamorig_Spine-Matrix-animation-output-transform-array" count="928">

0.999305 -0.025292 -0.027385 -0.057500 0.023592 0.997876 -0.060714 18.534300 0.028862 0.060026 0.997779 -2.042900 0.000000 0.000000 0.000000 1.000000
0.999712 -0.013618 -0.019750 -0.057500 0.012191 0.997426 -0.070663 18.534300 0.020661 0.070402 0.997305 -2.042900 0.000000 0.000000 0.000000 1.000000
0.999891 -0.008909 -0.011800 -0.057500 0.007915 0.996623 -0.081731 18.534300 0.012489 0.081628 0.996585 -2.042900 0.000000 0.000000 0.000000 1.000000
0.999963 -0.007932 -0.003421 -0.057500 0.007573 0.995482 -0.094653 18.534300 0.004157 0.094624 0.995504 -2.042900 0.000000 0.000000 0.000000 1.000000
0.999923 -0.010687 0.006270 -0.057500 0.011338 0.993296 -0.115043 18.534300 -0.004999 0.115106 0.993341 -2.042900 0.000000 0.000000 0.000000 1.000000
0.999628 -0.021118 0.017236 -0.057500 0.023215 0.990947 -0.132230 18.534300 -0.014288 0.132581 0.991069 -2.042900 0.000000 0.000000 0.000000 1.000000
0.999038 -0.033733 0.028011 -0.057500 0.037171 0.990416 -0.133017 18.534300 -0.023256 0.133931 0.990718 -2.042900 0.000000 0.000000 0.000000 1.000000
0.998783 -0.032487 0.037108 -0.057500 0.037126 0.990546 -0.132062 18.534300 -0.032467 0.133279 0.990547 -2.042900 0.000000 0.000000 0.000000 1.000000
0.998924 -0.021861 0.040904 -0.057500 0.026970 0.991298 -0.128848 18.534300 -0.037731 0.129813 0.990820 -2.042900 0.000000 0.000000 0.000000 1.000000
0.999261 -0.003964 0.038227 -0.057500 0.008316 0.993403 -0.114374 18.534300 -0.037522 0.114607 0.992702 -2.042900 0.000000 0.000000 0.000000 1.000000
0.999247 0.023083 0.031190 -0.057500 -0.019846 0.994750 -0.100395 18.534300 -0.033343 0.099700 0.994459 -2.042900 0.000000 0.000000 0.000000 1.000000
0.998462 0.050287 0.023329 -0.057500 -0.047332 0.992416 -0.113448 18.534300 -0.028857 0.112169 0.993270 -2.042900 0.000000 0.000000 0.000000 1.000000
0.998490 0.051498 0.019097 -0.057500 -0.048440 0.989551 -0.135805 18.534300 -0.025891 0.134675 0.990552 -2.042900 0.000000 0.000000 0.000000 1.000000
0.999135 0.038036 0.016787 -0.057500 -0.035131 0.988309 -0.148361 18.534300 -0.022234 0.147643 0.988791 -2.042900 0.000000 0.000000 0.000000 1.000000
0.999579 0.025763 0.013332 -0.057500 -0.023533 0.988912 -0.146626 18.534300 -0.016962 0.146250 0.989102 -2.042900 0.000000 0.000000 0.000000 1.000000
0.999710 0.022382 0.008857 -0.057500 -0.020806 0.988526 -0.149608 18.534300 -0.012103 0.149380 0.988706 -2.042900 0.000000 0.000000 0.000000 1.000000
0.999844 0.017291 0.003506 -0.057500 -0.016480 0.986269 -0.164325 18.534300 -0.006299 0.164242 0.986400 -2.042900 0.000000 0.000000 0.000000 1.000000
0.999970 0.007446 -0.002225 -0.057500 -0.007720 0.984682 -0.174189 18.534300 0.000894 0.174201 0.984710 -2.042900 0.000000 0.000000 0.000000 1.000000
0.999962 0.002277 -0.008461 -0.057500 -0.003743 0.984119 -0.177472 18.534300 0.007922 0.177496 0.984090 -2.042900 0.000000 0.000000 0.000000 1.000000
0.999836 0.008724 -0.015891 -0.057500 -0.011440 0.983642 -0.179768 18.534300 0.014063 0.179920 0.983581 -2.042900 0.000000 0.000000 0.000000 1.000000
0.999481 0.021089 -0.024363 -0.057500 -0.025294 0.981893 -0.187741 18.534300 0.019963 0.188260 0.981916 -2.042900 0.000000 0.000000 0.000000 1.000000
0.998839 0.035123 -0.032973 -0.057500 -0.041105 0.978295 -0.203097 18.534300 0.025124 0.204216 0.978603 -2.042900 0.000000 0.000000 0.000000 1.000000
0.997958 0.048802 -0.041200 -0.057500 -0.056270 0.976986 -0.205749 18.534300 0.030211 0.207647 0.977737 -2.042900 0.000000 0.000000 0.000000 1.000000
0.997032 0.058132 -0.050476 -0.057500 -0.067219 0.976944 -0.202640 18.534300 0.037533 0.205431 0.977952 -2.042900 0.000000 0.000000 0.000000 1.000000
0.996467 0.060001 -0.058759 -0.057500 -0.070475 0.977962 -0.196527 18.534300 0.045672 0.199974 0.978736 -2.042900 0.000000 0.000000 0.000000 1.000000
0.996475 0.053057 -0.064976 -0.057500 -0.064230 0.980799 -0.184143 18.534300 0.053958 0.187667 0.980749 -2.042900 0.000000 0.000000 0.000000 1.000000
0.997318 0.030569 -0.066499 -0.057500 -0.040977 0.986058 -0.161281 18.534300 0.060642 0.163573 0.984666 -2.042900 0.000000 0.000000 0.000000 1.000000
0.998047 0.004924 -0.062279 -0.057500 -0.013998 0.989169 -0.146112 18.534300 0.060885 0.146698 0.987306 -2.042900 0.000000 0.000000 0.000000 1.000000
0.998444 -0.014647 -0.053801 -0.057500 0.006281 0.988285 -0.152490 18.534300 0.055405 0.151915 0.986839 -2.042900 0.000000 0.000000 0.000000 1.000000
0.998633 -0.025909 -0.045403 -0.057500 0.017997 0.985841 -0.166713 18.534300 0.049079 0.165668 0.984960 -2.042900 0.000000 0.000000 0.000000 1.000000
0.999009 -0.013569 -0.042397 -0.057500 0.005894 0.984346 -0.176146 18.534300 0.044123 0.175721 0.983451 -2.042900 0.000000 0.000000 0.000000 1.000000
0.999216 0.001328 -0.039576 -0.057500 -0.008522 0.983230 -0.182169 18.534300 0.038670 0.182363 0.982470 -2.042900 0.000000 0.000000 0.000000 1.000000
0.999444 0.009640 -0.031908 -0.057500 -0.015450 0.982196 -0.187223 18.534300 0.029535 0.187612 0.981799 -2.042900 0.000000 0.000000 0.000000 1.000000
0.999546 0.018301 -0.023952 -0.057500 -0.022539 0.981381 -0.190745 18.534300 0.020016 0.191198 0.981347 -2.042900 0.000000 0.000000 0.000000 1.000000
0.999338 0.030673 -0.019547 -0.057500 -0.033845 0.981031 -0.190871 18.534300 0.013321 0.191407 0.981420 -2.042900 0.000000 0.000000 0.000000 1.000000
0.999018 0.041054 -0.016678 -0.057500 -0.043485 0.980675 -0.190752 18.534300 0.008525 0.191290 0.981497 -2.042900 0.000000 0.000000 0.000000 1.000000
0.998899 0.044759 -0.014050 -0.057500 -0.046623 0.980365 -0.191600 18.534300 0.005199 0.192045 0.981372 -2.042900 0.000000 0.000000 0.000000 1.000000
0.998909 0.045508 -0.010439 -0.057500 -0.046672 0.979503 -0.195948 18.534300 0.001308 0.196222 0.980559 -2.042900 0.000000 0.000000 0.000000 1.000000
0.998877 0.046722 -0.007830 -0.057500 -0.047337 0.977870 -0.203788 18.534300 -0.001865 0.203930 0.978984 -2.042900 0.000000 0.000000 0.000000 1.000000
0.999046 0.043424 -0.004546 -0.057500 -0.043425 0.977403 -0.206874 18.534300 -0.004540 0.206874 0.978357 -2.042900 0.000000 0.000000 0.000000 1.000000
0.999483 0.032127 0.001217 -0.057500 -0.031223 0.978990 -0.201505 18.534300 -0.007665 0.201363 0.979487 -2.042900 0.000000 0.000000 0.000000 1.000000
0.999755 0.020328 0.008804 -0.057500 -0.018223 0.980648 -0.194930 18.534300 -0.012596 0.194722 0.980778 -2.042900 0.000000 0.000000 0.000000 1.000000
0.999704 0.019942 0.013910 -0.057500 -0.017188 0.984275 -0.175802 18.534300 -0.017197 0.175511 0.984327 -2.042900 0.000000 0.000000 0.000000 1.000000
0.999421 0.030730 0.014635 -0.057500 -0.028016 0.986874 -0.159042 18.534300 -0.019330 0.158540 0.987163 -2.042900 0.000000 0.000000 0.000000 1.000000
0.999514 0.027827 0.014067 -0.057500 -0.024952 0.984373 -0.174318 18.534300 -0.018698 0.173882 0.984589 -2.042900 0.000000 0.000000 0.000000 1.000000
0.999709 0.020728 0.012332 -0.057500 -0.018081 0.982462 -0.185584 18.534300 -0.015963 0.185307 0.982551 -2.042900 0.000000 0.000000 0.000000 1.000000
0.999803 0.016702 0.010682 -0.057500 -0.014521 0.983731 -0.179060 18.534300 -0.013499 0.178869 0.983780 -2.042900 0.000000 0.000000 0.000000 1.000000
0.999796 0.018299 0.008607 -0.057500 -0.016579 0.985430 -0.169270 18.534300 -0.011579 0.169093 0.985532 -2.042900 0.000000 0.000000 0.000000 1.000000
0.999766 0.020503 0.006863 -0.057500 -0.019080 0.985950 -0.165947 18.534300 -0.010168 0.165777 0.986111 -2.042900 0.000000 0.000000 0.000000 1.000000
0.999731 0.022482 0.005685 -0.057500 -0.021236 0.986058 -0.165040 18.534300 -0.009316 0.164875 0.986270 -2.042900 0.000000 0.000000 0.000000 1.000000
0.999644 0.026359 0.004158 -0.057500 -0.025344 0.986586 -0.161262 18.534300 -0.008353 0.161100 0.986903 -2.042900 0.000000 0.000000 0.000000 1.000000
0.999508 0.031275 0.002442 -0.057500 -0.030516 0.987374 -0.155441 18.534300 -0.007273 0.155290 0.987842 -2.042900 0.000000 0.000000 0.000000 1.000000
0.999359 0.035803 0.000802 -0.057500 -0.035279 0.988077 -0.149865 18.534300 -0.006158 0.149740 0.988706 -2.042900 0.000000 0.000000 0.000000 1.000000
0.999182 0.040419 -0.001071 -0.057500 -0.040147 0.988620 -0.144975 18.534300 -0.004801 0.144900 0.989435 -2.042900 0.000000 0.000000 0.000000 1.000000
0.999028 0.043987 -0.002744 -0.057500 -0.043934 0.989013 -0.141149 18.534300 -0.003494 0.141132 0.989985 -2.042900 0.000000 0.000000 0.000000 1.000000
0.999004 0.044477 -0.003503 -0.057500 -0.044529 0.989164 -0.139899 18.534300 -0.002757 0.139915 0.990160 -2.042900 0.000000 0.000000 0.000000 1.000000
0.999029 0.043828 -0.004436 -0.057500 -0.044021 0.989436 -0.138124 18.534300 -0.001665 0.138185 0.990405 -2.042900 0.000000 0.000000 0.000000 1.000000
0.998987 0.044588 -0.006006 -0.057500 -0.044991 0.989637 -0.136361 18.534300 -0.000136 0.136493 0.990641 -2.042900 0.000000 0.000000 0.000000 1.000000</float_array><technique_common><accessor source="#mixamorig_Spine-Matrix-animation-output-transform-array" count="58" stride="16"><param type="float4x4"/></accessor></technique_common></source><source id="mixamorig_Spine-Interpolations"><Name_array id="mixamorig_Spine-Interpolations-array" count="58">
 LINEAR LINEAR LINEAR LINEAR LINEAR LINEAR LINEAR LINEAR LINEAR LINEAR LINEAR
LINEAR LINEAR LINEAR LINEAR LINEAR LINEAR LINEAR LINEAR LINEAR LINEAR LINEAR LINEAR
LINEAR LINEAR LINEAR LINEAR LINEAR LINEAR LINEAR LINEAR LINEAR LINEAR LINEAR LINEAR
LINEAR LINEAR LINEAR LINEAR LINEAR LINEAR LINEAR LINEAR LINEAR LINEAR LINEAR LINEAR
LINEAR LINEAR LINEAR LINEAR LINEAR LINEAR LINEAR LINEAR LINEAR LINEAR LINEAR</Name_array><technique_common><accessor source="#mixamorig_Spine-Interpolations-array" count="58"><param type="name"/></accessor></technique_common></source><sampler id="mixamorig_Spine-Matrix-animation-transform"><input semantic="INPUT" source="#mixamorig_Spine-Matrix-animation-input"/><input semantic="OUTPUT" source="#mixamorig_Spine-Matrix-animation-output-transform"/><input semantic="INTERPOLATION" source="#mixamorig_Spine-Interpolations"/></sampler><channel source="#mixamorig_Spine-Matrix-animation-transform" target="mixamorig_Spine/matrix"/></animation>
    <animation id="mixamorig_Spine1-anim" name="mixamorig_Spine1"><source id="mixamorig_Spine1-Matrix-animation-input"><float_array id="mixamorig_Spine1-Matrix-animation-input-array" count="58">

0.000000 0.033333 0.066667 0.100000 0.133333 0.166667 0.200000 0.233333 0.266667 0.300000 0.333333 0.366667 0.400000 0.433333 0.466667 0.500000
0.533333 0.566667 0.600000 0.633333 0.666667 0.700000 0.733333 0.766667 0.800000 0.833333 0.866667 0.900000 0.933333 0.966667 1.000000 1.033333
1.066667 1.100000 1.133333 1.166667 1.200000 1.233333 1.266667 1.300000 1.333333 1.366667 1.400000 1.433333 1.466667 1.500000 1.533333 1.566667
1.600000 1.633333 1.666667 1.700000 1.733333 1.766667 1.800000 1.833333 1.866667 1.900000</float_array><technique_common><accessor source="#mixamorig_Spine1-Matrix-animation-input-array" count="58"><param name="TIME" type="float"/></accessor></technique_common></source><source id="mixamorig_Spine1-Matrix-animation-output-transform"><float_array id="mixamorig_Spine1-Matrix-animation-output-transform-array" count="928">

0.999002 -0.014568 -0.042212 0.305500 0.010976 0.996397 -0.084101 19.736099 0.043285 0.083554 0.995563 -0.783400 0.000000 0.000000 0.000000 1.000000
0.999401 -0.015791 -0.030800 0.305500 0.013207 0.996513 -0.082381 19.736099 0.031993 0.081925 0.996125 -0.783400 0.000000 0.000000 0.000000 1.000000
0.999697 -0.015873 -0.018793 0.305500 0.014316 0.996670 -0.080271 19.736099 0.020005 0.079978 0.996596 -0.783400 0.000000 0.000000 0.000000 1.000000
0.999853 -0.015818 -0.006604 0.305500 0.015257 0.996856 -0.077749 19.736099 0.007813 0.077636 0.996951 -0.783400 0.000000 0.000000 0.000000 1.000000
0.999851 -0.015937 0.006608 0.305500 0.016382 0.997119 -0.074061 19.736099 -0.005409 0.074159 0.997232 -0.783400 0.000000 0.000000 0.000000 1.000000
0.999659 -0.015863 0.020765 0.305500 0.017311 0.997290 -0.071512 19.736099 -0.019574 0.071847 0.997224 -0.783400 0.000000 0.000000 0.000000 1.000000
0.999268 -0.017195 0.034161 0.305500 0.019617 0.997222 -0.071863 19.736099 -0.032830 0.072481 0.996829 -0.783400 0.000000 0.000000 0.000000 1.000000
0.998787 -0.017360 0.046075 0.305500 0.020830 0.996896 -0.075925 19.736099 -0.044614 0.076793 0.996048 -0.783400 0.000000 0.000000 0.000000 1.000000
0.998456 -0.021372 0.051270 0.305500 0.025174 0.996888 -0.074703 19.736099 -0.049514 0.075878 0.995887 -0.783400 0.000000 0.000000 0.000000 1.000000
0.998491 -0.025959 0.048393 0.305500 0.029309 0.997127 -0.069846 19.736099 -0.046441 0.071159 0.996383 -0.783400 0.000000 0.000000 0.000000 1.000000
0.998754 -0.029015 0.040596 0.305500 0.031612 0.997393 -0.064871 19.736099 -0.038608 0.066074 0.997068 -0.783400 0.000000 0.000000 0.000000 1.000000
0.999019 -0.030788 0.031814 0.305500 0.032755 0.997458 -0.063279 19.736099 -0.029785 0.064259 0.997489 -0.783400 0.000000 0.000000 0.000000 1.000000
0.999117 -0.033011 0.025987 0.305500 0.034637 0.997294 -0.064838 19.736099 -0.023776 0.065681 0.997557 -0.783400 0.000000 0.000000 0.000000 1.000000
0.999124 -0.036467 0.020552 0.305500 0.037786 0.996973 -0.067953 19.736099 -0.018012 0.068670 0.997477 -0.783400 0.000000 0.000000 0.000000 1.000000
0.999038 -0.041889 0.012964 0.305500 0.042700 0.996607 -0.070362 19.736099 -0.009973 0.070848 0.997437 -0.783400 0.000000 0.000000 0.000000 1.000000
0.998828 -0.048172 0.004725 0.305500 0.048386 0.996297 -0.071065 19.736099 -0.001284 0.071210 0.997461 -0.783400 0.000000 0.000000 0.000000 1.000000
0.998504 -0.054411 -0.005347 0.305500 0.053908 0.996116 -0.069620 19.736099 0.009115 0.069228 0.997559 -0.783400 0.000000 0.000000 0.000000 1.000000
0.998031 -0.060435 -0.016773 0.305500 0.059194 0.996024 -0.066569 19.736099 0.020729 0.065445 0.997641 -0.783400 0.000000 0.000000 0.000000 1.000000
0.997483 -0.065188 -0.027893 0.305500 0.063339 0.996020 -0.062704 19.736099 0.031870 0.060780 0.997642 -0.783400 0.000000 0.000000 0.000000 1.000000
0.996729 -0.070791 -0.038984 0.305500 0.068509 0.996017 -0.057059 19.736099 0.042868 0.054202 0.997609 -0.783400 0.000000 0.000000 0.000000 1.000000
0.995737 -0.077139 -0.050569 0.305500 0.074602 0.995945 -0.050276 19.736099 0.054242 0.046289 0.997454 -0.783400 0.000000 0.000000 0.000000 1.000000
0.994694 -0.082250 -0.061802 0.305500 0.079689 0.995900 -0.042817 19.736099 0.065070 0.037665 0.997170 -0.783400 0.000000 0.000000 0.000000 1.000000
0.993791 -0.085501 -0.071203 0.305500 0.083072 0.995878 -0.036408 19.736099 0.074022 0.030267 0.996797 -0.783400 0.000000 0.000000 0.000000 1.000000
0.992789 -0.087071 -0.082389 0.305500 0.084759 0.995914 -0.031159 19.736099 0.084765 0.023951 0.996113 -0.783400 0.000000 0.000000 0.000000 1.000000
0.991664 -0.088270 -0.093864 0.305500 0.085977 0.995898 -0.028199 19.736099 0.095968 0.019894 0.995186 -0.783400 0.000000 0.000000 0.000000 1.000000
0.990686 -0.088074 -0.103849 0.305500 0.085708 0.995953 -0.027034 19.736099 0.105810 0.017881 0.994226 -0.783400 0.000000 0.000000 0.000000 1.000000
0.990414 -0.084560 -0.109222 0.305500 0.082132 0.996268 -0.026546 19.736099 0.111059 0.017321 0.993663 -0.783400 0.000000 0.000000 0.000000 1.000000
0.990944 -0.082368 -0.106046 0.305500 0.079765 0.996404 -0.028571 19.736099 0.108018 0.019853 0.993951 -0.783400 0.000000 0.000000 0.000000 1.000000
0.992006 -0.082540 -0.095458 0.305500 0.079571 0.996232 -0.034504 19.736099 0.097946 0.026632 0.994835 -0.783400 0.000000 0.000000 0.000000 1.000000
0.992926 -0.083764 -0.084157 0.305500 0.080505 0.995894 -0.041396 19.736099 0.087279 0.034328 0.995592 -0.783400 0.000000 0.000000 0.000000 1.000000
0.993195 -0.084872 -0.079753 0.305500 0.081332 0.995595 -0.046636 19.736099 0.083360 0.039832 0.995723 -0.783400 0.000000 0.000000 0.000000 1.000000
0.993650 -0.083483 -0.075432 0.305500 0.079748 0.995497 -0.051247 19.736099 0.079370 0.044906 0.995833 -0.783400 0.000000 0.000000 0.000000 1.000000
0.994639 -0.081208 -0.064012 0.305500 0.077871 0.995553 -0.053015 19.736099 0.068033 0.047746 0.996540 -0.783400 0.000000 0.000000 0.000000 1.000000
0.995358 -0.080931 -0.052092 0.305500 0.078102 0.995469 -0.054232 19.736099 0.056245 0.049912 0.997169 -0.783400 0.000000 0.000000 0.000000 1.000000
0.995895 -0.079368 -0.043518 0.305500 0.076902 0.995483 -0.055680 19.736099 0.047741 0.052105 0.997500 -0.783400 0.000000 0.000000 0.000000 1.000000
0.996300 -0.077587 -0.036963 0.305500 0.075435 0.995553 -0.056430 19.736099 0.041177 0.053433 0.997722 -0.783400 0.000000 0.000000 0.000000 1.000000
0.996613 -0.075883 -0.031700 0.305500 0.074015 0.995659 -0.056438 19.736099 0.035845 0.053901 0.997903 -0.783400 0.000000 0.000000 0.000000 1.000000
0.996933 -0.073899 -0.025744 0.305500 0.072341 0.995753 -0.056945 19.736099 0.029843 0.054908 0.998045 -0.783400 0.000000 0.000000 0.000000 1.000000
0.997182 -0.071937 -0.021301 0.305500 0.070580 0.995774 -0.058752 19.736099 0.025437 0.057083 0.998045 -0.783400 0.000000 0.000000 0.000000 1.000000
0.997485 -0.068917 -0.016584 0.305500 0.067770 0.995778 -0.061916 19.736099 0.020781 0.060636 0.997944 -0.783400 0.000000 0.000000 0.000000 1.000000
0.997978 -0.062909 -0.009037 0.305500 0.062196 0.995965 -0.064691 19.736099 0.013070 0.063998 0.997864 -0.783400 0.000000 0.000000 0.000000 1.000000
0.998363 -0.057185 0.000846 0.305500 0.057125 0.996390 -0.062795 19.736099 0.002748 0.062741 0.998026 -0.783400 0.000000 0.000000 0.000000 1.000000
0.998394 -0.056057 0.008227 0.305500 0.056451 0.996595 -0.060102 19.736099 -0.004830 0.060470 0.998158 -0.783400 0.000000 0.000000 0.000000 1.000000
0.998260 -0.058070 0.010227 0.305500 0.058578 0.996505 -0.059550 19.736099 -0.006733 0.060045 0.998173 -0.783400 0.000000 0.000000 0.000000 1.000000
0.998306 -0.057547 0.008570 0.305500 0.057929 0.996841 -0.054338 19.736099 -0.005416 0.054742 0.998486 -0.783400 0.000000 0.000000 0.000000 1.000000
0.998373 -0.056804 0.004979 0.305500 0.056978 0.997213 -0.048173 19.736099 -0.002228 0.048379 0.998827 -0.783400 0.000000 0.000000 0.000000 1.000000
0.998415 -0.056236 0.002286 0.305500 0.056281 0.997396 -0.045098 19.736099 0.000257 0.045155 0.998980 -0.783400 0.000000 0.000000 0.000000 1.000000
0.998430 -0.056006 -0.000269 0.305500 0.055941 0.997492 -0.043351 19.736099 0.002696 0.043268 0.999060 -0.783400 0.000000 0.000000 0.000000 1.000000
0.998547 -0.053851 -0.002174 0.305500 0.053716 0.997704 -0.041236 19.736099 0.004390 0.041059 0.999147 -0.783400 0.000000 0.000000 0.000000 1.000000
0.998647 -0.051911 -0.003151 0.305500 0.051755 0.997943 -0.037839 19.736099 0.005109 0.037625 0.999279 -0.783400 0.000000 0.000000 0.000000 1.000000
0.998748 -0.049832 -0.004378 0.305500 0.049651 0.998160 -0.034799 19.736099 0.006104 0.034538 0.999385 -0.783400 0.000000 0.000000 0.000000 1.000000
0.998808 -0.048443 -0.005935 0.305500 0.048229 0.998324 -0.031988 19.736099 0.007474 0.031664 0.999471 -0.783400 0.000000 0.000000 0.000000 1.000000
0.998895 -0.046417 -0.007367 0.305500 0.046176 0.998479 -0.030113 19.736099 0.008754 0.029740 0.999519 -0.783400 0.000000 0.000000 0.000000 1.000000
0.998951 -0.044845 -0.009241 0.305500 0.044575 0.998626 -0.027562 19.736099 0.010464 0.027121 0.999577 -0.783400 0.000000 0.000000 0.000000 1.000000
0.998991 -0.043533 -0.011050 0.305500 0.043249 0.998757 -0.024760 19.736099 0.012114 0.024257 0.999632 -0.783400 0.000000 0.000000 0.000000 1.000000
0.999031 -0.042373 -0.011893 0.305500 0.042092 0.998851 -0.022925 19.736099 0.012850 0.022402 0.999666 -0.783400 0.000000 0.000000 0.000000 1.000000
0.999019 -0.042216 -0.013346 0.305500 0.041930 0.998899 -0.021043 19.736099 0.014220 0.020463 0.999689 -0.783400 0.000000 0.000000 0.000000 1.000000
0.999017 -0.041582 -0.015368 0.305500 0.041285 0.998963 -0.019182 19.736099 0.016150 0.018529 0.999698 -0.783400 0.000000 0.000000 0.000000 1.000000</float_array><technique_common><accessor source="#mixamorig_Spine1-Matrix-animation-output-transform-array" count="58" stride="16"><param type="float4x4"/></accessor></technique_common></source><source id="mixamorig_Spine1-Interpolations"><Name_array id="mixamorig_Spine1-Interpolations-array" count="58">
 LINEAR LINEAR LINEAR LINEAR LINEAR LINEAR LINEAR LINEAR LINEAR LINEAR LINEAR
LINEAR LINEAR LINEAR LINEAR LINEAR LINEAR LINEAR LINEAR LINEAR LINEAR LINEAR LINEAR
LINEAR LINEAR LINEAR LINEAR LINEAR LINEAR LINEAR LINEAR LINEAR LINEAR LINEAR LINEAR
LINEAR LINEAR LINEAR LINEAR LINEAR LINEAR LINEAR LINEAR LINEAR LINEAR LINEAR LINEAR
LINEAR LINEAR LINEAR LINEAR LINEAR LINEAR LINEAR LINEAR LINEAR LINEAR LINEAR</Name_array><technique_common><accessor source="#mixamorig_Spine1-Interpolations-array" count="58"><param type="name"/></accessor></technique_common></source><sampler id="mixamorig_Spine1-Matrix-animation-transform"><input semantic="INPUT" source="#mixamorig_Spine1-Matrix-animation-input"/><input semantic="OUTPUT" source="#mixamorig_Spine1-Matrix-animation-output-transform"/><input semantic="INTERPOLATION" source="#mixamorig_Spine1-Interpolations"/></sampler><channel source="#mixamorig_Spine1-Matrix-animation-transform" target="mixamorig_Spine1/matrix"/></animation>
    <animation id="mixamorig_Spine2-anim" name="mixamorig_Spine2"><source id="mixamorig_Spine2-Matrix-animation-input"><float_array id="mixamorig_Spine2-Matrix-animation-input-array" count="58">

0.000000 0.033333 0.066667 0.100000 0.133333 0.166667 0.200000 0.233333 0.266667 0.300000 0.333333 0.366667 0.400000 0.433333 0.466667 0.500000
0.533333 0.566667 0.600000 0.633333 0.666667 0.700000 0.733333 0.766667 0.800000 0.833333 0.866667 0.900000 0.933333 0.966667 1.000000 1.033333
1.066667 1.100000 1.133333 1.166667 1.200000 1.233333 1.266667 1.300000 1.333333 1.366667 1.400000 1.433333 1.466667 1.500000 1.533333 1.566667
1.600000 1.633333 1.666667 1.700000 1.733333 1.766667 1.800000 1.833333 1.866667 1.900000</float_array><technique_common><accessor source="#mixamorig_Spine2-Matrix-animation-input-array" count="58"><param name="TIME" type="float"/></accessor></technique_common></source><source id="mixamorig_Spine2-Matrix-animation-output-transform"><float_array id="mixamorig_Spine2-Matrix-animation-output-transform-array" count="928">

0.998895 -0.015164 -0.044479 0.152700 0.011424 0.996471 -0.083154 25.612801 0.045583 0.082554 0.995544 -0.124700 0.000000 0.000000 0.000000 1.000000
0.999344 -0.015968 -0.032516 0.152700 0.013278 0.996597 -0.081350 25.612801 0.033704 0.080865 0.996155 -0.124700 0.000000 0.000000 0.000000 1.000000
0.999673 -0.015683 -0.020186 0.152700 0.014039 0.996765 -0.079134 25.612801 0.021361 0.078825 0.996660 -0.124700 0.000000 0.000000 0.000000 1.000000
0.999853 -0.015300 -0.007720 0.152700 0.014665 0.996955 -0.076593 25.612801 0.008868 0.076468 0.997033 -0.124700 0.000000 0.000000 0.000000 1.000000
0.999870 -0.015030 0.005767 0.152700 0.015411 0.997214 -0.072980 25.612801 -0.004654 0.073059 0.997317 -0.124700 0.000000 0.000000 0.000000 1.000000
0.999697 -0.014568 0.019859 0.152700 0.015939 0.997370 -0.070704 25.612801 -0.018776 0.070999 0.997300 -0.124700 0.000000 0.000000 0.000000 1.000000
0.999329 -0.015807 0.033040 0.152700 0.018138 0.997276 -0.071496 25.612801 -0.031820 0.072048 0.996893 -0.124700 0.000000 0.000000 0.000000 1.000000
0.998852 -0.015980 0.045154 0.152700 0.019379 0.996928 -0.075883 25.612801 -0.043803 0.076671 0.996094 -0.124700 0.000000 0.000000 0.000000 1.000000
0.998490 -0.020120 0.051115 0.152700 0.023911 0.996921 -0.074674 25.612801 -0.049455 0.075783 0.995897 -0.124700 0.000000 0.000000 0.000000 1.000000
0.998479 -0.025034 0.049128 0.152700 0.028425 0.997172 -0.069577 25.612801 -0.047247 0.070868 0.996366 -0.124700 0.000000 0.000000 0.000000 1.000000
0.998704 -0.028361 0.042261 0.152700 0.031045 0.997450 -0.064258 25.612801 -0.040330 0.065486 0.997038 -0.124700 0.000000 0.000000 0.000000 1.000000
0.998957 -0.030009 0.034409 0.152700 0.032119 0.997527 -0.062509 25.612801 -0.032448 0.063549 0.997451 -0.124700 0.000000 0.000000 0.000000 1.000000
0.999063 -0.032114 0.029016 0.152700 0.033923 0.997362 -0.064173 25.612801 -0.026879 0.065097 0.997517 -0.124700 0.000000 0.000000 0.000000 1.000000
0.999085 -0.035659 0.023626 0.152700 0.037182 0.997027 -0.067488 25.612801 -0.021149 0.068304 0.997440 -0.124700 0.000000 0.000000 0.000000 1.000000
0.999015 -0.041366 0.016085 0.152700 0.042396 0.996641 -0.070067 25.612801 -0.013133 0.070680 0.997413 -0.124700 0.000000 0.000000 0.000000 1.000000
0.998818 -0.047888 0.008289 0.152700 0.048356 0.996310 -0.070908 25.612801 -0.004862 0.071225 0.997448 -0.124700 0.000000 0.000000 0.000000 1.000000
0.998516 -0.054452 -0.001146 0.152700 0.054240 0.996095 -0.069662 25.612801 0.004935 0.069496 0.997570 -0.124700 0.000000 0.000000 0.000000 1.000000
0.998066 -0.060972 -0.012113 0.152700 0.060032 0.995957 -0.066824 25.612801 0.016138 0.065968 0.997691 -0.124700 0.000000 0.000000 0.000000 1.000000
0.997542 -0.066243 -0.022849 0.152700 0.064686 0.995902 -0.063200 25.612801 0.026942 0.061566 0.997739 -0.124700 0.000000 0.000000 0.000000 1.000000
0.996826 -0.072373 -0.033174 0.152700 0.070371 0.995834 -0.057993 25.612801 0.037233 0.055474 0.997766 -0.124700 0.000000 0.000000 0.000000 1.000000
0.995888 -0.079417 -0.043595 0.152700 0.077127 0.995669 -0.051913 25.612801 0.047529 0.048338 0.997700 -0.124700 0.000000 0.000000 0.000000 1.000000
0.994910 -0.085443 -0.053410 0.152700 0.083060 0.995512 -0.045351 25.612801 0.057045 0.040684 0.997542 -0.124700 0.000000 0.000000 0.000000 1.000000
0.994062 -0.089352 -0.062107 0.152700 0.086982 0.995411 -0.039884 25.612801 0.065385 0.034245 0.997272 -0.124700 0.000000 0.000000 0.000000 1.000000
0.993117 -0.091578 -0.073023 0.152700 0.089166 0.995379 -0.035648 25.612801 0.075950 0.028892 0.996693 -0.124700 0.000000 0.000000 0.000000 1.000000
0.992038 -0.093345 -0.084542 0.152700 0.090791 0.995304 -0.033571 25.612801 0.087279 0.025628 0.995854 -0.124700 0.000000 0.000000 0.000000 1.000000
0.991078 -0.093357 -0.095122 0.152700 0.090610 0.995346 -0.032805 25.612801 0.097742 0.023893 0.994925 -0.124700 0.000000 0.000000 0.000000 1.000000
0.990750 -0.089392 -0.102100 0.152700 0.086591 0.995744 -0.031556 25.612801 0.104486 0.022423 0.994273 -0.124700 0.000000 0.000000 0.000000 1.000000
0.991192 -0.086533 -0.100252 0.152700 0.083687 0.995970 -0.032259 25.612801 0.102639 0.023585 0.994439 -0.124700 0.000000 0.000000 0.000000 1.000000
0.992203 -0.086374 -0.089846 0.152700 0.083331 0.995831 -0.037098 25.612801 0.092675 0.029322 0.995265 -0.124700 0.000000 0.000000 0.000000 1.000000
0.993100 -0.087458 -0.078127 0.152700 0.084261 0.995501 -0.043327 25.612801 0.081565 0.036445 0.996001 -0.124700 0.000000 0.000000 0.000000 1.000000
0.993395 -0.088486 -0.073059 0.152700 0.085056 0.995181 -0.048795 25.612801 0.077025 0.042259 0.996133 -0.124700 0.000000 0.000000 0.000000 1.000000
0.993867 -0.086894 -0.068396 0.152700 0.083314 0.995082 -0.053571 25.612801 0.072714 0.047544 0.996219 -0.124700 0.000000 0.000000 0.000000 1.000000
0.994829 -0.084125 -0.056902 0.152700 0.081010 0.995194 -0.055011 25.612801 0.061257 0.050117 0.996863 -0.124700 0.000000 0.000000 0.000000 1.000000
0.995518 -0.083284 -0.044817 0.152700 0.080739 0.995168 -0.055882 25.612801 0.049255 0.052013 0.997431 -0.124700 0.000000 0.000000 0.000000 1.000000
0.996039 -0.081240 -0.036133 0.152700 0.079101 0.995227 -0.057155 25.612801 0.040604 0.054071 0.997711 -0.124700 0.000000 0.000000 0.000000 1.000000
0.996431 -0.079088 -0.029519 0.152700 0.077289 0.995333 -0.057773 25.612801 0.033950 0.055285 0.997893 -0.124700 0.000000 0.000000 0.000000 1.000000
