<?xml version="1.0" encoding="utf-8"?>
<COLLADA xmlns="http://www.collada.org/2005/11/COLLADASchema" version="1.4.1">
  <asset><contributor><author>Mixamo</author><authoring_tool>COLLADA Mixamo exporter</authoring_tool><comments></comments></contributor><created>2018-02-10T16:41:48Z</created><modified>2018-02-10T16:41:48Z</modified><revision></revision><title></title><unit meter="0.010000"/><up_axis>Y_UP</up_axis></asset>
  <library_animations>
    <animation id="mixamorig_Hips-anim" name="mixamorig_Hips"><source id="mixamorig_Hips-Matrix-animation-input"><float_array id="mixamorig_Hips-Matrix-animation-input-array" count="45">

0.000000 0.033333 0.066667 0.100000 0.133333 0.166667 0.200000 0.233333 0.266667 0.300000 0.333333 0.366667 0.400000 0.433333 0.466667 0.500000
0.533333 0.566667 0.600000 0.633333 0.666667 0.700000 0.733333 0.766667 0.800000 0.833333 0.866667 0.900000 0.933333 0.966667 1.000000 1.033333
1.066667 1.100000 1.133333 1.166667 1.200000 1.233333 1.266667 1.300000 1.333333 1.366667 1.400000 1.433333 1.466667</float_array><technique_common><accessor source="#mixamorig_Hips-Matrix-animation-input-array" count="45"><param name="TIME" type="float"/></accessor></technique_common></source><source id="mixamorig_Hips-Matrix-animation-output-transform"><float_array id="mixamorig_Hips-Matrix-animation-output-transform-array" count="720">

0.873239 0.100652 -0.476785 0.638102 -0.060859 0.993301 0.098226 205.506622 0.483477 -0.056758 0.873515 -0.498822 0.000000 0.000000 0.000000 1.000000
0.859080 0.102556 -0.501462 -2.644430 -0.061829 0.993340 0.097230 205.277939 0.508094 -0.052524 0.859699 -0.363326 0.000000 0.000000 0.000000 1.000000
0.843712 0.104606 -0.526506 -6.065156 -0.064247 0.993457 0.094425 204.926147 0.532938 -0.045842 0.844912 -0.170971 0.000000 0.000000 0.000000 1.000000
0.828996 0.105428 -0.549227 -9.572380 -0.067489 0.993752 0.088892 204.498306 0.555168 -0.036624 0.830932 -0.017098 0.000000 0.000000 0.000000 1.000000
0.816335 0.103935 -0.568150 -13.088530 -0.071071 0.994276 0.079771 204.066696 0.573190 -0.024740 0.819049 0.104364 0.000000 0.000000 0.000000 1.000000
0.806245 0.100299 -0.583017 -16.679298 -0.075526 0.994910 0.066716 203.560867 0.586741 -0.009756 0.809716 0.226918 0.000000 0.000000 0.000000 1.000000
0.798041 0.095320 -0.595017 -20.317951 -0.081259 0.995414 0.050477 202.922165 0.597100 0.008067 0.802126 0.352435 0.000000 0.000000 0.000000 1.000000
0.790041 0.088739 -0.606598 -23.788280 -0.086287 0.995714 0.033280 202.312622 0.606952 0.026049 0.794312 0.416488 0.000000 0.000000 0.000000 1.000000
0.781125 0.079100 -0.619344 -27.248867 -0.086344 0.996097 0.018319 201.863586 0.618376 0.039168 0.784906 0.450711 0.000000 0.000000 0.000000 1.000000
0.772233 0.066064 -0.631895 -30.978628 -0.078693 0.996866 0.008052 201.656555 0.630447 0.043507 0.775012 0.577455 0.000000 0.000000 0.000000 1.000000
0.765424 0.051334 -0.641476 -34.822887 -0.064774 0.997897 0.002566 201.662582 0.640258 0.039586 0.767139 0.841450 0.000000 0.000000 0.000000 1.000000
0.760781 0.038984 -0.647837 -38.709122 -0.051143 0.998691 0.000038 201.868011 0.646990 0.033103 0.761779 1.173232 0.000000 0.000000 0.000000 1.000000
0.756270 0.031398 -0.653505 -42.784527 -0.042403 0.999100 -0.001070 202.223373 0.652884 0.028520 0.756921 1.608344 0.000000 0.000000 0.000000 1.000000
0.751065 0.028819 -0.659599 -46.997234 -0.038619 0.999254 -0.000316 202.803574 0.659098 0.025711 0.751617 2.203152 0.000000 0.000000 0.000000 1.000000
0.746441 0.030638 -0.664746 -51.055447 -0.037400 0.999292 0.004060 203.548126 0.664400 0.021831 0.747059 2.792227 0.000000 0.000000 0.000000 1.000000
0.742697 0.035927 -0.668663 -54.792248 -0.037113 0.999233 0.012466 204.216995 0.668598 0.015557 0.743461 3.297841 0.000000 0.000000 0.000000 1.000000
0.738730 0.042615 -0.672652 -58.104637 -0.037031 0.999058 0.022625 204.563934 0.672983 0.008195 0.739613 3.869131 0.000000 0.000000 0.000000 1.000000
0.735463 0.048741 -0.675810 -61.160370 -0.037049 0.998810 0.031717 204.746094 0.676551 0.001711 0.736393 4.515008 0.000000 0.000000 0.000000 1.000000
0.736400 0.054539 -0.674344 -64.299065 -0.038420 0.998508 0.038800 205.262772 0.675455 -0.002664 0.737397 5.125225 0.000000 0.000000 0.000000 1.000000
0.743445 0.061241 -0.665987 -67.388847 -0.042361 0.998111 0.044493 205.953842 0.667454 -0.004866 0.744635 5.635455 0.000000 0.000000 0.000000 1.000000
0.754918 0.068253 -0.652258 -70.325714 -0.047741 0.997650 0.049140 206.628601 0.654080 -0.005957 0.756402 5.971382 0.000000 0.000000 0.000000 1.000000
0.768485 0.073432 -0.635641 -73.279030 -0.052350 0.997278 0.051919 207.220581 0.637723 -0.006624 0.770237 6.088315 0.000000 0.000000 0.000000 1.000000
0.783543 0.074652 -0.616836 -77.136215 -0.054458 0.997187 0.051507 207.891663 0.618946 -0.006766 0.785404 6.051145 0.000000 0.000000 0.000000 1.000000
0.800577 0.071566 -0.594940 -81.160721 -0.054034 0.997420 0.047269 208.430740 0.596788 -0.005695 0.802379 6.024967 0.000000 0.000000 0.000000 1.000000
0.819328 0.065622 -0.569557 -85.269722 -0.052224 0.997840 0.039840 208.638336 0.570942 -0.002897 0.820986 5.961788 0.000000 0.000000 0.000000 1.000000
0.838470 0.058140 -0.541837 -89.424767 -0.049462 0.998308 0.030580 208.928391 0.542698 0.001160 0.839927 5.938449 0.000000 0.000000 0.000000 1.000000
0.856508 0.049921 -0.513713 -93.706322 -0.045817 0.998736 0.020665 209.164429 0.514095 0.005837 0.857713 6.004809 0.000000 0.000000 0.000000 1.000000
0.872403 0.039799 -0.487164 -98.337730 -0.039433 0.999162 0.011011 209.154282 0.487194 0.009604 0.873241 6.141554 0.000000 0.000000 0.000000 1.000000
0.885297 0.028751 -0.464136 -103.508812 -0.030798 0.999521 0.003172 208.750778 0.464005 0.011486 0.885758 6.124349 0.000000 0.000000 0.000000 1.000000
0.894839 0.021964 -0.445849 -109.152031 -0.024851 0.999691 -0.000629 208.262619 0.445698 0.011642 0.895108 5.815270 0.000000 0.000000 0.000000 1.000000
0.902254 0.024359 -0.430517 -115.087410 -0.026625 0.999645 0.000760 207.925079 0.430383 0.010777 0.902582 5.317652 0.000000 0.000000 0.000000 1.000000
0.909853 0.036603 -0.413313 -121.212540 -0.037463 0.999280 0.006026 207.575790 0.413236 0.010002 0.910569 4.703598 0.000000 0.000000 0.000000 1.000000
0.918661 0.056322 -0.391012 -127.412491 -0.055861 0.998360 0.012564 207.218826 0.391078 0.010300 0.920300 3.944761 0.000000 0.000000 0.000000 1.000000
0.927256 0.076934 -0.366440 -133.703369 -0.075175 0.996988 0.019091 206.851044 0.366805 0.009845 0.930246 3.109343 0.000000 0.000000 0.000000 1.000000
0.933071 0.093681 -0.347278 -139.931519 -0.090100 0.995581 0.026482 206.625168 0.348224 0.006580 0.937388 2.338877 0.000000 0.000000 0.000000 1.000000
0.934472 0.105486 -0.340050 -145.791809 -0.099270 0.994421 0.035678 206.432999 0.341917 0.000417 0.939730 1.643679 0.000000 0.000000 0.000000 1.000000
0.931644 0.112678 -0.345460 -151.074951 -0.103084 0.993605 0.046085 206.107346 0.348443 -0.007323 0.937301 0.989780 0.000000 0.000000 0.000000 1.000000
0.926116 0.115202 -0.359217 -155.864624 -0.101504 0.993211 0.056832 205.817322 0.363326 -0.016171 0.931522 0.446694 0.000000 0.000000 0.000000 1.000000
0.919615 0.113265 -0.376138 -160.367477 -0.094565 0.993202 0.067878 205.844955 0.381269 -0.026852 0.924074 0.061720 0.000000 0.000000 0.000000 1.000000
0.913164 0.108693 -0.392832 -164.564270 -0.084371 0.993320 0.078716 205.945267 0.398764 -0.038737 0.916235 -0.154896 0.000000 0.000000 0.000000 1.000000
0.907012 0.104128 -0.408028 -168.482056 -0.074600 0.993352 0.087672 205.960388 0.414445 -0.049081 0.908750 -0.315895 0.000000 0.000000 0.000000 1.000000
0.900816 0.101080 -0.422272 -172.167709 -0.067610 0.993317 0.093543 205.965927 0.428906 -0.055715 0.901630 -0.467280 0.000000 0.000000 0.000000 1.000000
0.893767 0.099680 -0.437315 -175.635040 -0.063480 0.993290 0.096668 205.937042 0.444017 -0.058638 0.894098 -0.529741 0.000000 0.000000 0.000000 1.000000
0.884839 0.099618 -0.455121 -178.952988 -0.061406 0.993287 0.098027 205.828171 0.461832 -0.058791 0.885017 -0.533634 0.000000 0.000000 0.000000 1.000000
0.873239 0.100652 -0.476785 -182.197983 -0.060859 0.993301 0.098226 205.660599 0.483477 -0.056758 0.873515 -0.498817 0.000000 0.000000 0.000000 1.000000</float_array><technique_common><accessor source="#mixamorig_Hips-Matrix-animation-output-transform-array" count="45" stride="16"><param type="float4x4"/></accessor></technique_common></source><source id="mixamorig_Hips-Interpolations"><Name_array id="mixamorig_Hips-Interpolations-array" count="45">
 LINEAR LINEAR LINEAR LINEAR LINEAR LINEAR LINEAR LINEAR LINEAR LINEAR LINEAR
LINEAR LINEAR LINEAR LINEAR LINEAR LINEAR LINEAR LINEAR LINEAR LINEAR LINEAR LINEAR
LINEAR LINEAR LINEAR LINEAR LINEAR LINEAR LINEAR LINEAR LINEAR LINEAR LINEAR LINEAR
LINEAR LINEAR LINEAR LINEAR LINEAR LINEAR LINEAR LINEAR LINEAR LINEAR</Name_array><technique_common><accessor source="#mixamorig_Hips-Interpolations-array" count="45"><param type="name"/></accessor></technique_common></source><sampler id="mixamorig_Hips-Matrix-animation-transform"><input semantic="INPUT" source="#mixamorig_Hips-Matrix-animation-input"/><input semantic="OUTPUT" source="#mixamorig_Hips-Matrix-animation-output-transform"/><input semantic="INTERPOLATION" source="#mixamorig_Hips-Interpolations"/></sampler><channel source="#mixamorig_Hips-Matrix-animation-transform" target="mixamorig_Hips/matrix"/></animation>
    <animation id="mixamorig_Spine-anim" name="mixamorig_Spine"><source id="mixamorig_Spine-Matrix-animation-input"><float_array id="mixamorig_Spine-Matrix-animation-input-array" count="45">

0.000000 0.033333 0.066667 0.100000 0.133333 0.166667 0.200000 0.233333 0.266667 0.300000 0.333333 0.366667 0.400000 0.433333 0.466667 0.500000
0.533333 0.566667 0.600000 0.633333 0.666667 0.700000 0.733333 0.766667 0.800000 0.833333 0.866667 0.900000 0.933333 0.966667 1.000000 1.033333
1.066667 1.100000 1.133333 1.166667 1.200000 1.233333 1.266667 1.300000 1.333333 1.366667 1.400000 1.433333 1.466667</float_array><technique_common><accessor source="#mixamorig_Spine-Matrix-animation-input-array" count="45"><param name="TIME" type="float"/></accessor></technique_common></source><source id="mixamorig_Spine-Matrix-animation-output-transform"><float_array id="mixamorig_Spine-Matrix-animation-output-transform-array" count="720">

0.989342 -0.025026 0.143445 -0.057500 0.052745 0.979812 -0.192835 18.534300 -0.135724 0.198346 0.970689 -2.042900 0.000000 0.000000 0.000000 1.000000
0.987255 -0.019746 0.157916 -0.057500 0.049971 0.980550 -0.189800 18.534300 -0.151097 0.195272 0.969040 -2.042900 0.000000 0.000000 0.000000 1.000000
0.985251 -0.013730 0.170564 -0.057500 0.045708 0.981674 -0.185005 18.534300 -0.164898 0.190072 0.967823 -2.042900 0.000000 0.000000 0.000000 1.000000
0.983929 -0.007153 0.178415 -0.057500 0.039503 0.983158 -0.178438 18.534300 -0.174134 0.182618 0.967640 -2.042900 0.000000 0.000000 0.000000 1.000000
0.983690 -0.000995 0.179867 -0.057500 0.032072 0.984931 -0.169950 18.534300 -0.176988 0.172946 0.968899 -2.042900 0.000000 0.000000 0.000000 1.000000
0.984371 0.003252 0.176078 -0.057500 0.025250 0.986893 -0.159386 18.534300 -0.174289 0.161341 0.971387 -2.042900 0.000000 0.000000 0.000000 1.000000
0.985384 0.005347 0.170265 -0.057500 0.020107 0.988870 -0.147418 18.534300 -0.169158 0.148687 0.974309 -2.042900 0.000000 0.000000 0.000000 1.000000
0.986215 0.007911 0.165278 -0.057500 0.014884 0.990566 -0.136222 18.534300 -0.164796 0.136805 0.976794 -2.042900 0.000000 0.000000 0.000000 1.000000
0.986701 0.015152 0.161836 -0.057500 0.005896 0.991654 -0.128794 18.534300 -0.162437 0.128035 0.978377 -2.042900 0.000000 0.000000 0.000000 1.000000
0.986804 0.028881 0.159324 -0.057500 -0.008549 0.991885 -0.126854 18.534300 -0.161694 0.123818 0.979042 -2.042900 0.000000 0.000000 0.000000 1.000000
0.986381 0.047369 0.157506 -0.057500 -0.026973 0.991252 -0.129196 18.534300 -0.162248 0.123188 0.979030 -2.042900 0.000000 0.000000 0.000000 1.000000
0.985474 0.065344 0.156754 -0.057500 -0.044678 0.990254 -0.131911 18.534300 -0.163846 0.122991 0.978789 -2.042900 0.000000 0.000000 0.000000 1.000000
0.984609 0.079353 0.155718 -0.057500 -0.058916 0.989533 -0.131735 18.534300 -0.164542 0.120533 0.978978 -2.042900 0.000000 0.000000 0.000000 1.000000
0.984576 0.088816 0.150739 -0.057500 -0.069491 0.989213 -0.128956 18.534300 -0.160566 0.116492 0.980127 -2.042900 0.000000 0.000000 0.000000 1.000000
0.985775 0.094914 0.138702 -0.057500 -0.077363 0.988897 -0.126874 18.534300 -0.149204 0.114339 0.982173 -2.042900 0.000000 0.000000 0.000000 1.000000
0.987838 0.098305 0.120467 -0.057500 -0.082756 0.988328 -0.127904 18.534300 -0.131635 0.116379 0.984443 -2.042900 0.000000 0.000000 0.000000 1.000000
0.990033 0.098787 0.100383 -0.057500 -0.085265 0.987700 -0.131069 18.534300 -0.112096 0.121203 0.986278 -2.042900 0.000000 0.000000 0.000000 1.000000
0.991904 0.096431 0.082623 -0.057500 -0.084844 0.987369 -0.133807 18.534300 -0.094483 0.125714 0.987557 -2.042900 0.000000 0.000000 0.000000 1.000000
0.993460 0.091389 0.068450 -0.057500 -0.081529 0.987471 -0.135106 18.534300 -0.079940 0.128641 0.988464 -2.042900 0.000000 0.000000 0.000000 1.000000
0.994874 0.083793 0.056611 -0.057500 -0.075474 0.987856 -0.135806 18.534300 -0.067303 0.130837 0.989117 -2.042900 0.000000 0.000000 0.000000 1.000000
0.996147 0.074888 0.045643 -0.057500 -0.068032 0.988272 -0.136712 18.534300 -0.055345 0.133080 0.989559 -2.042900 0.000000 0.000000 0.000000 1.000000
0.997186 0.066232 0.035117 -0.057500 -0.060810 0.988597 -0.137763 18.534300 -0.043841 0.135240 0.989843 -2.042900 0.000000 0.000000 0.000000 1.000000
0.997944 0.058972 0.025082 -0.057500 -0.054942 0.988791 -0.138830 18.534300 -0.032988 0.137166 0.989999 -2.042900 0.000000 0.000000 0.000000 1.000000
0.998478 0.052965 0.015375 -0.057500 -0.050294 0.988836 -0.140265 18.534300 -0.022633 0.139278 0.989995 -2.042900 0.000000 0.000000 0.000000 1.000000
0.998864 0.047274 0.006019 -0.057500 -0.045938 0.988762 -0.142262 18.534300 -0.012677 0.141824 0.989811 -2.042900 0.000000 0.000000 0.000000 1.000000
0.999117 0.041951 -0.002275 -0.057500 -0.041842 0.988710 -0.143879 18.534300 -0.003786 0.143847 0.989593 -2.042900 0.000000 0.000000 0.000000 1.000000
0.999259 0.037708 -0.007738 -0.057500 -0.038427 0.988950 -0.143181 18.534300 0.002253 0.143372 0.989666 -2.042900 0.000000 0.000000 0.000000 1.000000
0.999267 0.037331 -0.008470 -0.057500 -0.038147 0.989543 -0.139102 18.534300 0.003188 0.139323 0.990242 -2.042900 0.000000 0.000000 0.000000 1.000000
0.999165 0.040685 -0.003859 -0.057500 -0.040836 0.990199 -0.133558 18.534300 -0.001613 0.133604 0.991033 -2.042900 0.000000 0.000000 0.000000 1.000000
0.999118 0.041714 0.004800 -0.057500 -0.040733 0.990614 -0.130479 18.534300 -0.010197 0.130168 0.991439 -2.042900 0.000000 0.000000 0.000000 1.000000
0.999338 0.033409 0.014415 -0.057500 -0.031213 0.990718 -0.132299 18.534300 -0.018701 0.131761 0.991105 -2.042900 0.000000 0.000000 0.000000 1.000000
0.999677 0.013896 0.021298 -0.057500 -0.010821 0.990338 -0.138255 18.534300 -0.023013 0.137979 0.990168 -2.042900 0.000000 0.000000 0.000000 1.000000
0.999627 -0.013487 0.023760 -0.057500 0.016810 0.989175 -0.145771 18.534300 -0.021537 0.146116 0.989033 -2.042900 0.000000 0.000000 0.000000 1.000000
0.998928 -0.039919 0.023420 -0.057500 0.043038 0.987312 -0.152848 18.534300 -0.017021 0.153692 0.987972 -2.042900 0.000000 0.000000 0.000000 1.000000
0.997930 -0.059465 0.024476 -0.057500 0.062612 0.985290 -0.159008 18.534300 -0.014661 0.160211 0.986974 -2.042900 0.000000 0.000000 0.000000 1.000000
0.996990 -0.071402 0.030198 -0.057500 0.075419 0.983475 -0.164587 18.534300 -0.017947 0.166369 0.985900 -2.042900 0.000000 0.000000 0.000000 1.000000
0.996210 -0.076963 0.040531 -0.057500 0.082775 0.981982 -0.169882 18.534300 -0.026726 0.172594 0.984630 -2.042900 0.000000 0.000000 0.000000 1.000000
0.995635 -0.076669 0.053229 -0.057500 0.084894 0.980885 -0.175094 18.534300 -0.038788 0.178849 0.983112 -2.042900 0.000000 0.000000 0.000000 1.000000
0.995301 -0.070526 0.066344 -0.057500 0.081481 0.980214 -0.180395 18.534300 -0.052308 0.184953 0.981354 -2.042900 0.000000 0.000000 0.000000 1.000000
0.995044 -0.060101 0.079221 -0.057500 0.073958 0.979840 -0.185588 18.534300 -0.066470 0.190527 0.979429 -2.042900 0.000000 0.000000 0.000000 1.000000
0.994563 -0.049045 0.091868 -0.057500 0.065854 0.979578 -0.189974 18.534300 -0.080675 0.194991 0.977482 -2.042900 0.000000 0.000000 0.000000 1.000000
0.993728 -0.040395 0.104274 -0.057500 0.060053 0.979379 -0.192901 18.534300 -0.094332 0.197953 0.975662 -2.042900 0.000000 0.000000 0.000000 1.000000
0.992582 -0.034444 0.116594 -0.057500 0.056802 0.979304 -0.194262 18.534300 -0.107490 0.199444 0.973996 -2.042900 0.000000 0.000000 0.000000 1.000000
0.991138 -0.029750 0.129462 -0.057500 0.054770 0.979423 -0.194246 18.534300 -0.121019 0.199615 0.972373 -2.042900 0.000000 0.000000 0.000000 1.000000
0.989342 -0.025026 0.143445 -0.057500 0.052745 0.979813 -0.192835 18.534300 -0.135724 0.198346 0.970689 -2.042900 0.000000 0.000000 0.000000 1.000000</float_array><technique_common><accessor source="#mixamorig_Spine-Matrix-animation-output-transform-array" count="45" stride="16"><param type="float4x4"/></accessor></technique_common></source><source id="mixamorig_Spine-Interpolations"><Name_array id="mixamorig_Spine-Interpolations-array" count="45">
 LINEAR LINEAR LINEAR LINEAR LINEAR LINEAR LINEAR LINEAR LINEAR LINEAR LINEAR
LINEAR LINEAR LINEAR LINEAR LINEAR LINEAR LINEAR LINEAR LINEAR LINEAR LINEAR LINEAR
LINEAR LINEAR LINEAR LINEAR LINEAR LINEAR LINEAR LINEAR LINEAR LINEAR LINEAR LINEAR
LINEAR LINEAR LINEAR LINEAR LINEAR LINEAR LINEAR LINEAR LINEAR LINEAR</Name_array><technique_common><accessor source="#mixamorig_Spine-Interpolations-array" count="45"><param type="name"/></accessor></technique_common></source><sampler id="mixamorig_Spine-Matrix-animation-transform"><input semantic="INPUT" source="#mixamorig_Spine-Matrix-animation-input"/><input semantic="OUTPUT" source="#mixamorig_Spine-Matrix-animation-output-transform"/><input semantic="INTERPOLATION" source="#mixamorig_Spine-Interpolations"/></sampler><channel source="#mixamorig_Spine-Matrix-animation-transform" target="mixamorig_Spine/matrix"/></animation>
    <animation id="mixamorig_Spine1-anim" name="mixamorig_Spine1"><source id="mixamorig_Spine1-Matrix-animation-input"><float_array id="mixamorig_Spine1-Matrix-animation-input-array" count="45">

0.000000 0.033333 0.066667 0.100000 0.133333 0.166667 0.200000 0.233333 0.266667 0.300000 0.333333 0.366667 0.400000 0.433333 0.466667 0.500000
0.533333 0.566667 0.600000 0.633333 0.666667 0.700000 0.733333 0.766667 0.800000 0.833333 0.866667 0.900000 0.933333 0.966667 1.000000 1.033333
1.066667 1.100000 1.133333 1.166667 1.200000 1.233333 1.266667 1.300000 1.333333 1.366667 1.400000 1.433333 1.466667</float_array><technique_common><accessor source="#mixamorig_Spine1-Matrix-animation-input-array" count="45"><param name="TIME" type="float"/></accessor></technique_common></source><source id="mixamorig_Spine1-Matrix-animation-output-transform"><float_array id="mixamorig_Spine1-Matrix-animation-output-transform-array" count="720">

0.999333 0.005891 0.036032 0.305500 -0.003422 0.997665 -0.068212 19.736099 -0.036350 0.068043 0.997020 -0.783400 0.000000 0.000000 0.000000 1.000000
0.999185 0.005623 0.039961 0.305500 -0.002879 0.997653 -0.068408 19.736099 -0.040252 0.068238 0.996857 -0.783400 0.000000 0.000000 0.000000 1.000000
0.999038 0.005407 0.043521 0.305500 -0.002440 0.997686 -0.067950 19.736099 -0.043788 0.067778 0.996739 -0.783400 0.000000 0.000000 0.000000 1.000000
0.998929 0.005133 0.045977 0.305500 -0.002066 0.997783 -0.066520 19.736099 -0.046216 0.066354 0.996725 -0.783400 0.000000 0.000000 0.000000 1.000000
0.998890 0.004854 0.046856 0.305500 -0.001844 0.997945 -0.064052 19.736099 -0.047071 0.063894 0.996846 -0.783400 0.000000 0.000000 0.000000 1.000000
0.998916 0.004749 0.046303 0.305500 -0.001932 0.998155 -0.060686 19.736099 -0.046506 0.060530 0.997082 -0.783400 0.000000 0.000000 0.000000 1.000000
0.998973 0.005057 0.045017 0.305500 -0.002499 0.998388 -0.056703 19.736099 -0.045231 0.056532 0.997376 -0.783400 0.000000 0.000000 0.000000 1.000000
0.999023 0.005986 0.043780 0.305500 -0.003677 0.998607 -0.052633 19.736099 -0.044034 0.052421 0.997654 -0.783400 0.000000 0.000000 0.000000 1.000000
0.999046 0.007710 0.042980 0.305500 -0.005585 0.998765 -0.049364 19.736099 -0.043307 0.049077 0.997856 -0.783400 0.000000 0.000000 0.000000 1.000000
0.999040 0.010393 0.042563 0.305500 -0.008353 0.998820 -0.047839 19.736099 -0.043010 0.047437 0.997948 -0.783400 0.000000 0.000000 0.000000 1.000000
0.999003 0.013986 0.042389 0.305500 -0.011933 0.998762 -0.048301 19.736099 -0.043012 0.047747 0.997933 -0.783400 0.000000 0.000000 0.000000 1.000000
0.998940 0.017937 0.042386 0.305500 -0.015818 0.998633 -0.049818 19.736099 -0.043222 0.049095 0.997859 -0.783400 0.000000 0.000000 0.000000 1.000000
0.998882 0.021278 0.042218 0.305500 -0.019123 0.998525 -0.050808 19.736099 -0.043237 0.049944 0.997816 -0.783400 0.000000 0.000000 0.000000 1.000000
0.998888 0.023139 0.041077 0.305500 -0.021064 0.998515 -0.050244 19.736099 -0.042178 0.049323 0.997892 -0.783400 0.000000 0.000000 0.000000 1.000000
0.999000 0.023174 0.038233 0.305500 -0.021315 0.998604 -0.048329 19.736099 -0.039300 0.047466 0.998099 -0.783400 0.000000 0.000000 0.000000 1.000000
0.999195 0.021536 0.033846 0.305500 -0.019966 0.998739 -0.046052 19.736099 -0.034796 0.045340 0.998365 -0.783400 0.000000 0.000000 0.000000 1.000000
0.999406 0.018681 0.028948 0.305500 -0.017388 0.998867 -0.044300 19.736099 -0.029743 0.043771 0.998599 -0.783400 0.000000 0.000000 0.000000 1.000000
0.999582 0.015238 0.024553 0.305500 -0.014162 0.998956 -0.043425 19.736099 -0.025189 0.043059 0.998755 -0.783400 0.000000 0.000000 0.000000 1.000000
0.999711 0.011791 0.020941 0.305500 -0.010875 0.999001 -0.043334 19.736099 -0.021431 0.043094 0.998841 -0.783400 0.000000 0.000000 0.000000 1.000000
0.999804 0.008612 0.017802 0.305500 -0.007826 0.999013 -0.043725 19.736099 -0.018161 0.043577 0.998885 -0.783400 0.000000 0.000000 0.000000 1.000000
0.999874 0.005691 0.014827 0.305500 -0.005030 0.999008 -0.044245 19.736099 -0.015064 0.044165 0.998911 -0.783400 0.000000 0.000000 0.000000 1.000000
0.999924 0.003000 0.011963 0.305500 -0.002464 0.999003 -0.044579 19.736099 -0.012085 0.044546 0.998934 -0.783400 0.000000 0.000000 0.000000 1.000000
0.999957 0.000584 0.009237 0.305500 -0.000172 0.999009 -0.044515 19.736099 -0.009254 0.044512 0.998966 -0.783400 0.000000 0.000000 0.000000 1.000000
0.999977 -0.001516 0.006594 0.305500 0.001804 0.999029 -0.044022 19.736099 -0.006521 0.044033 0.999009 -0.783400 0.000000 0.000000 0.000000 1.000000
0.999987 -0.003310 0.003988 0.305500 0.003479 0.999060 -0.043207 19.736099 -0.003841 0.043220 0.999058 -0.783400 0.000000 0.000000 0.000000 1.000000
0.999987 -0.004838 0.001594 0.305500 0.004901 0.999099 -0.042150 19.736099 -0.001389 0.042158 0.999110 -0.783400 0.000000 0.000000 0.000000 1.000000
0.999981 -0.006084 -0.000098 0.305500 0.006075 0.999147 -0.040844 19.736099 0.000346 0.040843 0.999166 -0.783400 0.000000 0.000000 0.000000 1.000000
0.999976 -0.006859 -0.000500 0.305500 0.006834 0.999201 -0.039389 19.736099 0.000769 0.039385 0.999224 -0.783400 0.000000 0.000000 0.000000 1.000000
0.999977 -0.006722 0.000535 0.305500 0.006737 0.999246 -0.038230 19.736099 -0.000277 0.038232 0.999269 -0.783400 0.000000 0.000000 0.000000 1.000000
0.999984 -0.005192 0.002433 0.305500 0.005281 0.999264 -0.037991 19.736099 -0.002234 0.038003 0.999275 -0.783400 0.000000 0.000000 0.000000 1.000000
0.999988 -0.002378 0.004207 0.305500 0.002540 0.999236 -0.038999 19.736099 -0.004111 0.039009 0.999230 -0.783400 0.000000 0.000000 0.000000 1.000000
0.999987 0.000683 0.005001 0.305500 -0.000478 0.999159 -0.041008 19.736099 -0.005025 0.041005 0.999146 -0.783400 0.000000 0.000000 0.000000 1.000000
0.999985 0.002780 0.004642 0.305500 -0.002576 0.999055 -0.043377 19.736099 -0.004758 0.043365 0.999048 -0.783400 0.000000 0.000000 0.000000 1.000000
0.999986 0.003736 0.003832 0.305500 -0.003557 0.998954 -0.045580 19.736099 -0.003998 0.045565 0.998953 -0.783400 0.000000 0.000000 0.000000 1.000000
0.999983 0.004555 0.003673 0.305500 -0.004375 0.998856 -0.047628 19.736099 -0.003886 0.047611 0.998858 -0.783400 0.000000 0.000000 0.000000 1.000000
0.999969 0.006245 0.004853 0.305500 -0.005995 0.998732 -0.049986 19.736099 -0.005159 0.049956 0.998738 -0.783400 0.000000 0.000000 0.000000 1.000000
0.999936 0.008690 0.007292 0.305500 -0.008291 0.998559 -0.053021 19.736099 -0.007742 0.052957 0.998567 -0.783400 0.000000 0.000000 0.000000 1.000000
0.999886 0.010833 0.010509 0.305500 -0.010221 0.998346 -0.056577 19.736099 -0.011105 0.056463 0.998343 -0.783400 0.000000 0.000000 0.000000 1.000000
0.999831 0.011779 0.014113 0.305500 -0.010911 0.998133 -0.060090 19.736099 -0.014795 0.059926 0.998093 -0.783400 0.000000 0.000000 0.000000 1.000000
0.999774 0.011452 0.017894 0.305500 -0.010303 0.997959 -0.063018 19.736099 -0.018579 0.062819 0.997852 -0.783400 0.000000 0.000000 0.000000 1.000000
0.999712 0.010305 0.021669 0.305500 -0.008874 0.997839 -0.065111 19.736099 -0.022293 0.064900 0.997643 -0.783400 0.000000 0.000000 0.000000 1.000000
0.999641 0.008836 0.025282 0.305500 -0.007140 0.997766 -0.066420 19.736099 -0.025812 0.066215 0.997471 -0.783400 0.000000 0.000000 0.000000 1.000000
0.999559 0.007450 0.028744 0.305500 -0.005504 0.997725 -0.067197 19.736099 -0.029179 0.067009 0.997326 -0.783400 0.000000 0.000000 0.000000 1.000000
0.999459 0.006443 0.032260 0.305500 -0.004245 0.997693 -0.067748 19.736099 -0.032622 0.067575 0.997181 -0.783400 0.000000 0.000000 0.000000 1.000000
0.999333 0.005891 0.036032 0.305500 -0.003422 0.997665 -0.068212 19.736099 -0.036350 0.068043 0.997020 -0.783400 0.000000 0.000000 0.000000 1.000000</float_array><technique_common><accessor source="#mixamorig_Spine1-Matrix-animation-output-transform-array" count="45" stride="16"><param type="float4x4"/></accessor></technique_common></source><source id="mixamorig_Spine1-Interpolations"><Name_array id="mixamorig_Spine1-Interpolations-array" count="45">
 LINEAR LINEAR LINEAR LINEAR LINEAR LINEAR LINEAR LINEAR LINEAR LINEAR LINEAR
LINEAR LINEAR LINEAR LINEAR LINEAR LINEAR LINEAR LINEAR LINEAR LINEAR LINEAR LINEAR
LINEAR LINEAR LINEAR LINEAR LINEAR LINEAR LINEAR LINEAR LINEAR LINEAR LINEAR LINEAR
LINEAR LINEAR LINEAR LINEAR LINEAR LINEAR LINEAR LINEAR LINEAR LINEAR</Name_array><technique_common><accessor source="#mixamorig_Spine1-Interpolations-array" count="45"><param type="name"/></accessor></technique_common></source><sampler id="mixamorig_Spine1-Matrix-animation-transform"><input semantic="INPUT" source="#mixamorig_Spine1-Matrix-animation-input"/><input semantic="OUTPUT" source="#mixamorig_Spine1-Matrix-animation-output-transform"/><input semantic="INTERPOLATION" source="#mixamorig_Spine1-Interpolations"/></sampler><channel source="#mixamorig_Spine1-Matrix-animation-transform" target="mixamorig_Spine1/matrix"/></animation>
    <animation id="mixamorig_Spine2-anim" name="mixamorig_Spine2"><source id="mixamorig_Spine2-Matrix-animation-input"><float_array id="mixamorig_Spine2-Matrix-animation-input-array" count="45">

0.000000 0.033333 0.066667 0.100000 0.133333 0.166667 0.200000 0.233333 0.266667 0.300000 0.333333 0.366667 0.400000 0.433333 0.466667 0.500000
0.533333 0.566667 0.600000 0.633333 0.666667 0.700000 0.733333 0.766667 0.800000 0.833333 0.866667 0.900000 0.933333 0.966667 1.000000 1.033333
1.066667 1.100000 1.133333 1.166667 1.200000 1.233333 1.266667 1.300000 1.333333 1.366667 1.400000 1.433333 1.466667</float_array><technique_common><accessor source="#mixamorig_Spine2-Matrix-animation-input-array" count="45"><param name="TIME" type="float"/></accessor></technique_common></source><source id="mixamorig_Spine2-Matrix-animation-output-transform"><float_array id="mixamorig_Spine2-Matrix-animation-output-transform-array" count="720">

0.999336 0.006027 0.035922 0.152700 -0.003565 0.997665 -0.068207 25.612801 -0.036249 0.068034 0.997024 -0.124700 0.000000 0.000000 0.000000 1.000000
0.999188 0.005752 0.039887 0.152700 -0.003013 0.997655 -0.068379 25.612801 -0.040187 0.068203 0.996862 -0.124700 0.000000 0.000000 0.000000 1.000000
0.999039 0.005518 0.043484 0.152700 -0.002556 0.997690 -0.067887 25.612801 -0.043758 0.067711 0.996745 -0.124700 0.000000 0.000000 0.000000 1.000000
0.998929 0.005221 0.045974 0.152700 -0.002158 0.997789 -0.066420 25.612801 -0.046219 0.066250 0.996732 -0.124700 0.000000 0.000000 0.000000 1.000000
0.998888 0.004915 0.046880 0.152700 -0.001910 0.997953 -0.063920 25.612801 -0.047098 0.063760 0.996853 -0.124700 0.000000 0.000000 0.000000 1.000000
0.998914 0.004782 0.046342 0.152700 -0.001969 0.998164 -0.060543 25.612801 -0.046546 0.060386 0.997089 -0.124700 0.000000 0.000000 0.000000 1.000000
0.998971 0.005065 0.045062 0.152700 -0.002510 0.998395 -0.056579 25.612801 -0.045276 0.056408 0.997381 -0.124700 0.000000 0.000000 0.000000 1.000000
0.999021 0.005983 0.043826 0.152700 -0.003675 0.998612 -0.052543 25.612801 -0.044080 0.052330 0.997657 -0.124700 0.000000 0.000000 0.000000 1.000000
0.999044 0.007712 0.043030 0.152700 -0.005587 0.998769 -0.049291 25.612801 -0.043357 0.049004 0.997857 -0.124700 0.000000 0.000000 0.000000 1.000000
0.999037 0.010403 0.042627 0.152700 -0.008363 0.998824 -0.047747 25.612801 -0.043073 0.047345 0.997949 -0.124700 0.000000 0.000000 0.000000 1.000000
0.998999 0.013989 0.042480 0.152700 -0.011937 0.998768 -0.048164 25.612801 -0.043101 0.047609 0.997936 -0.124700 0.000000 0.000000 0.000000 1.000000
0.998935 0.017909 0.042515 0.152700 -0.015791 0.998643 -0.049634 25.612801 -0.043347 0.048909 0.997862 -0.124700 0.000000 0.000000 0.000000 1.000000
0.998876 0.021209 0.042390 0.152700 -0.019055 0.998538 -0.050589 25.612801 -0.043401 0.049725 0.997820 -0.124700 0.000000 0.000000 0.000000 1.000000
0.998882 0.023054 0.041281 0.152700 -0.020980 0.998529 -0.050005 25.612801 -0.042373 0.049083 0.997895 -0.124700 0.000000 0.000000 0.000000 1.000000
0.998993 0.023122 0.038452 0.152700 -0.021262 0.998617 -0.048088 25.612801 -0.039511 0.047222 0.998103 -0.124700 0.000000 0.000000 0.000000 1.000000
0.999187 0.021553 0.034065 0.152700 -0.019981 0.998750 -0.045825 25.612801 -0.035010 0.045108 0.998368 -0.124700 0.000000 0.000000 0.000000 1.000000
0.999399 0.018766 0.029162 0.152700 -0.017470 0.998874 -0.044100 25.612801 -0.029957 0.043564 0.998601 -0.124700 0.000000 0.000000 0.000000 1.000000
0.999575 0.015359 0.024766 0.152700 -0.014278 0.998962 -0.043250 25.612801 -0.025404 0.042878 0.998757 -0.124700 0.000000 0.000000 0.000000 1.000000
0.999705 0.011912 0.021153 0.152700 -0.010990 0.999007 -0.043179 25.612801 -0.021646 0.042934 0.998843 -0.124700 0.000000 0.000000 0.000000 1.000000
0.999800 0.008717 0.018005 0.152700 -0.007925 0.999018 -0.043590 25.612801 -0.018367 0.043438 0.998887 -0.124700 0.000000 0.000000 0.000000 1.000000
0.999871 0.005778 0.015014 0.152700 -0.005111 0.999013 -0.044133 25.612801 -0.015254 0.044051 0.998913 -0.124700 0.000000 0.000000 0.000000 1.000000
0.999922 0.003072 0.012133 0.152700 -0.002530 0.999007 -0.044492 25.612801 -0.012257 0.044457 0.998936 -0.124700 0.000000 0.000000 0.000000 1.000000
0.999956 0.000642 0.009393 0.152700 -0.000224 0.999012 -0.044451 25.612801 -0.009412 0.044447 0.998967 -0.124700 0.000000 0.000000 0.000000 1.000000
0.999976 -0.001472 0.006739 0.152700 0.001767 0.999031 -0.043979 25.612801 -0.006668 0.043990 0.999010 -0.124700 0.000000 0.000000 0.000000 1.000000
0.999986 -0.003281 0.004124 0.152700 0.003456 0.999061 -0.043184 25.612801 -0.003978 0.043198 0.999059 -0.124700 0.000000 0.000000 0.000000 1.000000
0.999987 -0.004823 0.001721 0.152700 0.004891 0.999099 -0.042147 25.612801 -0.001516 0.042155 0.999110 -0.124700 0.000000 0.000000 0.000000 1.000000
0.999982 -0.006079 0.000026 0.152700 0.006075 0.999147 -0.040855 25.612801 0.000223 0.040854 0.999165 -0.124700 0.000000 0.000000 0.000000 1.000000
0.999976 -0.006854 -0.000368 0.152700 0.006834 0.999200 -0.039402 25.612801 0.000638 0.039398 0.999223 -0.124700 0.000000 0.000000 0.000000 1.000000
0.999977 -0.006707 0.000679 0.152700 0.006728 0.999246 -0.038231 25.612801 -0.000422 0.038235 0.999269 -0.124700 0.000000 0.000000 0.000000 1.000000
0.999983 -0.005163 0.002577 0.152700 0.005257 0.999265 -0.037978 25.612801 -0.002379 0.037991 0.999275 -0.124700 0.000000 0.000000 0.000000 1.000000
0.999988 -0.002339 0.004314 0.152700 0.002506 0.999237 -0.038982 25.612801 -0.004220 0.038993 0.999231 -0.124700 0.000000 0.000000 0.000000 1.000000
0.999987 0.000720 0.005037 0.152700 -0.000513 0.999159 -0.041004 25.612801 -0.005062 0.041001 0.999146 -0.124700 0.000000 0.000000 0.000000 1.000000
0.999986 0.002803 0.004589 0.152700 -0.002601 0.999055 -0.043393 25.612801 -0.004706 0.043380 0.999048 -0.124700 0.000000 0.000000 0.000000 1.000000
0.999986 0.003742 0.003696 0.152700 -0.003570 0.998953 -0.045612 25.612801 -0.003863 0.045598 0.998952 -0.124700 0.000000 0.000000 0.000000 1.000000
0.999984 0.004552 0.003467 0.152700 -0.004381 0.998853 -0.047674 25.612801 -0.003680 0.047658 0.998857 -0.124700 0.000000 0.000000 0.000000 1.000000
0.999970 0.006242 0.004582 0.152700 -0.006005 0.998729 -0.050053 25.612801 -0.004888 0.050024 0.998736 -0.124700 0.000000 0.000000 0.000000 1.000000
0.999938 0.008691 0.006956 0.152700 -0.008309 0.998554 -0.053120 25.612801 -0.007408 0.053059 0.998564 -0.124700 0.000000 0.000000 0.000000 1.000000
0.999890 0.010840 0.010127 0.152700 -0.010249 0.998338 -0.056709 25.612801 -0.010725 0.056599 0.998339 -0.124700 0.000000 0.000000 0.000000 1.000000
0.999836 0.011798 0.013728 0.152700 -0.010951 0.998124 -0.060239 25.612801 -0.014413 0.060078 0.998090 -0.124700 0.000000 0.000000 0.000000 1.000000
0.999780 0.011489 0.017549 0.152700 -0.010359 0.997950 -0.063156 25.612801 -0.018238 0.062961 0.997849 -0.124700 0.000000 0.000000 0.000000 1.000000
0.999718 0.010366 0.021383 0.152700 -0.008951 0.997831 -0.065220 25.612801 -0.022013 0.065010 0.997642 -0.124700 0.000000 0.000000 0.000000 1.000000
0.999646 0.008924 0.025053 0.152700 -0.007240 0.997761 -0.066491 25.612801 -0.025590 0.066286 0.997472 -0.124700 0.000000 0.000000 0.000000 1.000000
0.999563 0.007562 0.028561 0.152700 -0.005627 0.997721 -0.067236 25.612801 -0.029004 0.067046 0.997328 -0.124700 0.000000 0.000000 0.000000 1.000000
0.999463 0.006573 0.032115 0.152700 -0.004384 0.997692 -0.067764 25.612801 -0.032486 0.067587 0.997184 -0.124700 0.000000 0.000000 0.000000 1.000000
0.999336 0.006027 0.035922 0.152700 -0.003565 0.997665 -0.068207 25.612801 -0.036249 0.068034 0.997024 -0.124700 0.000000 0.000000 0.000000 1.000000</float_array><technique_common><accessor source="#mixamorig_Spine2-Matrix-animation-output-transform-array" count="45" stride="16"><param type="float4x4"/></accessor></technique_common></source><source id="mixamorig_Spine2-Interpolations"><Name_array id="mixamorig_Spine2-Interpolations-array" count="45">
 LINEAR LINEAR LINEAR LINEAR LINEAR LINEAR LINEAR LINEAR LINEAR LINEAR LINEAR
LINEAR LINEAR LINEAR LINEAR LINEAR LINEAR LINEAR LINEAR LINEAR LINEAR LINEAR LINEAR
LINEAR LINEAR LINEAR LINEAR LINEAR LINEAR LINEAR LINEAR LINEAR LINEAR LINEAR LINEAR
LINEAR LINEAR LINEAR LINEAR LINEAR LINEAR LINEAR LINEAR LINEAR LINEAR</Name_array><technique_common><accessor source="#mixamorig_Spine2-Interpolations-array" count="45"><param type="name"/></accessor></technique_common></source><sampler id="mixamorig_Spine2-Matrix-animation-transform"><input semantic="INPUT" source="#mixamorig_Spine2-Matrix-animation-input"/><input semantic="OUTPUT" source="#mixamorig_Spine2-Matrix-animation-output-transform"/><input semantic="INTERPOLATION" source="#mixamorig_Spine2-Interpolations"/></sampler><channel source="#mixamorig_Spine2-Matrix-animation-transform" target="mixamorig_Spine2/matrix"/></animation>
    <animation id="mixamorig_Neck-anim" name="mixamorig_Neck"><source id="mixamorig_Neck-Matrix-animation-input"><float_array id="mixamorig_Neck-Matrix-animation-input-array" count="45">

0.000000 0.033333 0.066667 0.100000 0.133333 0.166667 0.200000 0.233333 0.266667 0.300000 0.333333 0.366667 0.400000 0.433333 0.466667 0.500000
0.533333 0.566667 0.600000 0.633333 0.666667 0.700000 0.733333 0.766667 0.800000 0.833333 0.866667 0.900000 0.933333 0.966667 1.000000 1.033333
1.066667 1.100000 1.133333 1.166667 1.200000 1.233333 1.266667 1.300000 1.333333 1.366667 1.400000 1.433333 1.466667</float_array><technique_common><accessor source="#mixamorig_Neck-Matrix-animation-input-array" count="45"><param name="TIME" type="float"/></accessor></technique_common></source><source id="mixamorig_Neck-Matrix-animation-output-transform"><float_array id="mixamorig_Neck-Matrix-animation-output-transform-array" count="720">

0.999009 -0.004244 0.044303 0.879800 0.001882 0.998580 0.053237 30.689800 -0.044466 -0.053101 0.997599 2.800200 0.000000 0.000000 0.000000 1.000000
0.998981 -0.007031 0.044582 0.879800 0.004611 0.998522 0.054153 30.689800 -0.044897 -0.053893 0.997537 2.800200 0.000000 0.000000 0.000000 1.000000
0.998937 -0.009948 0.045018 0.879800 0.007443 0.998432 0.055473 30.689800 -0.045499 -0.055079 0.997445 2.800200 0.000000 0.000000 0.000000 1.000000
0.998870 -0.012432 0.045866 0.879800 0.009791 0.998305 0.057364 30.689800 -0.046501 -0.056850 0.997299 2.800200 0.000000 0.000000 0.000000 1.000000
0.998786 -0.013767 0.047305 0.879800 0.010930 0.998155 0.059718 30.689800 -0.048040 -0.059128 0.997094 2.800200 0.000000 0.000000 0.000000 1.000000
0.998702 -0.013438 0.049123 0.879800 0.010360 0.997999 0.062379 30.689800 -0.049862 -0.061790 0.996843 2.800200 0.000000 0.000000 0.000000 1.000000
0.998640 -0.011345 0.050885 0.879800 0.007998 0.997820 0.065501 30.689800 -0.051517 -0.065005 0.996554 2.800200 0.000000 0.000000 0.000000 1.000000
0.998594 -0.007605 0.052453 0.879800 0.003946 0.997573 0.069523 30.689800 -0.052854 -0.069218 0.996200 2.800200 0.000000 0.000000 0.000000 1.000000
0.998535 -0.002238 0.054066 0.879800 -0.001809 0.997205 0.074687 30.689800 -0.054082 -0.074675 0.995740 2.800200 0.000000 0.000000 0.000000 1.000000
0.998430 0.004743 0.055817 0.879800 -0.009234 0.996713 0.080486 30.689800 -0.055252 -0.080875 0.995192 2.800200 0.000000 0.000000 0.000000 1.000000
0.998273 0.012790 0.057328 0.879800 -0.017672 0.996182 0.085495 30.689800 -0.056016 -0.086361 0.994688 2.800200 0.000000 0.000000 0.000000 1.000000
0.998088 0.020588 0.058281 0.879800 -0.025676 0.995796 0.087932 30.689800 -0.056225 -0.089260 0.994420 2.800200 0.000000 0.000000 0.000000 1.000000
0.997890 0.026774 0.059147 0.879800 -0.031858 0.995720 0.086757 30.689800 -0.056571 -0.088458 0.994472 2.800200 0.000000 0.000000 0.000000 1.000000
0.997653 0.031085 0.061004 0.879800 -0.036073 0.995942 0.082449 30.689800 -0.058194 -0.084456 0.994726 2.800200 0.000000 0.000000 0.000000 1.000000
0.997320 0.034580 0.064475 0.879800 -0.039497 0.996277 0.076625 30.689800 -0.061586 -0.078966 0.994973 2.800200 0.000000 0.000000 0.000000 1.000000
0.996874 0.038438 0.069023 0.879800 -0.043330 0.996546 0.070837 30.689800 -0.066062 -0.073607 0.995097 2.800200 0.000000 0.000000 0.000000 1.000000
0.996396 0.042611 0.073338 0.879800 -0.047464 0.996706 0.065764 30.689800 -0.070294 -0.069008 0.995136 2.800200 0.000000 0.000000 0.000000 1.000000
0.996035 0.045825 0.076253 0.879800 -0.050567 0.996828 0.061464 30.689800 -0.073194 -0.065076 0.995192 2.800200 0.000000 0.000000 0.000000 1.000000
0.995898 0.046913 0.077375 0.879800 -0.051470 0.996990 0.057983 30.689800 -0.074422 -0.061728 0.995315 2.800200 0.000000 0.000000 0.000000 1.000000
0.995962 0.045957 0.077119 0.879800 -0.050302 0.997197 0.055381 30.689800 -0.074358 -0.059037 0.995483 2.800200 0.000000 0.000000 0.000000 1.000000
0.996121 0.044024 0.076194 0.879800 -0.048178 0.997401 0.053573 30.689800 -0.073638 -0.057036 0.995653 2.800200 0.000000 0.000000 0.000000 1.000000
