<?xml version="1.0" encoding="utf-8"?>
<COLLADA xmlns="http://www.collada.org/2005/11/COLLADASchema" version="1.4.1">
  <asset><contributor><author>Mixamo</author><authoring_tool>COLLADA Mixamo exporter</authoring_tool><comments></comments></contributor><created>2018-02-10T11:59:16Z</created><modified>2018-02-10T11:59:16Z</modified><revision></revision><title></title><unit meter="0.010000"/><up_axis>Y_UP</up_axis></asset>
  <library_animations>
    <animation id="mixamorig_Hips-anim" name="mixamorig_Hips"><source id="mixamorig_Hips-Matrix-animation-input"><float_array id="mixamorig_Hips-Matrix-animation-input-array" count="73">

0.000000 0.033333 0.066667 0.100000 0.133333 0.166667 0.200000 0.233333 0.266667 0.300000 0.333333 0.366667 0.400000 0.433333 0.466667 0.500000
0.533333 0.566667 0.600000 0.633333 0.666667 0.700000 0.733333 0.766667 0.800000 0.833333 0.866667 0.900000 0.933333 0.966667 1.000000 1.033333
1.066667 1.100000 1.133333 1.166667 1.200000 1.233333 1.266667 1.300000 1.333333 1.366667 1.400000 1.433333 1.466667 1.500000 1.533333 1.566667
1.600000 1.633333 1.666667 1.700000 1.733333 1.766667 1.800000 1.833333 1.866667 1.900000 1.933333 1.966667 2.000000 2.033333 2.066667 2.100000
2.133333 2.166667 2.200000 2.233333 2.266667 2.300000 2.333333 2.366667 2.400000</float_array><technique_common><accessor source="#mixamorig_Hips-Matrix-animation-input-array" count="73"><param name="TIME" type="float"/></accessor></technique_common></source><source id="mixamorig_Hips-Matrix-animation-output-transform"><float_array id="mixamorig_Hips-Matrix-animation-output-transform-array" count="1168">

0.993188 0.052510 -0.104019 1.176793 -0.051487 0.998595 0.012496 211.263107 0.104529 -0.007056 0.994497 -16.983702 0.000000 0.000000 0.000000 1.000000
0.993226 0.051728 -0.104045 1.224581 -0.050789 0.998641 0.011659 211.060959 0.104507 -0.006295 0.994504 -16.990578 0.000000 0.000000 0.000000 1.000000
0.993494 0.051089 -0.101787 1.378973 -0.050366 0.998684 0.009656 210.903564 0.102146 -0.004466 0.994759 -16.949707 0.000000 0.000000 0.000000 1.000000
0.994089 0.050839 -0.095926 1.544109 -0.050568 0.998707 0.005254 210.668411 0.096069 -0.000373 0.995375 -16.591560 0.000000 0.000000 0.000000 1.000000
0.995000 0.050814 -0.085979 1.759542 -0.051137 0.998690 -0.001554 210.366974 0.085788 0.005943 0.996296 -16.147617 0.000000 0.000000 0.000000 1.000000
0.996130 0.049838 -0.072394 2.029581 -0.050679 0.998667 -0.009824 210.028259 0.071808 0.013455 0.997328 -15.579014 0.000000 0.000000 0.000000 1.000000
0.997323 0.046965 -0.056047 2.363253 -0.048117 0.998654 -0.019382 209.704483 0.055061 0.022027 0.998240 -14.837601 0.000000 0.000000 0.000000 1.000000
0.998445 0.041797 -0.036883 3.095275 -0.042979 0.998567 -0.031879 209.424759 0.035498 0.033414 0.998811 -13.876597 0.000000 0.000000 0.000000 1.000000
0.999324 0.034371 -0.013043 4.224921 -0.034978 0.998159 -0.049544 209.205704 0.011316 0.049967 0.998687 -12.688251 0.000000 0.000000 0.000000 1.000000
0.999501 0.025092 0.019186 5.525022 -0.023621 0.997024 -0.073388 209.055664 -0.020971 0.072898 0.997119 -11.307883 0.000000 0.000000 0.000000 1.000000
0.997797 0.015639 0.064466 6.713055 -0.009008 0.994755 -0.101891 208.946716 -0.065722 0.101086 0.992705 -9.728015 0.000000 0.000000 0.000000 1.000000
0.992176 0.010233 0.124423 7.573629 0.006097 0.991474 -0.130161 208.763794 -0.124694 0.129902 0.983655 -7.804890 0.000000 0.000000 0.000000 1.000000
0.981196 0.012633 0.192602 7.645675 0.017289 0.988092 -0.152887 206.457321 -0.192240 0.153342 0.969294 -5.522521 0.000000 0.000000 0.000000 1.000000
0.967367 0.015892 0.252880 7.245777 0.028686 0.984745 -0.171623 201.144745 -0.251749 0.173277 0.952154 -3.349840 0.000000 0.000000 0.000000 1.000000
0.955839 0.008072 0.293781 6.802411 0.051813 0.979337 -0.195486 193.809418 -0.289289 0.202075 0.935670 -2.167205 0.000000 0.000000 0.000000 1.000000
0.947872 0.000753 0.318650 6.269224 0.077859 0.969140 -0.233892 185.534851 -0.308992 0.246509 0.918562 -2.400916 0.000000 0.000000 0.000000 1.000000
0.940716 0.008993 0.339077 5.116933 0.096931 0.950835 -0.294138 177.691376 -0.325052 0.309568 0.893593 -3.955395 0.000000 0.000000 0.000000 1.000000
0.931085 0.032266 0.363373 3.335174 0.113382 0.921153 -0.372319 171.410416 -0.346736 0.387860 0.854013 -6.113164 0.000000 0.000000 0.000000 1.000000
0.921537 0.056719 0.384126 1.158917 0.139213 0.875243 -0.463216 165.761826 -0.362477 0.480346 0.798673 -8.834534 0.000000 0.000000 0.000000 1.000000
0.912605 0.063501 0.403880 -1.191139 0.189792 0.809171 -0.556077 161.607788 -0.362120 0.584132 0.726401 -11.869391 0.000000 0.000000 0.000000 1.000000
0.899301 0.065056 0.432465 -4.125091 0.253607 0.728048 -0.636891 158.439255 -0.356289 0.682432 0.638235 -14.199393 0.000000 0.000000 0.000000 1.000000
0.877182 0.078068 0.473770 -8.363470 0.319171 0.642351 -0.696789 155.843597 -0.358723 0.762424 0.538542 -14.091356 0.000000 0.000000 0.000000 1.000000
0.854462 0.114802 0.506670 -13.467066 0.364988 0.561377 -0.742724 154.031662 -0.369700 0.819558 0.437774 -11.297031 0.000000 0.000000 0.000000 1.000000
0.833493 0.174208 0.524348 -19.336191 0.381568 0.504882 -0.774274 152.953201 -0.399619 0.845426 0.354343 -6.995169 0.000000 0.000000 0.000000 1.000000
0.811869 0.247109 0.528967 -26.020605 0.367080 0.488488 -0.791601 152.810913 -0.454006 0.836849 0.305879 -2.649463 0.000000 0.000000 0.000000 1.000000
0.790124 0.321830 0.521660 -33.449444 0.326500 0.499295 -0.802560 154.554092 -0.518750 0.804444 0.289427 1.538327 0.000000 0.000000 0.000000 1.000000
0.765287 0.387364 0.514087 -41.589432 0.284346 0.513066 -0.809883 158.154190 -0.577480 0.765971 0.282498 5.644844 0.000000 0.000000 0.000000 1.000000
0.738010 0.437429 0.513806 -50.048237 0.257895 0.520786 -0.813801 162.980194 -0.623564 0.733101 0.271535 9.146687 0.000000 0.000000 0.000000 1.000000
0.708489 0.470745 0.525778 -58.303638 0.244788 0.534844 -0.808715 167.674927 -0.661908 0.701670 0.263699 11.968104 0.000000 0.000000 0.000000 1.000000
0.673095 0.487864 0.555816 -65.815918 0.240681 0.566140 -0.788390 171.302734 -0.699297 0.664436 0.263646 14.539110 0.000000 0.000000 0.000000 1.000000
0.629555 0.491985 0.601341 -72.157013 0.241109 0.612050 -0.753168 173.547821 -0.738598 0.619149 0.266697 17.213152 0.000000 0.000000 0.000000 1.000000
0.577843 0.482835 0.658003 -77.247284 0.244792 0.666577 -0.704097 174.850845 -0.778572 0.567931 0.266983 19.938795 0.000000 0.000000 0.000000 1.000000
0.518986 0.459760 0.720607 -81.215630 0.248167 0.725675 -0.641724 175.737885 -0.817965 0.511876 0.262518 22.411970 0.000000 0.000000 0.000000 1.000000
0.445918 0.425030 0.787723 -84.391045 0.253343 0.784144 -0.566512 177.057800 -0.858472 0.452182 0.241986 24.471720 0.000000 0.000000 0.000000 1.000000
0.350531 0.380050 0.855973 -87.156677 0.259410 0.838804 -0.478658 179.316162 -0.899908 0.389832 0.195438 25.943470 0.000000 0.000000 0.000000 1.000000
0.234611 0.330297 0.914255 -89.661400 0.255617 0.886444 -0.385845 182.397232 -0.937879 0.324222 0.123540 27.076582 0.000000 0.000000 0.000000 1.000000
0.099873 0.284565 0.953440 -91.703636 0.241448 0.922660 -0.300670 185.983582 -0.965261 0.260235 0.023441 27.922327 0.000000 0.000000 0.000000 1.000000
-0.048891 0.249428 0.967158 -93.684326 0.228288 0.945475 -0.232296 189.679626 -0.972365 0.209434 -0.103167 28.306919 0.000000 0.000000 0.000000 1.000000
-0.193650 0.230916 0.953508 -96.587738 0.220615 0.957263 -0.187020 192.818359 -0.955944 0.174142 -0.236318 27.829922 0.000000 0.000000 0.000000 1.000000
-0.319640 0.226241 0.920133 -101.097092 0.213847 0.963247 -0.162555 194.569366 -0.923092 0.144809 -0.356274 26.361145 0.000000 0.000000 0.000000 1.000000
-0.431156 0.222995 0.874287 -106.972382 0.206759 0.967612 -0.144836 194.716766 -0.878268 0.118320 -0.463298 24.162565 0.000000 0.000000 0.000000 1.000000
-0.535048 0.212071 0.817771 -113.496590 0.200274 0.972228 -0.121092 194.179062 -0.820740 0.098988 -0.562661 23.534748 0.000000 0.000000 0.000000 1.000000
-0.623631 0.195070 0.756989 -120.073677 0.189886 0.977163 -0.095374 194.290848 -0.758306 0.084264 -0.646430 22.942362 0.000000 0.000000 0.000000 1.000000
-0.684676 0.179977 0.706276 -126.484734 0.175831 0.981199 -0.079581 195.568817 -0.707320 0.069698 -0.703449 22.473316 0.000000 0.000000 0.000000 1.000000
-0.718883 0.168834 0.674316 -132.274475 0.163022 0.983950 -0.072563 197.798203 -0.675745 0.057764 -0.734869 21.780689 0.000000 0.000000 0.000000 1.000000
-0.738272 0.152242 0.657098 -137.218628 0.148593 0.986970 -0.061720 200.412872 -0.657932 0.052074 -0.751275 21.004940 0.000000 0.000000 0.000000 1.000000
-0.753547 0.123023 0.645781 -141.028351 0.128347 0.990962 -0.039017 202.948273 -0.644744 0.053483 -0.762525 20.189646 0.000000 0.000000 0.000000 1.000000
-0.768166 0.083070 0.634839 -144.414581 0.101134 0.994842 -0.007804 205.231064 -0.632213 0.058209 -0.772605 19.333136 0.000000 0.000000 0.000000 1.000000
-0.779308 0.046029 0.624949 -147.449326 0.076434 0.996834 0.021894 207.099304 -0.621962 0.064829 -0.780359 18.421307 0.000000 0.000000 0.000000 1.000000
-0.783587 0.023303 0.620845 -150.156906 0.062247 0.997213 0.041134 208.532364 -0.618156 0.070878 -0.782853 17.513847 0.000000 0.000000 0.000000 1.000000
-0.780397 0.017082 0.625051 -152.202347 0.059630 0.997104 0.047201 209.528259 -0.622435 0.074107 -0.779155 16.873707 0.000000 0.000000 0.000000 1.000000
-0.772836 0.018648 0.634332 -153.564484 0.062522 0.996943 0.046865 210.061096 -0.631518 0.075878 -0.771639 16.319773 0.000000 0.000000 0.000000 1.000000
-0.761750 0.020082 0.647560 -154.296188 0.066344 0.996683 0.047134 210.366302 -0.644466 0.078865 -0.760555 15.837467 0.000000 0.000000 0.000000 1.000000
-0.750331 0.018122 0.660813 -154.250458 0.065939 0.996691 0.047538 210.610443 -0.657765 0.079243 -0.749043 15.451153 0.000000 0.000000 0.000000 1.000000
-0.740253 0.016412 0.672129 -154.156143 0.065601 0.996695 0.047914 210.790344 -0.669121 0.079561 -0.738883 15.164685 0.000000 0.000000 0.000000 1.000000
-0.733930 0.015068 0.679058 -154.006531 0.065263 0.996693 0.048421 210.911346 -0.676082 0.079855 -0.732486 14.994533 0.000000 0.000000 0.000000 1.000000
-0.731495 0.013959 0.681704 -153.824112 0.064820 0.996686 0.049146 210.949097 -0.678759 0.080138 -0.729976 15.062889 0.000000 0.000000 0.000000 1.000000
-0.730037 0.012891 0.683286 -153.627853 0.064337 0.996678 0.049936 210.965363 -0.680372 0.080416 -0.728441 15.203436 0.000000 0.000000 0.000000 1.000000
-0.729362 0.011867 0.684025 -153.423462 0.063836 0.996668 0.050776 210.964615 -0.681143 0.080699 -0.727689 15.398575 0.000000 0.000000 0.000000 1.000000
-0.729272 0.010882 0.684138 -153.217010 0.063323 0.996656 0.051648 210.951675 -0.681288 0.080987 -0.727522 15.630638 0.000000 0.000000 0.000000 1.000000
-0.729566 0.009925 0.683838 -153.014725 0.062803 0.996642 0.052538 210.931183 -0.681020 0.081277 -0.727740 15.881978 0.000000 0.000000 0.000000 1.000000
-0.730044 0.008989 0.683341 -152.822784 0.062282 0.996628 0.053428 210.908020 -0.680556 0.081565 -0.728142 16.134912 0.000000 0.000000 0.000000 1.000000
-0.730505 0.008070 0.682860 -152.647202 0.061771 0.996612 0.054303 210.887207 -0.680108 0.081850 -0.728528 16.371731 0.000000 0.000000 0.000000 1.000000
-0.730748 0.007161 0.682610 -152.494232 0.061281 0.996596 0.055147 210.874100 -0.679891 0.082130 -0.728699 16.574705 0.000000 0.000000 0.000000 1.000000
-0.730747 0.006299 0.682619 -152.396545 0.060837 0.996579 0.055930 210.874130 -0.679932 0.082399 -0.728631 16.712273 0.000000 0.000000 0.000000 1.000000
-0.730793 0.005485 0.682577 -152.374817 0.060420 0.996562 0.056680 210.868713 -0.679920 0.082663 -0.728612 16.767134 0.000000 0.000000 0.000000 1.000000
-0.730842 0.004677 0.682531 -152.417145 0.060005 0.996545 0.057424 210.862793 -0.679904 0.082923 -0.728598 16.793858 0.000000 0.000000 0.000000 1.000000
-0.730892 0.003871 0.682482 -152.474243 0.059588 0.996527 0.058163 210.856873 -0.679886 0.083179 -0.728585 16.799702 0.000000 0.000000 0.000000 1.000000
-0.730943 0.003064 0.682432 -152.498688 0.059169 0.996509 0.058900 210.851212 -0.679869 0.083431 -0.728572 16.791925 0.000000 0.000000 0.000000 1.000000
-0.730993 0.002255 0.682381 -152.501404 0.058746 0.996490 0.059638 210.845734 -0.679852 0.083682 -0.728559 16.776447 0.000000 0.000000 0.000000 1.000000
-0.731042 0.001446 0.682331 -152.493347 0.058324 0.996470 0.060375 210.840408 -0.679835 0.083933 -0.728546 16.759167 0.000000 0.000000 0.000000 1.000000
-0.731090 0.000636 0.682280 -152.485336 0.057902 0.996450 0.061115 210.835052 -0.679819 0.084186 -0.728532 16.746017 0.000000 0.000000 0.000000 1.000000
-0.731137 -0.000175 0.682231 -152.488419 0.057483 0.996428 0.061859 210.829529 -0.679805 0.084444 -0.728515 16.742907 0.000000 0.000000 0.000000 1.000000</float_array><technique_common><accessor source="#mixamorig_Hips-Matrix-animation-output-transform-array" count="73" stride="16"><param type="float4x4"/></accessor></technique_common></source><source id="mixamorig_Hips-Interpolations"><Name_array id="mixamorig_Hips-Interpolations-array" count="73">
 LINEAR LINEAR LINEAR LINEAR LINEAR LINEAR LINEAR LINEAR LINEAR LINEAR LINEAR
LINEAR LINEAR LINEAR LINEAR LINEAR LINEAR LINEAR LINEAR LINEAR LINEAR LINEAR LINEAR
LINEAR LINEAR LINEAR LINEAR LINEAR LINEAR LINEAR LINEAR LINEAR LINEAR LINEAR LINEAR
LINEAR LINEAR LINEAR LINEAR LINEAR LINEAR LINEAR LINEAR LINEAR LINEAR LINEAR LINEAR
LINEAR LINEAR LINEAR LINEAR LINEAR LINEAR LINEAR LINEAR LINEAR LINEAR LINEAR LINEAR
LINEAR LINEAR LINEAR LINEAR LINEAR LINEAR LINEAR LINEAR LINEAR LINEAR LINEAR LINEAR
LINEAR LINEAR</Name_array><technique_common><accessor source="#mixamorig_Hips-Interpolations-array" count="73"><param type="name"/></accessor></technique_common></source><sampler id="mixamorig_Hips-Matrix-animation-transform"><input semantic="INPUT" source="#mixamorig_Hips-Matrix-animation-input"/><input semantic="OUTPUT" source="#mixamorig_Hips-Matrix-animation-output-transform"/><input semantic="INTERPOLATION" source="#mixamorig_Hips-Interpolations"/></sampler><channel source="#mixamorig_Hips-Matrix-animation-transform" target="mixamorig_Hips/matrix"/></animation>
    <animation id="mixamorig_Spine-anim" name="mixamorig_Spine"><source id="mixamorig_Spine-Matrix-animation-input"><float_array id="mixamorig_Spine-Matrix-animation-input-array" count="73">

0.000000 0.033333 0.066667 0.100000 0.133333 0.166667 0.200000 0.233333 0.266667 0.300000 0.333333 0.366667 0.400000 0.433333 0.466667 0.500000
0.533333 0.566667 0.600000 0.633333 0.666667 0.700000 0.733333 0.766667 0.800000 0.833333 0.866667 0.900000 0.933333 0.966667 1.000000 1.033333
1.066667 1.100000 1.133333 1.166667 1.200000 1.233333 1.266667 1.300000 1.333333 1.366667 1.400000 1.433333 1.466667 1.500000 1.533333 1.566667
1.600000 1.633333 1.666667 1.700000 1.733333 1.766667 1.800000 1.833333 1.866667 1.900000 1.933333 1.966667 2.000000 2.033333 2.066667 2.100000
2.133333 2.166667 2.200000 2.233333 2.266667 2.300000 2.333333 2.366667 2.400000</float_array><technique_common><accessor source="#mixamorig_Spine-Matrix-animation-input-array" count="73"><param name="TIME" type="float"/></accessor></technique_common></source><source id="mixamorig_Spine-Matrix-animation-output-transform"><float_array id="mixamorig_Spine-Matrix-animation-output-transform-array" count="1168">

0.999776 -0.016820 0.012880 -0.057500 0.017083 0.999642 -0.020594 18.534300 -0.012529 0.020810 0.999705 -2.042900 0.000000 0.000000 0.000000 1.000000
0.999778 -0.016692 0.012868 -0.057500 0.016956 0.999642 -0.020702 18.534300 -0.012518 0.020916 0.999703 -2.042900 0.000000 0.000000 0.000000 1.000000
0.999788 -0.016425 0.012414 -0.057500 0.016679 0.999648 -0.020637 18.534300 -0.012071 0.020840 0.999710 -2.042900 0.000000 0.000000 0.000000 1.000000
0.999803 -0.016243 0.011446 -0.057500 0.016472 0.999660 -0.020217 18.534300 -0.011114 0.020402 0.999730 -2.042900 0.000000 0.000000 0.000000 1.000000
0.999815 -0.016273 0.010297 -0.057500 0.016471 0.999675 -0.019478 18.534300 -0.009977 0.019644 0.999757 -2.042900 0.000000 0.000000 0.000000 1.000000
0.999824 -0.016131 0.009603 -0.057500 0.016307 0.999694 -0.018587 18.534300 -0.009301 0.018740 0.999781 -2.042900 0.000000 0.000000 0.000000 1.000000
0.999835 -0.015234 0.009920 -0.057500 0.015407 0.999726 -0.017601 18.534300 -0.009649 0.017751 0.999796 -2.042900 0.000000 0.000000 0.000000 1.000000
0.999844 -0.013355 0.011525 -0.057500 0.013545 0.999772 -0.016520 18.534300 -0.011302 0.016674 0.999797 -2.042900 0.000000 0.000000 0.000000 1.000000
0.999843 -0.010318 0.014373 -0.057500 0.010539 0.999826 -0.015422 18.534300 -0.014211 0.015571 0.999778 -2.042900 0.000000 0.000000 0.000000 1.000000
0.999814 -0.005755 0.018397 -0.057500 0.006018 0.999880 -0.014294 18.534300 -0.018313 0.014402 0.999729 -2.042900 0.000000 0.000000 0.000000 1.000000
0.999724 0.000659 0.023485 -0.057500 -0.000341 0.999908 -0.013532 18.534300 -0.023492 0.013520 0.999633 -2.042900 0.000000 0.000000 0.000000 1.000000
0.999546 0.007834 0.029108 -0.057500 -0.007382 0.999851 -0.015583 18.534300 -0.029226 0.015361 0.999455 -2.042900 0.000000 0.000000 0.000000 1.000000
0.999334 0.013403 0.033936 -0.057500 -0.012562 0.999612 -0.024857 18.534300 -0.034256 0.024414 0.999115 -2.042900 0.000000 0.000000 0.000000 1.000000
0.999192 0.016006 0.036872 -0.057500 -0.014400 0.998953 -0.043419 18.534300 -0.037529 0.042853 0.998376 -2.042900 0.000000 0.000000 0.000000 1.000000
0.999165 0.018093 0.036633 -0.057500 -0.015592 0.997602 -0.067432 18.534300 -0.037765 0.066805 0.997051 -2.042900 0.000000 0.000000 0.000000 1.000000
0.999243 0.019583 0.033619 -0.057500 -0.016497 0.995829 -0.089734 18.534300 -0.035236 0.089111 0.995398 -2.042900 0.000000 0.000000 0.000000 1.000000
0.999357 0.017284 0.031428 -0.057500 -0.013772 0.993977 -0.108719 18.534300 -0.033118 0.108216 0.993576 -2.042900 0.000000 0.000000 0.000000 1.000000
0.999417 0.011536 0.032120 -0.057500 -0.007271 0.991505 -0.129863 18.534300 -0.033345 0.129554 0.991012 -2.042900 0.000000 0.000000 0.000000 1.000000
0.999350 0.004718 0.035734 -0.057500 0.000880 0.987909 -0.155034 18.534300 -0.036033 0.154964 0.987263 -2.042900 0.000000 0.000000 0.000000 1.000000
0.999409 0.001911 0.034322 -0.057500 0.004252 0.983914 -0.178592 18.534300 -0.034111 0.178632 0.983324 -2.042900 0.000000 0.000000 0.000000 1.000000
0.999651 -0.000687 0.026408 -0.057500 0.005877 0.980392 -0.196972 18.534300 -0.025754 0.197058 0.980053 -2.042900 0.000000 0.000000 0.000000 1.000000
0.999877 -0.004881 0.014912 -0.057500 0.007893 0.977843 -0.209189 18.534300 -0.013561 0.209281 0.977762 -2.042900 0.000000 0.000000 0.000000 1.000000
0.999934 -0.009150 0.006963 -0.057500 0.010437 0.976364 -0.215882 18.534300 -0.004823 0.215940 0.976395 -2.042900 0.000000 0.000000 0.000000 1.000000
0.999918 -0.012227 0.003734 -0.057500 0.012750 0.975245 -0.220758 18.534300 -0.000942 0.220788 0.975321 -2.042900 0.000000 0.000000 0.000000 1.000000
0.999917 -0.012599 0.002704 -0.057500 0.012884 0.974028 -0.226060 18.534300 0.000214 0.226076 0.974110 -2.042900 0.000000 0.000000 0.000000 1.000000
0.999941 -0.009779 0.004629 -0.057500 0.010583 0.973057 -0.230321 18.534300 -0.002252 0.230357 0.973104 -2.042900 0.000000 0.000000 0.000000 1.000000
0.999931 -0.005720 0.010240 -0.057500 0.007920 0.973214 -0.229764 18.534300 -0.008652 0.229830 0.973192 -2.042900 0.000000 0.000000 0.000000 1.000000
0.999814 -0.001642 0.019191 -0.057500 0.005889 0.974706 -0.223415 18.534300 -0.018339 0.223486 0.974535 -2.042900 0.000000 0.000000 0.000000 1.000000
0.999544 0.002900 0.030043 -0.057500 0.003594 0.976856 -0.213869 18.534300 -0.029968 0.213879 0.976400 -2.042900 0.000000 0.000000 0.000000 1.000000
0.999137 0.006898 0.040963 -0.057500 0.001567 0.979156 -0.203103 18.534300 -0.041510 0.202992 0.978300 -2.042900 0.000000 0.000000 0.000000 1.000000
0.998688 0.009303 0.050359 -0.057500 0.000419 0.981844 -0.189689 18.534300 -0.051210 0.189461 0.980552 -2.042900 0.000000 0.000000 0.000000 1.000000
0.998390 0.010029 0.055824 -0.057500 -0.000182 0.984804 -0.173670 18.534300 -0.056718 0.173381 0.983220 -2.042900 0.000000 0.000000 0.000000 1.000000
0.998298 0.009186 0.057584 -0.057500 0.000073 0.987315 -0.158776 18.534300 -0.058312 0.158510 0.985634 -2.042900 0.000000 0.000000 0.000000 1.000000
0.998313 0.006500 0.057689 -0.057500 0.002067 0.989102 -0.147220 18.534300 -0.058017 0.147091 0.987420 -2.042900 0.000000 0.000000 0.000000 1.000000
0.998428 0.000616 0.056041 -0.057500 0.007055 0.990604 -0.136577 18.534300 -0.055598 0.136757 0.989043 -2.042900 0.000000 0.000000 0.000000 1.000000
0.998461 -0.008790 0.054760 -0.057500 0.015528 0.992180 -0.123849 18.534300 -0.053243 0.124509 0.990789 -2.042900 0.000000 0.000000 0.000000 1.000000
0.998398 -0.018904 0.053328 -0.057500 0.024561 0.993900 -0.107511 18.534300 -0.050971 0.108649 0.992773 -2.042900 0.000000 0.000000 0.000000 1.000000
0.998423 -0.024800 0.050356 -0.057500 0.029207 0.995624 -0.088764 18.534300 -0.047935 0.090095 0.994779 -2.042900 0.000000 0.000000 0.000000 1.000000
0.998647 -0.024108 0.046086 -0.057500 0.027332 0.997125 -0.070670 18.534300 -0.044250 0.071834 0.996435 -2.042900 0.000000 0.000000 0.000000 1.000000
0.998973 -0.019125 0.041071 -0.057500 0.021492 0.998087 -0.057974 18.534300 -0.039884 0.058797 0.997473 -2.042900 0.000000 0.000000 0.000000 1.000000
0.999302 -0.013662 0.034782 -0.057500 0.015421 0.998589 -0.050822 18.534300 -0.034039 0.051323 0.998102 -2.042900 0.000000 0.000000 0.000000 1.000000
0.999582 -0.009472 0.027318 -0.057500 0.010798 0.998750 -0.048801 18.534300 -0.026822 0.049075 0.998435 -2.042900 0.000000 0.000000 0.000000 1.000000
0.999749 -0.006330 0.021502 -0.057500 0.007372 0.998785 -0.048716 18.534300 -0.021168 0.048862 0.998581 -2.042900 0.000000 0.000000 0.000000 1.000000
0.999848 -0.004015 0.016985 -0.057500 0.004805 0.998897 -0.046712 18.534300 -0.016778 0.046786 0.998764 -2.042900 0.000000 0.000000 0.000000 1.000000
0.999931 -0.000879 0.011695 -0.057500 0.001367 0.999127 -0.041745 18.534300 -0.011648 0.041758 0.999060 -2.042900 0.000000 0.000000 0.000000 1.000000
0.999982 0.002235 0.005500 -0.057500 -0.002035 0.999345 -0.036126 18.534300 -0.005577 0.036114 0.999332 -2.042900 0.000000 0.000000 0.000000 1.000000
0.999991 0.004123 -0.000231 -0.057500 -0.004129 0.999478 -0.032039 18.534300 0.000099 0.032040 0.999487 -2.042900 0.000000 0.000000 0.000000 1.000000
0.999982 0.003987 -0.004427 -0.057500 -0.004116 0.999559 -0.029403 18.534300 0.004308 0.029421 0.999558 -2.042900 0.000000 0.000000 0.000000 1.000000
0.999963 0.003596 -0.007812 -0.057500 -0.003802 0.999639 -0.026588 18.534300 0.007714 0.026617 0.999616 -2.042900 0.000000 0.000000 0.000000 1.000000
0.999930 0.004355 -0.010963 -0.057500 -0.004602 0.999733 -0.022625 18.534300 0.010861 0.022674 0.999684 -2.042900 0.000000 0.000000 0.000000 1.000000
0.999883 0.006301 -0.013905 -0.057500 -0.006549 0.999819 -0.017843 18.534300 0.013790 0.017932 0.999744 -2.042900 0.000000 0.000000 0.000000 1.000000
0.999835 0.008430 -0.016114 -0.057500 -0.008649 0.999870 -0.013580 18.534300 0.015997 0.013717 0.999778 -2.042900 0.000000 0.000000 0.000000 1.000000
0.999804 0.010561 -0.016734 -0.057500 -0.010747 0.999882 -0.011020 18.534300 0.016616 0.011198 0.999799 -2.042900 0.000000 0.000000 0.000000 1.000000
0.999796 0.011962 -0.016280 -0.057500 -0.012127 0.999876 -0.010050 18.534300 0.016158 0.010246 0.999817 -2.042900 0.000000 0.000000 0.000000 1.000000
0.999787 0.013482 -0.015629 -0.057500 -0.013627 0.999865 -0.009188 18.534300 0.015503 0.009399 0.999836 -2.042900 0.000000 0.000000 0.000000 1.000000
0.999778 0.014297 -0.015473 -0.057500 -0.014430 0.999859 -0.008532 18.534300 0.015349 0.008754 0.999844 -2.042900 0.000000 0.000000 0.000000 1.000000
0.999781 0.014115 -0.015437 -0.057500 -0.014246 0.999863 -0.008412 18.534300 0.015316 0.008630 0.999845 -2.042900 0.000000 0.000000 0.000000 1.000000
0.999790 0.013563 -0.015382 -0.057500 -0.013695 0.999870 -0.008493 18.534300 0.015265 0.008702 0.999846 -2.042900 0.000000 0.000000 0.000000 1.000000
0.999800 0.012862 -0.015318 -0.057500 -0.012995 0.999878 -0.008669 18.534300 0.015205 0.008866 0.999845 -2.042900 0.000000 0.000000 0.000000 1.000000
0.999811 0.012079 -0.015250 -0.057500 -0.012216 0.999886 -0.008914 18.534300 0.015141 0.009098 0.999844 -2.042900 0.000000 0.000000 0.000000 1.000000
0.999822 0.011248 -0.015172 -0.057500 -0.011389 0.999893 -0.009202 18.534300 0.015067 0.009373 0.999843 -2.042900 0.000000 0.000000 0.000000 1.000000
0.999832 0.010403 -0.015075 -0.057500 -0.010547 0.999899 -0.009507 18.534300 0.014975 0.009664 0.999841 -2.042900 0.000000 0.000000 0.000000 1.000000
0.999842 0.009594 -0.014958 -0.057500 -0.009742 0.999904 -0.009804 18.534300 0.014862 0.009948 0.999840 -2.042900 0.000000 0.000000 0.000000 1.000000
0.999851 0.008877 -0.014817 -0.057500 -0.009027 0.999909 -0.010067 18.534300 0.014727 0.010199 0.999840 -2.042900 0.000000 0.000000 0.000000 1.000000
0.999858 0.008345 -0.014615 -0.057500 -0.008496 0.999911 -0.010269 18.534300 0.014528 0.010392 0.999840 -2.042900 0.000000 0.000000 0.000000 1.000000
0.999864 0.008003 -0.014432 -0.057500 -0.008154 0.999912 -0.010432 18.534300 0.014347 0.010548 0.999841 -2.042900 0.000000 0.000000 0.000000 1.000000
0.999867 0.007776 -0.014319 -0.057500 -0.007928 0.999913 -0.010575 18.534300 0.014236 0.010688 0.999842 -2.042900 0.000000 0.000000 0.000000 1.000000
0.999869 0.007636 -0.014261 -0.057500 -0.007789 0.999912 -0.010705 18.534300 0.014178 0.010815 0.999841 -2.042900 0.000000 0.000000 0.000000 1.000000
0.999870 0.007543 -0.014232 -0.057500 -0.007697 0.999912 -0.010823 18.534300 0.014149 0.010931 0.999840 -2.042900 0.000000 0.000000 0.000000 1.000000
0.999871 0.007470 -0.014216 -0.057500 -0.007626 0.999911 -0.010936 18.534300 0.014134 0.011043 0.999839 -2.042900 0.000000 0.000000 0.000000 1.000000
0.999872 0.007385 -0.014193 -0.057500 -0.007542 0.999911 -0.011048 18.534300 0.014110 0.011154 0.999838 -2.042900 0.000000 0.000000 0.000000 1.000000
0.999874 0.007258 -0.014144 -0.057500 -0.007416 0.999910 -0.011163 18.534300 0.014062 0.011267 0.999838 -2.042900 0.000000 0.000000 0.000000 1.000000
0.999876 0.007060 -0.014051 -0.057500 -0.007218 0.999910 -0.011275 18.534300 0.013970 0.011375 0.999838 -2.042900 0.000000 0.000000 0.000000 1.000000</float_array><technique_common><accessor source="#mixamorig_Spine-Matrix-animation-output-transform-array" count="73" stride="16"><param type="float4x4"/></accessor></technique_common></source><source id="mixamorig_Spine-Interpolations"><Name_array id="mixamorig_Spine-Interpolations-array" count="73">
 LINEAR LINEAR LINEAR LINEAR LINEAR LINEAR LINEAR LINEAR LINEAR LINEAR LINEAR
LINEAR LINEAR LINEAR LINEAR LINEAR LINEAR LINEAR LINEAR LINEAR LINEAR LINEAR LINEAR
LINEAR LINEAR LINEAR LINEAR LINEAR LINEAR LINEAR LINEAR LINEAR LINEAR LINEAR LINEAR
LINEAR LINEAR LINEAR LINEAR LINEAR LINEAR LINEAR LINEAR LINEAR LINEAR LINEAR LINEAR
LINEAR LINEAR LINEAR LINEAR LINEAR LINEAR LINEAR LINEAR LINEAR LINEAR LINEAR LINEAR
LINEAR LINEAR LINEAR LINEAR LINEAR LINEAR LINEAR LINEAR LINEAR LINEAR LINEAR LINEAR
LINEAR LINEAR</Name_array><technique_common><accessor source="#mixamorig_Spine-Interpolations-array" count="73"><param type="name"/></accessor></technique_common></source><sampler id="mixamorig_Spine-Matrix-animation-transform"><input semantic="INPUT" source="#mixamorig_Spine-Matrix-animation-input"/><input semantic="OUTPUT" source="#mixamorig_Spine-Matrix-animation-output-transform"/><input semantic="INTERPOLATION" source="#mixamorig_Spine-Interpolations"/></sampler><channel source="#mixamorig_Spine-Matrix-animation-transform" target="mixamorig_Spine/matrix"/></animation>
    <animation id="mixamorig_Spine1-anim" name="mixamorig_Spine1"><source id="mixamorig_Spine1-Matrix-animation-input"><float_array id="mixamorig_Spine1-Matrix-animation-input-array" count="73">

0.000000 0.033333 0.066667 0.100000 0.133333 0.166667 0.200000 0.233333 0.266667 0.300000 0.333333 0.366667 0.400000 0.433333 0.466667 0.500000
0.533333 0.566667 0.600000 0.633333 0.666667 0.700000 0.733333 0.766667 0.800000 0.833333 0.866667 0.900000 0.933333 0.966667 1.000000 1.033333
1.066667 1.100000 1.133333 1.166667 1.200000 1.233333 1.266667 1.300000 1.333333 1.366667 1.400000 1.433333 1.466667 1.500000 1.533333 1.566667
1.600000 1.633333 1.666667 1.700000 1.733333 1.766667 1.800000 1.833333 1.866667 1.900000 1.933333 1.966667 2.000000 2.033333 2.066667 2.100000
2.133333 2.166667 2.200000 2.233333 2.266667 2.300000 2.333333 2.366667 2.400000</float_array><technique_common><accessor source="#mixamorig_Spine1-Matrix-animation-input-array" count="73"><param name="TIME" type="float"/></accessor></technique_common></source><source id="mixamorig_Spine1-Matrix-animation-output-transform"><float_array id="mixamorig_Spine1-Matrix-animation-output-transform-array" count="1168">

0.999245 -0.028640 0.026242 0.305500 0.029701 0.998719 -0.040973 19.736099 -0.025035 0.041721 0.998816 -0.783400 0.000000 0.000000 0.000000 1.000000
0.999253 -0.028377 0.026220 0.305500 0.029442 0.998717 -0.041190 19.736099 -0.025017 0.041931 0.998807 -0.783400 0.000000 0.000000 0.000000 1.000000
0.999292 -0.027850 0.025304 0.305500 0.028875 0.998739 -0.041069 19.736099 -0.024128 0.041770 0.998836 -0.783400 0.000000 0.000000 0.000000 1.000000
0.999348 -0.027531 0.023361 0.305500 0.028456 0.998785 -0.040241 19.736099 -0.022225 0.040880 0.998917 -0.783400 0.000000 0.000000 0.000000 1.000000
0.999397 -0.027628 0.021049 0.305500 0.028429 0.998843 -0.038775 19.736099 -0.019953 0.039350 0.999026 -0.783400 0.000000 0.000000 0.000000 1.000000
0.999432 -0.027401 0.019643 0.305500 0.028114 0.998920 -0.037002 19.736099 -0.018608 0.037533 0.999122 -0.783400 0.000000 0.000000 0.000000 1.000000
0.999464 -0.025707 0.020246 0.305500 0.026406 0.999037 -0.035038 19.736099 -0.019325 0.035554 0.999181 -0.783400 0.000000 0.000000 0.000000 1.000000
0.999482 -0.022090 0.023406 0.305500 0.022854 0.999198 -0.032885 19.736099 -0.022661 0.033403 0.999185 -0.783400 0.000000 0.000000 0.000000 1.000000
0.999448 -0.016191 0.029025 0.305500 0.017081 0.999382 -0.030713 19.736099 -0.028509 0.031192 0.999107 -0.783400 0.000000 0.000000 0.000000 1.000000
0.999290 -0.007260 0.036964 0.305500 0.008317 0.999559 -0.028522 19.736099 -0.036741 0.028810 0.998909 -0.783400 0.000000 0.000000 0.000000 1.000000
0.998879 0.005178 0.047047 0.305500 -0.003904 0.999624 -0.027138 19.736099 -0.047170 0.026923 0.998524 -0.783400 0.000000 0.000000 0.000000 1.000000
0.998119 0.019366 0.058161 0.305500 -0.017556 0.999351 -0.031464 19.736099 -0.058733 0.030383 0.997811 -0.783400 0.000000 0.000000 0.000000 1.000000
0.997241 0.030582 0.067646 0.305500 -0.027211 0.998368 -0.050211 19.736099 -0.069071 0.048232 0.996445 -0.783400 0.000000 0.000000 0.000000 1.000000
0.996660 0.036455 0.073080 0.305500 -0.030015 0.995724 -0.087364 19.736099 -0.075952 0.084878 0.993492 -0.783400 0.000000 0.000000 0.000000 1.000000
0.996584 0.040382 0.072035 0.305500 -0.030362 0.990361 -0.135138 19.736099 -0.076798 0.132490 0.988205 -0.783400 0.000000 0.000000 0.000000 1.000000
0.996960 0.041296 0.066076 0.305500 -0.028859 0.983392 -0.179184 19.736099 -0.072378 0.176732 0.981594 -0.783400 0.000000 0.000000 0.000000 1.000000
0.997426 0.036392 0.061775 0.305500 -0.022207 0.976043 -0.216440 19.736099 -0.068172 0.214511 0.974340 -0.783400 0.000000 0.000000 0.000000 1.000000
0.997584 0.023712 0.065302 0.305500 -0.006113 0.966265 -0.257478 19.736099 -0.069204 0.256457 0.964075 -0.783400 0.000000 0.000000 0.000000 1.000000
0.997045 0.010769 0.076065 0.305500 0.013045 0.952015 -0.305772 19.736099 -0.075707 0.305861 0.949061 -0.783400 0.000000 0.000000 0.000000 1.000000
0.997024 0.006897 0.076789 0.305500 0.020529 0.936287 -0.350635 19.736099 -0.074315 0.351168 0.933359 -0.783400 0.000000 0.000000 0.000000 1.000000
0.998063 0.003011 0.062143 0.305500 0.021221 0.922458 -0.385515 19.736099 -0.058485 0.386087 0.920607 -0.783400 0.000000 0.000000 0.000000 1.000000
0.999161 -0.005898 0.040540 0.305500 0.021962 0.912474 -0.408545 19.736099 -0.034582 0.409092 0.911838 -0.783400 0.000000 0.000000 0.000000 1.000000
0.999534 -0.014695 0.026762 0.305500 0.024603 0.906709 -0.421039 19.736099 -0.018078 0.421501 0.906648 -0.783400 0.000000 0.000000 0.000000 1.000000
0.999550 -0.020421 0.021978 0.305500 0.027892 0.902372 -0.430055 19.736099 -0.011050 0.430474 0.902535 -0.783400 0.000000 0.000000 0.000000 1.000000
0.999570 -0.020960 0.020498 0.305500 0.027843 0.897643 -0.439843 19.736099 -0.009181 0.440225 0.897840 -0.783400 0.000000 0.000000 0.000000 1.000000
0.999614 -0.015240 0.023233 0.305500 0.024033 0.893857 -0.447708 19.736099 -0.013944 0.448093 0.893878 -0.783400 0.000000 0.000000 0.000000 1.000000
0.999446 -0.006394 0.032673 0.305500 0.020324 0.894464 -0.446677 19.736099 -0.026369 0.447094 0.894098 -0.783400 0.000000 0.000000 0.000000 1.000000
0.998821 0.003143 0.048449 0.305500 0.018264 0.900274 -0.434941 19.736099 -0.044985 0.435313 0.899155 -0.783400 0.000000 0.000000 0.000000 1.000000
0.997574 0.013803 0.068233 0.305500 0.015964 0.908673 -0.417204 19.736099 -0.067760 0.417281 0.906248 -0.783400 0.000000 0.000000 0.000000 1.000000
0.995850 0.022893 0.088081 0.305500 0.014026 0.917676 -0.397082 19.736099 -0.089920 0.396670 0.913547 -0.783400 0.000000 0.000000 0.000000 1.000000
0.994055 0.028057 0.105201 0.305500 0.013150 0.928214 -0.371815 19.736099 -0.108081 0.370988 0.922327 -0.783400 0.000000 0.000000 0.000000 1.000000
0.992933 0.028880 0.115107 0.305500 0.012242 0.939839 -0.341397 19.736099 -0.118042 0.340394 0.932844 -0.783400 0.000000 0.000000 0.000000 1.000000
0.992676 0.026143 0.117946 0.305500 0.012164 0.949715 -0.312880 19.736099 -0.120195 0.312023 0.942441 -0.783400 0.000000 0.000000 0.000000 1.000000
0.992766 0.019554 0.118462 0.305500 0.015815 0.956753 -0.290470 19.736099 -0.119018 0.290242 0.949523 -0.783400 0.000000 0.000000 0.000000 1.000000
0.993236 0.006047 0.115953 0.305500 0.025605 0.962651 -0.269531 19.736099 -0.113252 0.270677 0.955985 -0.783400 0.000000 0.000000 0.000000 1.000000
0.993343 -0.014597 0.114263 0.305500 0.042331 0.968791 -0.244238 19.736099 -0.107132 0.247449 0.962960 -0.783400 0.000000 0.000000 0.000000 1.000000
0.992981 -0.037851 0.112054 0.305500 0.061068 0.975432 -0.211669 19.736099 -0.101289 0.217027 0.970896 -0.783400 0.000000 0.000000 0.000000 1.000000
0.992917 -0.054265 0.105691 0.305500 0.072239 0.982010 -0.174464 19.736099 -0.094322 0.180863 0.978975 -0.783400 0.000000 0.000000 0.000000 1.000000
0.993708 -0.057941 0.095853 0.305500 0.070983 0.987773 -0.138800 19.736099 -0.086639 0.144731 0.985671 -0.783400 0.000000 0.000000 0.000000 1.000000
0.995054 -0.052047 0.084614 0.305500 0.061558 0.991574 -0.113980 19.736099 -0.077969 0.118625 0.989873 -0.783400 0.000000 0.000000 0.000000 1.000000
0.996504 -0.043259 0.071478 0.305500 0.050326 0.993691 -0.100226 19.736099 -0.066691 0.103472 0.992394 -0.783400 0.000000 0.000000 0.000000 1.000000
0.997771 -0.035591 0.056439 0.305500 0.040941 0.994477 -0.096645 19.736099 -0.052688 0.098740 0.993717 -0.783400 0.000000 0.000000 0.000000 1.000000
0.998534 -0.030319 0.044832 0.305500 0.034547 0.994708 -0.096762 19.736099 -0.041661 0.098169 0.994297 -0.783400 0.000000 0.000000 0.000000 1.000000
0.999023 -0.025452 0.036116 0.305500 0.028716 0.995256 -0.092960 19.736099 -0.033579 0.093907 0.995015 -0.783400 0.000000 0.000000 0.000000 1.000000
0.999524 -0.017641 0.025306 0.305500 0.019693 0.996332 -0.083281 19.736099 -0.023744 0.083739 0.996205 -0.783400 0.000000 0.000000 0.000000 1.000000
0.999896 -0.007996 0.012040 0.305500 0.008845 0.997347 -0.072258 19.736099 -0.011430 0.072357 0.997313 -0.783400 0.000000 0.000000 0.000000 1.000000
1.000000 -0.000542 -0.000352 0.305500 0.000518 0.997939 -0.064171 19.736099 0.000386 0.064171 0.997939 -0.783400 0.000000 0.000000 0.000000 1.000000
0.999956 0.001753 -0.009255 0.305500 -0.002295 0.998261 -0.058903 19.736099 0.009136 0.058922 0.998221 -0.783400 0.000000 0.000000 0.000000 1.000000
0.999866 0.002266 -0.016213 0.305500 -0.003126 0.998575 -0.053270 19.736099 0.016069 0.053314 0.998449 -0.783400 0.000000 0.000000 0.000000 1.000000
0.999735 0.004474 -0.022577 0.305500 -0.005495 0.998957 -0.045330 19.736099 0.022350 0.045442 0.998717 -0.783400 0.000000 0.000000 0.000000 1.000000
0.999558 0.008641 -0.028460 0.305500 -0.009657 0.999315 -0.035737 19.736099 0.028131 0.035996 0.998956 -0.783400 0.000000 0.000000 0.000000 1.000000
0.999377 0.012936 -0.032852 0.305500 -0.013831 0.999535 -0.027174 19.736099 0.032485 0.027612 0.999091 -0.783400 0.000000 0.000000 0.000000 1.000000
0.999272 0.017153 -0.034081 0.305500 -0.017909 0.999597 -0.022021 19.736099 0.033690 0.022615 0.999176 -0.783400 0.000000 0.000000 0.000000 1.000000
0.999248 0.020047 -0.033185 0.305500 -0.020720 0.999584 -0.020059 19.736099 0.032770 0.020731 0.999248 -0.783400 0.000000 0.000000 0.000000 1.000000
0.999222 0.023194 -0.031897 0.305500 -0.023786 0.999549 -0.018311 19.736099 0.031458 0.019056 0.999323 -0.783400 0.000000 0.000000 0.000000 1.000000
0.999190 0.024944 -0.031592 0.305500 -0.025489 0.999531 -0.016985 19.736099 0.031154 0.017776 0.999357 -0.783400 0.000000 0.000000 0.000000 1.000000
0.999199 0.024631 -0.031526 0.305500 -0.025168 0.999543 -0.016747 19.736099 0.031099 0.017527 0.999363 -0.783400 0.000000 0.000000 0.000000 1.000000
0.999228 0.023577 -0.031419 0.305500 -0.024117 0.999566 -0.016916 19.736099 0.031007 0.017661 0.999363 -0.783400 0.000000 0.000000 0.000000 1.000000
0.999264 0.022200 -0.031297 0.305500 -0.022748 0.999592 -0.017279 19.736099 0.030900 0.017978 0.999361 -0.783400 0.000000 0.000000 0.000000 1.000000
0.999301 0.020644 -0.031166 0.305500 -0.021205 0.999617 -0.017780 19.736099 0.030787 0.018429 0.999356 -0.783400 0.000000 0.000000 0.000000 1.000000
0.999339 0.018987 -0.031015 0.305500 -0.019563 0.999640 -0.018370 19.736099 0.030655 0.018965 0.999350 -0.783400 0.000000 0.000000 0.000000 1.000000
0.999375 0.017305 -0.030825 0.305500 -0.017896 0.999659 -0.018993 19.736099 0.030485 0.019533 0.999344 -0.783400 0.000000 0.000000 0.000000 1.000000
0.999409 0.015701 -0.030591 0.305500 -0.016305 0.999675 -0.019600 19.736099 0.030273 0.020087 0.999340 -0.783400 0.000000 0.000000 0.000000 1.000000
0.999439 0.014283 -0.030310 0.305500 -0.014897 0.999686 -0.020137 19.736099 0.030012 0.020578 0.999338 -0.783400 0.000000 0.000000 0.000000 1.000000
0.999465 0.013234 -0.029903 0.305500 -0.013852 0.999693 -0.020550 19.736099 0.029622 0.020953 0.999342 -0.783400 0.000000 0.000000 0.000000 1.000000
0.999485 0.012556 -0.029538 0.305500 -0.013175 0.999695 -0.020881 19.736099 0.029267 0.021260 0.999346 -0.783400 0.000000 0.000000 0.000000 1.000000
0.999497 0.012100 -0.029314 0.305500 -0.012723 0.999695 -0.021172 19.736099 0.029049 0.021534 0.999346 -0.783400 0.000000 0.000000 0.000000 1.000000
0.999504 0.011816 -0.029199 0.305500 -0.012445 0.999693 -0.021433 19.736099 0.028937 0.021786 0.999344 -0.783400 0.000000 0.000000 0.000000 1.000000
0.999508 0.011632 -0.029143 0.305500 -0.012266 0.999690 -0.021670 19.736099 0.028882 0.022017 0.999340 -0.783400 0.000000 0.000000 0.000000 1.000000
0.999510 0.011489 -0.029116 0.305500 -0.012129 0.999687 -0.021898 19.736099 0.028855 0.022241 0.999336 -0.783400 0.000000 0.000000 0.000000 1.000000
0.999513 0.011324 -0.029073 0.305500 -0.011970 0.999684 -0.022123 19.736099 0.028813 0.022460 0.999332 -0.783400 0.000000 0.000000 0.000000 1.000000
0.999519 0.011076 -0.028977 0.305500 -0.011726 0.999681 -0.022355 19.736099 0.028720 0.022684 0.999330 -0.783400 0.000000 0.000000 0.000000 1.000000
0.999528 0.010684 -0.028791 0.305500 -0.011336 0.999681 -0.022582 19.736099 0.028540 0.022898 0.999330 -0.783400 0.000000 0.000000 0.000000 1.000000</float_array><technique_common><accessor source="#mixamorig_Spine1-Matrix-animation-output-transform-array" count="73" stride="16"><param type="float4x4"/></accessor></technique_common></source><source id="mixamorig_Spine1-Interpolations"><Name_array id="mixamorig_Spine1-Interpolations-array" count="73">
