<?xml version="1.0" encoding="utf-8"?>
<COLLADA xmlns="http://www.collada.org/2005/11/COLLADASchema" version="1.4.1">
  <asset><contributor><author>Mixamo</author><authoring_tool>COLLADA Mixamo exporter</authoring_tool><comments></comments></contributor><created>2018-02-10T11:58:54Z</created><modified>2018-02-10T11:58:54Z</modified><revision></revision><title></title><unit meter="0.010000"/><up_axis>Y_UP</up_axis></asset>
  <library_animations>
    <animation id="mixamorig_Hips-anim" name="mixamorig_Hips"><source id="mixamorig_Hips-Matrix-animation-input"><float_array id="mixamorig_Hips-Matrix-animation-input-array" count="288">

0.000000 0.033333 0.066667 0.100000 0.133333 0.166667 0.200000 0.233333 0.266667 0.300000 0.333333 0.366667 0.400000 0.433333 0.466667 0.500000
0.533333 0.566667 0.600000 0.633333 0.666667 0.700000 0.733333 0.766667 0.800000 0.833333 0.866667 0.900000 0.933333 0.966667 1.000000 1.033333
1.066667 1.100000 1.133333 1.166667 1.200000 1.233333 1.266667 1.300000 1.333333 1.366667 1.400000 1.433333 1.466667 1.500000 1.533333 1.566667
1.600000 1.633333 1.666667 1.700000 1.733333 1.766667 1.800000 1.833333 1.866667 1.900000 1.933333 1.966667 2.000000 2.033333 2.066667 2.100000
2.133333 2.166667 2.200000 2.233333 2.266667 2.300000 2.333333 2.366667 2.400000 2.433333 2.466667 2.500000 2.533333 2.566667 2.600000 2.633333
2.666667 2.700000 2.733333 2.766667 2.800000 2.833333 2.866667 2.900000 2.933333 2.966667 3.000000 3.033333 3.066667 3.100000 3.133333 3.166667
3.200000 3.233333 3.266667 3.300000 3.333333 3.366667 3.400000 3.433333 3.466667 3.500000 3.533333 3.566667 3.600000 3.633333 3.666667 3.700000
3.733333 3.766667 3.800000 3.833333 3.866667 3.900000 3.933333 3.966667 4.000000 4.033333 4.066667 4.100000 4.133333 4.166667 4.200000 4.233333
4.266667 4.300000 4.333333 4.366667 4.400000 4.433333 4.466667 4.500000 4.533333 4.566667 4.600000 4.633333 4.666667 4.700000 4.733333 4.766667
4.800000 4.833333 4.866667 4.900000 4.933333 4.966667 5.000000 5.033333 5.066667 5.100000 5.133333 5.166667 5.200000 5.233333 5.266667 5.300000
5.333333 5.366667 5.400000 5.433333 5.466667 5.500000 5.533333 5.566667 5.600000 5.633333 5.666667 5.700000 5.733333 5.766667 5.800000 5.833333
5.866667 5.900000 5.933333 5.966667 6.000000 6.033333 6.066667 6.100000 6.133333 6.166667 6.200000 6.233333 6.266667 6.300000 6.333333 6.366667
6.400000 6.433333 6.466667 6.500000 6.533333 6.566667 6.600000 6.633333 6.666667 6.700000 6.733333 6.766667 6.800000 6.833333 6.866667 6.900000
6.933333 6.966667 7.000000 7.033333 7.066667 7.100000 7.133333 7.166667 7.200000 7.233333 7.266667 7.300000 7.333333 7.366667 7.400000 7.433333
7.466667 7.500000 7.533333 7.566667 7.600000 7.633333 7.666667 7.700000 7.733333 7.766667 7.800000 7.833333 7.866667 7.900000 7.933333 7.966667
8.000000 8.033333 8.066667 8.100000 8.133333 8.166667 8.200000 8.233333 8.266667 8.300000 8.333333 8.366667 8.400000 8.433333 8.466667 8.500000
8.533333 8.566667 8.600000 8.633333 8.666667 8.700000 8.733333 8.766667 8.800000 8.833333 8.866667 8.900000 8.933333 8.966667 9.000000 9.033333
9.066667 9.100000 9.133333 9.166667 9.200000 9.233333 9.266667 9.300000 9.333333 9.366667 9.400000 9.433333 9.466667 9.500000 9.533333 9.566667</float_array><technique_common><accessor source="#mixamorig_Hips-Matrix-animation-input-array" count="288"><param name="TIME" type="float"/></accessor></technique_common></source><source id="mixamorig_Hips-Matrix-animation-output-transform"><float_array id="mixamorig_Hips-Matrix-animation-output-transform-array" count="4608">

0.999903 0.013880 0.001343 -0.416066 -0.013945 0.995599 0.092671 208.739120 -0.000051 -0.092681 0.995696 0.721188 0.000000 0.000000 0.000000 1.000000
0.999913 0.013148 0.001166 -0.440031 -0.013199 0.995623 0.092519 208.729538 0.000056 -0.092527 0.995710 0.737387 0.000000 0.000000 0.000000 1.000000
0.999921 0.012550 0.001006 -0.467793 -0.012590 0.995623 0.092609 208.714478 0.000161 -0.092614 0.995702 0.732892 0.000000 0.000000 0.000000 1.000000
0.999926 0.012141 0.000789 -0.495911 -0.012161 0.995573 0.093205 208.688354 0.000346 -0.093208 0.995647 0.705923 0.000000 0.000000 0.000000 1.000000
0.999930 0.011858 0.000365 -0.521547 -0.011840 0.995473 0.094299 208.649658 0.000755 -0.094297 0.995544 0.661772 0.000000 0.000000 0.000000 1.000000
0.999933 0.011583 -0.000416 -0.544554 -0.011490 0.995354 0.095598 208.605560 0.001521 -0.095586 0.995420 0.607249 0.000000 0.000000 0.000000 1.000000
0.999936 0.011187 -0.001579 -0.568939 -0.010982 0.995262 0.096604 208.567261 0.002652 -0.096581 0.995322 0.545135 0.000000 0.000000 0.000000 1.000000
0.999939 0.010642 -0.002920 -0.601297 -0.010310 0.995255 0.096757 208.539841 0.003936 -0.096721 0.995304 0.471165 0.000000 0.000000 0.000000 1.000000
0.999940 0.010182 -0.004151 -0.645406 -0.009738 0.995365 0.095675 208.520218 0.005106 -0.095629 0.995404 0.372670 0.000000 0.000000 0.000000 1.000000
0.999934 0.010256 -0.005133 -0.700132 -0.009732 0.995575 0.093465 208.500763 0.006069 -0.093409 0.995609 0.231317 0.000000 0.000000 0.000000 1.000000
0.999922 0.011120 -0.005730 -0.764677 -0.010554 0.995818 0.090744 208.475967 0.006715 -0.090676 0.995858 0.033360 0.000000 0.000000 0.000000 1.000000
0.999906 0.012513 -0.005587 -0.843539 -0.011973 0.996049 0.088000 208.443680 0.006666 -0.087925 0.996105 -0.220791 0.000000 0.000000 0.000000 1.000000
0.999894 0.013863 -0.004388 -0.943809 -0.013441 0.996298 0.084915 208.406876 0.005549 -0.084847 0.996379 -0.520693 0.000000 0.000000 0.000000 1.000000
0.999890 0.014698 -0.002201 -1.066256 -0.014473 0.996642 0.080598 208.368729 0.003378 -0.080557 0.996744 -0.858951 0.000000 0.000000 0.000000 1.000000
0.999888 0.014927 0.000668 -1.200617 -0.014936 0.997110 0.074492 208.331284 0.000446 -0.074494 0.997221 -1.238684 0.000000 0.000000 0.000000 1.000000
0.999880 0.014921 0.004142 -1.335632 -0.015164 0.997650 0.066818 208.294266 -0.003135 -0.066872 0.997757 -1.670615 0.000000 0.000000 0.000000 1.000000
0.999845 0.015399 0.008555 -1.471785 -0.015870 0.998186 0.058069 208.256470 -0.007645 -0.058195 0.998276 -2.168734 0.000000 0.000000 0.000000 1.000000
0.999756 0.016879 0.014261 -1.617115 -0.017550 0.998677 0.048334 208.213028 -0.013426 -0.048572 0.998729 -2.749556 0.000000 0.000000 0.000000 1.000000
0.999599 0.018877 0.021125 -1.775422 -0.019656 0.999111 0.037307 208.158783 -0.020402 -0.037707 0.999081 -3.426762 0.000000 0.000000 0.000000 1.000000
0.999390 0.020043 0.028584 -1.944381 -0.020753 0.999478 0.024773 208.094391 -0.028072 -0.025351 0.999284 -4.203151 0.000000 0.000000 0.000000 1.000000
0.999149 0.019505 0.036346 -2.116879 -0.019908 0.999744 0.010773 208.019287 -0.036126 -0.011487 0.999281 -5.072042 0.000000 0.000000 0.000000 1.000000
0.998831 0.017948 0.044874 -2.279837 -0.017754 0.999831 -0.004701 207.923431 -0.044951 0.003899 0.998982 -6.029799 0.000000 0.000000 0.000000 1.000000
0.998356 0.017090 0.054717 -2.425439 -0.015915 0.999635 -0.021851 207.787964 -0.055071 0.020945 0.998263 -7.082945 0.000000 0.000000 0.000000 1.000000
0.997695 0.018102 0.065404 -2.569369 -0.015448 0.999046 -0.040858 207.605255 -0.066082 0.039753 0.997022 -8.234796 0.000000 0.000000 0.000000 1.000000
0.996916 0.020790 0.075675 -2.746562 -0.016129 0.997965 -0.061692 207.369339 -0.076803 0.060281 0.995222 -9.466573 0.000000 0.000000 0.000000 1.000000
0.996103 0.024093 0.084846 -2.976706 -0.016940 0.996319 -0.084036 207.080887 -0.086558 0.082271 0.992844 -10.738145 0.000000 0.000000 0.000000 1.000000
0.995247 0.027045 0.093547 -3.242771 -0.016914 0.994068 -0.107441 206.741882 -0.095897 0.105349 0.989801 -12.008686 0.000000 0.000000 0.000000 1.000000
0.994255 0.029464 0.102900 -3.506095 -0.015715 0.991131 -0.131955 206.348679 -0.105875 0.129580 0.985900 -13.251252 0.000000 0.000000 0.000000 1.000000
0.993086 0.031781 0.113002 -3.735916 -0.013601 0.987322 -0.158144 205.889969 -0.116595 0.155514 0.980929 -14.451610 0.000000 0.000000 0.000000 1.000000
0.991870 0.034072 0.122609 -3.930393 -0.010711 0.982423 -0.186362 205.356354 -0.126803 0.183534 0.974801 -15.600173 0.000000 0.000000 0.000000 1.000000
0.990806 0.035675 0.130503 -4.113223 -0.006688 0.976343 -0.216122 204.745895 -0.135126 0.213262 0.967605 -16.687895 0.000000 0.000000 0.000000 1.000000
0.989944 0.036146 0.136767 -4.308632 -0.001361 0.969194 -0.246295 204.063934 -0.141457 0.243632 0.959496 -17.701195 0.000000 0.000000 0.000000 1.000000
0.989148 0.036111 0.142415 -4.534870 0.004645 0.961153 -0.275977 203.313614 -0.146848 0.273644 0.950555 -18.618130 0.000000 0.000000 0.000000 1.000000
0.988262 0.036651 0.148306 -4.807879 0.010442 0.952318 -0.304927 202.491852 -0.152410 0.302897 0.940758 -19.419548 0.000000 0.000000 0.000000 1.000000
0.987261 0.038090 0.154480 -5.125897 0.015771 0.942713 -0.333231 201.613846 -0.158323 0.331422 0.930104 -20.100061 0.000000 0.000000 0.000000 1.000000
0.986280 0.039453 0.160297 -5.449532 0.021334 0.932415 -0.360759 200.736435 -0.163697 0.359229 0.918781 -20.661598 0.000000 0.000000 0.000000 1.000000
0.985426 0.039291 0.165502 -5.725612 0.028272 0.921592 -0.387129 199.922760 -0.167736 0.386167 0.907050 -21.105507 0.000000 0.000000 0.000000 1.000000
0.984554 0.037518 0.171016 -5.951370 0.036969 0.910199 -0.412519 199.189514 -0.171135 0.412469 0.894752 -21.447416 0.000000 0.000000 0.000000 1.000000
0.983306 0.035985 0.178364 -6.190809 0.046598 0.897760 -0.438013 198.490387 -0.175890 0.439012 0.881097 -21.723560 0.000000 0.000000 0.000000 1.000000
0.981430 0.036623 0.188291 -6.504443 0.056113 0.883851 -0.464391 197.773117 -0.183428 0.466333 0.865383 -21.961988 0.000000 0.000000 0.000000 1.000000
0.978977 0.039647 0.200080 -6.884437 0.065116 0.868848 -0.490777 197.040222 -0.193297 0.493488 0.848001 -22.153053 0.000000 0.000000 0.000000 1.000000
0.976258 0.043800 0.212137 -7.281719 0.073525 0.854195 -0.514728 196.348419 -0.203752 0.518105 0.830694 -22.264408 0.000000 0.000000 0.000000 1.000000
0.973633 0.047629 0.223095 -7.668134 0.081179 0.841604 -0.533959 195.758423 -0.213189 0.537991 0.815547 -22.273159 0.000000 0.000000 0.000000 1.000000
0.971281 0.050358 0.232547 -8.046408 0.088131 0.831691 -0.548199 195.277466 -0.221013 0.552950 0.803368 -22.181324 0.000000 0.000000 0.000000 1.000000
0.969136 0.052069 0.240966 -8.422241 0.094817 0.823531 -0.559291 194.856369 -0.227565 0.564877 0.793176 -22.010759 0.000000 0.000000 0.000000 1.000000
0.967024 0.053394 0.249024 -8.793491 0.101623 0.815673 -0.569518 194.443863 -0.233531 0.576045 0.783349 -21.781509 0.000000 0.000000 0.000000 1.000000
0.964818 0.054889 0.257125 -9.164798 0.108651 0.807314 -0.580034 194.023743 -0.239418 0.587564 0.772947 -21.497353 0.000000 0.000000 0.000000 1.000000
0.962460 0.056652 0.265444 -9.555413 0.115901 0.798546 -0.590670 193.601044 -0.245432 0.599262 0.762003 -21.158073 0.000000 0.000000 0.000000 1.000000
0.959965 0.058488 0.273945 -9.976048 0.123303 0.789889 -0.600726 193.170715 -0.251521 0.610455 0.751054 -20.775223 0.000000 0.000000 0.000000 1.000000
0.957428 0.060148 0.282337 -10.411144 0.130671 0.781810 -0.609671 192.715881 -0.257405 0.620609 0.740667 -20.370224 0.000000 0.000000 0.000000 1.000000
0.954952 0.061427 0.290333 -10.832593 0.137845 0.774577 -0.617275 192.224670 -0.262802 0.629489 0.731217 -19.956738 0.000000 0.000000 0.000000 1.000000
0.952521 0.062249 0.298043 -11.230069 0.144887 0.768274 -0.623509 191.692261 -0.267792 0.637088 0.722777 -19.536963 0.000000 0.000000 0.000000 1.000000
0.949977 0.062605 0.305980 -11.621092 0.152136 0.762853 -0.628419 191.117126 -0.272760 0.643534 0.715169 -19.114944 0.000000 0.000000 0.000000 1.000000
0.947179 0.062484 0.314558 -12.027647 0.159906 0.758199 -0.632111 190.500702 -0.277995 0.649022 0.708159 -18.697147 0.000000 0.000000 0.000000 1.000000
0.944164 0.061916 0.323605 -12.451729 0.168099 0.754207 -0.634755 189.855286 -0.283367 0.653711 0.701688 -18.286415 0.000000 0.000000 0.000000 1.000000
0.941165 0.061020 0.332392 -12.870328 0.176117 0.750884 -0.636519 189.187256 -0.288429 0.657609 0.695959 -17.882193 0.000000 0.000000 0.000000 1.000000
0.938452 0.059970 0.340164 -13.241152 0.183255 0.748342 -0.637497 188.499741 -0.292790 0.660597 0.691293 -17.487949 0.000000 0.000000 0.000000 1.000000
0.936126 0.058793 0.346714 -13.543399 0.189298 0.746651 -0.637713 187.800888 -0.296368 0.662612 0.687831 -17.116112 0.000000 0.000000 0.000000 1.000000
0.934076 0.057319 0.352444 -13.790213 0.194713 0.745607 -0.637304 187.106613 -0.299314 0.663916 0.685293 -16.777067 0.000000 0.000000 0.000000 1.000000
0.932190 0.055559 0.357679 -14.007753 0.199885 0.744808 -0.636637 186.442184 -0.301773 0.664962 0.683198 -16.473873 0.000000 0.000000 0.000000 1.000000
0.930479 0.053769 0.362377 -14.213950 0.204700 0.744036 -0.636009 185.823868 -0.303819 0.665972 0.681304 -16.207077 0.000000 0.000000 0.000000 1.000000
0.928999 0.052131 0.366393 -14.404697 0.208855 0.743457 -0.635336 185.250748 -0.305518 0.666749 0.679783 -15.983036 0.000000 0.000000 0.000000 1.000000
0.927770 0.050534 0.369714 -14.561037 0.212289 0.743345 -0.634327 184.721710 -0.306880 0.666996 0.678926 -15.814843 0.000000 0.000000 0.000000 1.000000
0.926826 0.048848 0.372301 -14.661699 0.215020 0.743799 -0.632874 184.226929 -0.307832 0.666616 0.678869 -15.710368 0.000000 0.000000 0.000000 1.000000
0.926221 0.047168 0.374018 -14.697887 0.216911 0.744769 -0.631085 183.764603 -0.308324 0.665653 0.679590 -15.676358 0.000000 0.000000 0.000000 1.000000
0.926015 0.045667 0.374714 -14.672409 0.217753 0.746229 -0.629068 183.343811 -0.308350 0.664121 0.681075 -15.721813 0.000000 0.000000 0.000000 1.000000
0.926258 0.044423 0.374264 -14.595865 0.217416 0.748165 -0.626881 182.986923 -0.307859 0.662024 0.683335 -15.857677 0.000000 0.000000 0.000000 1.000000
0.926965 0.043430 0.372626 -14.483890 0.215965 0.750400 -0.624707 182.718048 -0.306749 0.659556 0.686215 -16.087955 0.000000 0.000000 0.000000 1.000000
0.928098 0.042648 0.369887 -14.352243 0.213671 0.752555 -0.622901 182.555664 -0.304926 0.657147 0.689332 -16.403481 0.000000 0.000000 0.000000 1.000000
0.929569 0.041932 0.366256 -14.208714 0.210960 0.754249 -0.621775 182.502090 -0.302321 0.655248 0.692280 -16.784870 0.000000 0.000000 0.000000 1.000000
0.931268 0.040972 0.362023 -14.054432 0.208289 0.755388 -0.621293 182.542465 -0.298923 0.653996 0.694935 -17.212814 0.000000 0.000000 0.000000 1.000000
0.933052 0.039511 0.357565 -13.894770 0.206007 0.756152 -0.621125 182.646698 -0.294914 0.653203 0.697389 -17.670483 0.000000 0.000000 0.000000 1.000000
0.934736 0.037722 0.353335 -13.744487 0.204207 0.756734 -0.621010 182.787201 -0.290806 0.652634 0.699643 -18.139589 0.000000 0.000000 0.000000 1.000000
0.936147 0.036251 0.349735 -13.616906 0.202677 0.757160 -0.620992 182.950500 -0.287317 0.652223 0.701466 -18.602264 0.000000 0.000000 0.000000 1.000000
0.937216 0.035720 0.346915 -13.513035 0.201114 0.757323 -0.621301 183.145569 -0.284920 0.652063 0.702592 -19.049164 0.000000 0.000000 0.000000 1.000000
0.938039 0.036218 0.344632 -13.420948 0.199322 0.757144 -0.622096 183.370880 -0.283467 0.652243 0.703012 -19.475658 0.000000 0.000000 0.000000 1.000000
0.938812 0.037359 0.342399 -13.328453 0.197240 0.756649 -0.623361 183.616348 -0.282364 0.652754 0.702982 -19.884617 0.000000 0.000000 0.000000 1.000000
0.939693 0.038821 0.339809 -13.226789 0.194801 0.755888 -0.625049 183.872833 -0.281122 0.653549 0.702740 -20.281631 0.000000 0.000000 0.000000 1.000000
0.940699 0.040596 0.336804 -13.112609 0.191961 0.754883 -0.627138 184.142914 -0.279707 0.654601 0.702325 -20.671387 0.000000 0.000000 0.000000 1.000000
0.941781 0.042834 0.333487 -12.986728 0.188613 0.753786 -0.629470 184.434143 -0.278341 0.655723 0.701822 -21.062767 0.000000 0.000000 0.000000 1.000000
0.942961 0.045590 0.329767 -12.847161 0.184497 0.752971 -0.631661 184.748840 -0.277102 0.656473 0.701611 -21.469887 0.000000 0.000000 0.000000 1.000000
0.944272 0.048688 0.325547 -12.690761 0.179516 0.752808 -0.633288 185.077408 -0.275908 0.656437 0.702115 -21.899017 0.000000 0.000000 0.000000 1.000000
0.945594 0.051690 0.321217 -12.522642 0.174186 0.753454 -0.634008 185.398132 -0.274794 0.655466 0.703458 -22.339741 0.000000 0.000000 0.000000 1.000000
0.946698 0.054032 0.317558 -12.357882 0.169429 0.754924 -0.633549 185.684296 -0.273964 0.653583 0.705530 -22.776894 0.000000 0.000000 0.000000 1.000000
0.947460 0.055339 0.315051 -12.207760 0.165842 0.757225 -0.631749 185.917145 -0.273525 0.650805 0.708263 -23.203888 0.000000 0.000000 0.000000 1.000000
0.947936 0.055631 0.313564 -12.075823 0.163341 0.760310 -0.628688 186.102249 -0.273381 0.647174 0.711638 -23.624933 0.000000 0.000000 0.000000 1.000000
0.948220 0.055217 0.312778 -11.959246 0.161545 0.764035 -0.624623 186.258911 -0.273463 0.642808 0.715553 -24.042713 0.000000 0.000000 0.000000 1.000000
0.948293 0.054426 0.312694 -11.860315 0.160302 0.768176 -0.619846 186.396530 -0.273940 0.637921 0.719732 -24.441467 0.000000 0.000000 0.000000 1.000000
0.948063 0.053456 0.313558 -11.784460 0.159703 0.772523 -0.614576 186.512695 -0.275083 0.632733 0.723864 -24.794182 0.000000 0.000000 0.000000 1.000000
0.947485 0.052333 0.315489 -11.734285 0.159802 0.777049 -0.608817 186.605988 -0.277012 0.627261 0.727880 -25.090969 0.000000 0.000000 0.000000 1.000000
0.946618 0.050983 0.318301 -11.705279 0.160432 0.781934 -0.602363 186.688644 -0.279601 0.621273 0.732013 -25.357552 0.000000 0.000000 0.000000 1.000000
0.945594 0.049379 0.321581 -11.686279 0.161270 0.787305 -0.595099 186.783783 -0.282568 0.614583 0.736508 -25.632706 0.000000 0.000000 0.000000 1.000000
0.944552 0.047686 0.324881 -11.666042 0.161944 0.793050 -0.587235 186.904160 -0.285650 0.607287 0.741355 -25.926281 0.000000 0.000000 0.000000 1.000000
0.943613 0.046142 0.327818 -11.640736 0.162084 0.799039 -0.579022 187.047134 -0.288656 0.599507 0.746505 -26.210196 0.000000 0.000000 0.000000 1.000000
0.942881 0.044717 0.330115 -11.618136 0.161457 0.805439 -0.570262 187.219162 -0.291388 0.590989 0.752213 -26.449734 0.000000 0.000000 0.000000 1.000000
0.942406 0.043047 0.331691 -11.612300 0.160135 0.812571 -0.560433 187.444122 -0.293647 0.581270 0.758878 -26.632683 0.000000 0.000000 0.000000 1.000000
0.942144 0.040828 0.332712 -11.631173 0.158481 0.820365 -0.549441 187.738632 -0.295378 0.570381 0.766431 -26.769226 0.000000 0.000000 0.000000 1.000000
0.941976 0.038175 0.333502 -11.667346 0.156911 0.828214 -0.537996 188.083206 -0.296749 0.559110 0.774168 -26.876562 0.000000 0.000000 0.000000 1.000000
0.941747 0.035532 0.334440 -11.701516 0.155666 0.835426 -0.527097 188.430603 -0.298128 0.548453 0.781229 -26.967922 0.000000 0.000000 0.000000 1.000000
0.941312 0.033365 0.335885 -11.719683 0.154735 0.841728 -0.517254 188.735794 -0.299982 0.538870 0.787165 -27.049057 0.000000 0.000000 0.000000 1.000000
0.940640 0.031917 0.337903 -11.729082 0.153726 0.847534 -0.507991 188.990356 -0.302598 0.529781 0.792318 -27.118694 0.000000 0.000000 0.000000 1.000000
0.939895 0.031129 0.340043 -11.754942 0.151917 0.853731 -0.498061 189.230133 -0.305809 0.519783 0.797688 -27.170712 0.000000 0.000000 0.000000 1.000000
0.939326 0.030738 0.341645 -11.816780 0.148763 0.860938 -0.486472 189.498978 -0.309088 0.507780 0.804129 -27.199085 0.000000 0.000000 0.000000 1.000000
0.939069 0.030367 0.342384 -11.907726 0.144490 0.868934 -0.473366 189.804871 -0.311884 0.493995 0.811602 -27.202168 0.000000 0.000000 0.000000 1.000000
0.939089 0.029581 0.342398 -11.998523 0.139992 0.876961 -0.459718 190.120682 -0.313869 0.479650 0.819404 -27.184492 0.000000 0.000000 0.000000 1.000000
0.939301 0.028124 0.341940 -12.056623 0.136049 0.884398 -0.446465 190.418472 -0.314967 0.465885 0.826890 -27.155092 0.000000 0.000000 0.000000 1.000000
0.939618 0.026136 0.341227 -12.061707 0.132862 0.891013 -0.434101 190.689621 -0.315383 0.453225 0.833739 -27.127129 0.000000 0.000000 0.000000 1.000000
0.939859 0.023947 0.340723 -12.016549 0.130485 0.896706 -0.422957 190.935272 -0.315657 0.441979 0.839652 -27.118338 0.000000 0.000000 0.000000 1.000000
0.939778 0.021804 0.341089 -11.945555 0.129089 0.901401 -0.413294 191.152023 -0.316469 0.432435 0.844303 -27.144850 0.000000 0.000000 0.000000 1.000000
0.939302 0.020018 0.342507 -11.877943 0.128301 0.905373 -0.404771 191.343613 -0.318199 0.424146 0.847850 -27.210239 0.000000 0.000000 0.000000 1.000000
0.938655 0.019173 0.344324 -11.828850 0.126866 0.909237 -0.396476 191.529388 -0.320674 0.415837 0.851028 -27.303350 0.000000 0.000000 0.000000 1.000000
0.938189 0.019837 0.345554 -11.799778 0.123542 0.913403 -0.387855 191.722321 -0.323324 0.406572 0.854494 -27.406384 0.000000 0.000000 0.000000 1.000000
0.938124 0.021876 0.345608 -11.784681 0.118234 0.917801 -0.379029 191.919815 -0.325490 0.396439 0.858424 -27.506269 0.000000 0.000000 0.000000 1.000000
0.938519 0.024160 0.344382 -11.776547 0.112071 0.922202 -0.370114 192.115585 -0.326532 0.385954 0.862796 -27.600174 0.000000 0.000000 0.000000 1.000000
0.939405 0.025297 0.341874 -11.770626 0.106386 0.926521 -0.360889 192.315109 -0.325883 0.375392 0.867687 -27.692459 0.000000 0.000000 0.000000 1.000000
0.940809 0.024812 0.338027 -11.764222 0.101645 0.930758 -0.351222 192.538025 -0.323336 0.364792 0.873144 -27.787273 0.000000 0.000000 0.000000 1.000000
0.942586 0.023338 0.333148 -11.754349 0.097508 0.934857 -0.341372 192.801956 -0.319412 0.354257 0.878907 -27.880072 0.000000 0.000000 0.000000 1.000000
0.944382 0.021696 0.328134 -11.743918 0.093665 0.938745 -0.331639 193.115509 -0.315229 0.343929 0.884502 -27.961958 0.000000 0.000000 0.000000 1.000000
0.945817 0.020136 0.324075 -11.743148 0.090258 0.942435 -0.321976 193.466827 -0.311903 0.333781 0.889554 -28.019997 0.000000 0.000000 0.000000 1.000000
0.946684 0.018504 0.321632 -11.760769 0.087554 0.945997 -0.312129 193.832184 -0.310039 0.323647 0.893940 -28.038050 0.000000 0.000000 0.000000 1.000000
0.947006 0.016723 0.320779 -11.794382 0.085533 0.949461 -0.302007 194.182251 -0.309617 0.313439 0.897715 -28.000511 0.000000 0.000000 0.000000 1.000000
0.947004 0.014956 0.320874 -11.832193 0.083825 0.952797 -0.291806 194.497101 -0.310092 0.303238 0.901049 -27.903975 0.000000 0.000000 0.000000 1.000000
0.946932 0.013290 0.321159 -11.858814 0.082134 0.955971 -0.281733 194.775558 -0.310763 0.293160 0.904148 -27.760277 0.000000 0.000000 0.000000 1.000000
0.946892 0.011484 0.321346 -11.862043 0.080515 0.959059 -0.271521 195.033386 -0.311308 0.282975 0.907200 -27.591452 0.000000 0.000000 0.000000 1.000000
0.946806 0.009275 0.321673 -11.842497 0.079080 0.962227 -0.260509 195.290497 -0.311938 0.272090 0.910309 -27.416098 0.000000 0.000000 0.000000 1.000000
0.946569 0.006899 0.322427 -11.819375 0.077605 0.965521 -0.248488 195.556824 -0.313024 0.260233 0.913397 -27.230495 0.000000 0.000000 0.000000 1.000000
0.946177 0.004935 0.323611 -11.814158 0.075805 0.968692 -0.236412 195.830917 -0.314646 0.248218 0.916180 -27.007494 0.000000 0.000000 0.000000 1.000000
0.945736 0.003591 0.324917 -11.825311 0.073884 0.971371 -0.225788 196.111710 -0.316426 0.237542 0.918394 -26.726177 0.000000 0.000000 0.000000 1.000000
0.945392 0.002464 0.325926 -11.826598 0.072260 0.973502 -0.216960 196.407059 -0.317825 0.228663 0.920163 -26.393671 0.000000 0.000000 0.000000 1.000000
0.945235 0.001137 0.326389 -11.794016 0.070695 0.975542 -0.208134 196.733398 -0.318642 0.219810 0.922036 -26.032148 0.000000 0.000000 0.000000 1.000000
0.945249 -0.000404 0.326349 -11.728445 0.068406 0.978030 -0.196924 197.102631 -0.319100 0.208466 0.924509 -25.654224 0.000000 0.000000 0.000000 1.000000
0.945309 -0.002023 0.326170 -11.650892 0.065250 0.980941 -0.183024 197.502579 -0.319583 0.194297 0.927424 -25.259329 0.000000 0.000000 0.000000 1.000000
0.945218 -0.003655 0.326421 -11.582363 0.061998 0.983748 -0.168513 197.905777 -0.320499 0.179519 0.930082 -24.852766 0.000000 0.000000 0.000000 1.000000
0.944844 -0.005121 0.327480 -11.527185 0.059265 0.986045 -0.155571 198.291092 -0.322113 0.166399 0.931963 -24.451454 0.000000 0.000000 0.000000 1.000000
0.944264 -0.006080 0.329133 -11.474475 0.056830 0.987829 -0.144793 198.647461 -0.324246 0.155428 0.933117 -24.061111 0.000000 0.000000 0.000000 1.000000
0.943732 -0.006363 0.330651 -11.410524 0.054183 0.989280 -0.135610 198.972519 -0.326244 0.145895 0.933959 -23.660231 0.000000 0.000000 0.000000 1.000000
0.943490 -0.006359 0.331339 -11.325859 0.051366 0.990539 -0.127255 199.276703 -0.327395 0.137084 0.934891 -23.221624 0.000000 0.000000 0.000000 1.000000
0.943547 -0.006856 0.331166 -11.219733 0.049014 0.991670 -0.119117 199.582199 -0.327591 0.128624 0.936023 -22.743637 0.000000 0.000000 0.000000 1.000000
0.943636 -0.008261 0.330881 -11.104137 0.047577 0.992692 -0.110900 199.903717 -0.327547 0.120392 0.937133 -22.243677 0.000000 0.000000 0.000000 1.000000
0.943487 -0.010202 0.331252 -10.995296 0.046778 0.993619 -0.102635 200.236755 -0.328091 0.112330 0.937944 -21.729792 0.000000 0.000000 0.000000 1.000000
0.943123 -0.012177 0.332220 -10.903079 0.046068 0.994475 -0.094328 200.566238 -0.329235 0.104268 0.938473 -21.193474 0.000000 0.000000 0.000000 1.000000
0.942845 -0.014078 0.332933 -10.827006 0.045229 0.995268 -0.086002 200.883789 -0.330147 0.096145 0.939020 -20.624046 0.000000 0.000000 0.000000 1.000000
0.942942 -0.015821 0.332582 -10.756503 0.044231 0.995970 -0.078026 201.195084 -0.330007 0.088285 0.939841 -20.022612 0.000000 0.000000 0.000000 1.000000
0.943477 -0.017064 0.330998 -10.679199 0.042887 0.996563 -0.070870 201.513123 -0.328651 0.081060 0.940966 -19.400225 0.000000 0.000000 0.000000 1.000000
0.944294 -0.017627 0.328629 -10.588861 0.041094 0.997065 -0.064602 201.846344 -0.326526 0.074508 0.942247 -18.764614 0.000000 0.000000 0.000000 1.000000
0.945135 -0.017828 0.326194 -10.482832 0.039163 0.997492 -0.058957 202.193573 -0.324325 0.068497 0.943462 -18.116310 0.000000 0.000000 0.000000 1.000000
0.945809 -0.018075 0.324219 -10.361307 0.037487 0.997852 -0.053727 202.552887 -0.322551 0.062969 0.944455 -17.456844 0.000000 0.000000 0.000000 1.000000
0.946339 -0.018472 0.322648 -10.233301 0.036162 0.998148 -0.048919 202.923355 -0.321147 0.057961 0.945254 -16.791071 0.000000 0.000000 0.000000 1.000000
0.946894 -0.018902 0.320989 -10.116087 0.035047 0.998390 -0.044595 203.296661 -0.319630 0.053477 0.946032 -16.121758 0.000000 0.000000 0.000000 1.000000
0.947620 -0.019120 0.318827 -10.022241 0.033823 0.998601 -0.040645 203.655731 -0.317604 0.049300 0.946941 -15.453194 0.000000 0.000000 0.000000 1.000000
0.948551 -0.018937 0.316058 -9.945621 0.032200 0.998804 -0.036793 203.980728 -0.314983 0.045077 0.948026 -14.798434 0.000000 0.000000 0.000000 1.000000
0.949668 -0.018548 0.312708 -9.863294 0.030306 0.999003 -0.032780 204.259552 -0.311788 0.040608 0.949283 -14.176766 0.000000 0.000000 0.000000 1.000000
0.950931 -0.018411 0.308854 -9.749512 0.028626 0.999182 -0.028575 204.496719 -0.308075 0.036014 0.950680 -13.604715 0.000000 0.000000 0.000000 1.000000
0.952230 -0.018863 0.304800 -9.589643 0.027590 0.999323 -0.024350 204.705597 -0.304134 0.031596 0.952105 -13.088800 0.000000 0.000000 0.000000 1.000000
0.953473 -0.019945 0.300818 -9.384732 0.027316 0.999420 -0.020316 204.896225 -0.300239 0.027588 0.953465 -12.623854 0.000000 0.000000 0.000000 1.000000
0.954790 -0.021333 0.296515 -9.140105 0.027498 0.999483 -0.016637 205.071091 -0.296007 0.024038 0.954883 -12.198962 0.000000 0.000000 0.000000 1.000000
0.956476 -0.022504 0.290942 -8.860306 0.027579 0.999530 -0.013354 205.232864 -0.290505 0.020797 0.956647 -11.802648 0.000000 0.000000 0.000000 1.000000
0.958709 -0.023088 0.283451 -8.551176 0.027156 0.999577 -0.010433 205.390823 -0.283090 0.017700 0.958930 -11.422379 0.000000 0.000000 0.000000 1.000000
0.961397 -0.023016 0.274202 -8.223278 0.026179 0.999626 -0.007881 205.555130 -0.273918 0.014755 0.961640 -11.041213 0.000000 0.000000 0.000000 1.000000
0.964266 -0.022431 0.263985 -7.892776 0.024800 0.999677 -0.005643 205.730453 -0.263773 0.011989 0.964510 -10.642421 0.000000 0.000000 0.000000 1.000000
0.967044 -0.021680 0.253683 -7.581513 0.023332 0.999722 -0.003503 205.913040 -0.253537 0.009306 0.967281 -10.219933 0.000000 0.000000 0.000000 1.000000
0.969618 -0.021175 0.243707 -7.309959 0.022162 0.999754 -0.001311 206.095810 -0.243619 0.006672 0.969848 -9.781145 0.000000 0.000000 0.000000 1.000000
0.972022 -0.021083 0.233941 -7.086694 0.021471 0.999769 0.000886 206.275543 -0.233906 0.004162 0.972250 -9.344489 0.000000 0.000000 0.000000 1.000000
0.974293 -0.021309 0.224273 -6.901758 0.021170 0.999771 0.003025 206.449158 -0.224286 0.001801 0.974522 -8.934381 0.000000 0.000000 0.000000 1.000000
0.976349 -0.021786 0.215100 -6.735267 0.021176 0.999763 0.005139 206.608704 -0.215161 -0.000463 0.976579 -8.569268 0.000000 0.000000 0.000000 1.000000
0.978022 -0.022518 0.207281 -6.572868 0.021467 0.999743 0.007322 206.741821 -0.207393 -0.002711 0.978254 -8.249807 0.000000 0.000000 0.000000 1.000000
0.979237 -0.023351 0.201369 -6.409424 0.021877 0.999715 0.009543 206.842941 -0.201535 -0.004940 0.979469 -7.965504 0.000000 0.000000 0.000000 1.000000
0.980141 -0.023916 0.196853 -6.244491 0.022085 0.999690 0.011488 206.919678 -0.197067 -0.006912 0.980366 -7.714335 0.000000 0.000000 0.000000 1.000000
0.981029 -0.023795 0.192394 -6.078983 0.021758 0.999683 0.012694 206.987747 -0.192635 -0.008267 0.981236 -7.506864 0.000000 0.000000 0.000000 1.000000
0.982133 -0.022889 0.186789 -5.908692 0.020831 0.999699 0.012975 207.060150 -0.187030 -0.008852 0.982314 -7.350400 0.000000 0.000000 0.000000 1.000000
0.983479 -0.021753 0.179713 -5.719743 0.019785 0.999723 0.012739 207.141510 -0.179940 -0.008973 0.983637 -7.238765 0.000000 0.000000 0.000000 1.000000
0.984925 -0.021303 0.171665 -5.498917 0.019408 0.999731 0.012709 207.229782 -0.171890 -0.009185 0.985073 -7.158465 0.000000 0.000000 0.000000 1.000000
0.986319 -0.021865 0.163392 -5.246625 0.019964 0.999713 0.013268 207.316086 -0.163635 -0.009824 0.986472 -7.098837 0.000000 0.000000 0.000000 1.000000
0.987590 -0.022761 0.155394 -4.977640 0.020803 0.999683 0.014214 207.391098 -0.155668 -0.010805 0.987750 -7.055392 0.000000 0.000000 0.000000 1.000000
0.988741 -0.023100 0.147841 -4.710886 0.021094 0.999663 0.015122 207.446548 -0.148141 -0.011834 0.988895 -7.025874 0.000000 0.000000 0.000000 1.000000
0.989781 -0.022817 0.140756 -4.460015 0.020786 0.999658 0.015885 207.480255 -0.141070 -0.012797 0.989917 -7.009021 0.000000 0.000000 0.000000 1.000000
0.990703 -0.022628 0.134144 -4.232387 0.020565 0.999648 0.016746 207.498734 -0.134476 -0.013832 0.990820 -7.003871 0.000000 0.000000 0.000000 1.000000
0.991498 -0.023128 0.128047 -4.032683 0.021008 0.999619 0.017885 207.510162 -0.128412 -0.015043 0.991607 -7.007209 0.000000 0.000000 0.000000 1.000000
0.992157 -0.024254 0.122622 -3.864262 0.022064 0.999572 0.019184 207.518692 -0.123035 -0.016328 0.992268 -7.015715 0.000000 0.000000 0.000000 1.000000
0.992662 -0.025456 0.118211 -3.728117 0.023200 0.999522 0.020418 207.525284 -0.118674 -0.017526 0.992779 -7.029182 0.000000 0.000000 0.000000 1.000000
0.993000 -0.026217 0.115165 -3.621487 0.023891 0.999483 0.021530 207.532135 -0.115670 -0.018628 0.993113 -7.048604 0.000000 0.000000 0.000000 1.000000
0.993190 -0.026453 0.113465 -3.537671 0.024035 0.999455 0.022620 207.542648 -0.114002 -0.019738 0.993284 -7.072769 0.000000 0.000000 0.000000 1.000000
0.993304 -0.026484 0.112456 -3.468722 0.023967 0.999433 0.023669 207.559998 -0.113020 -0.020816 0.993375 -7.098772 0.000000 0.000000 0.000000 1.000000
0.993449 -0.026630 0.111131 -3.409217 0.024057 0.999412 0.024435 207.585449 -0.111717 -0.021601 0.993505 -7.123605 0.000000 0.000000 0.000000 1.000000
0.993698 -0.026875 0.108817 -3.353613 0.024319 0.999398 0.024752 207.618103 -0.109417 -0.021949 0.993754 -7.144014 0.000000 0.000000 0.000000 1.000000
0.994051 -0.026885 0.105546 -3.290395 0.024384 0.999392 0.024917 207.655731 -0.106152 -0.022195 0.994102 -7.158157 0.000000 0.000000 0.000000 1.000000
0.994476 -0.026318 0.101607 -3.207803 0.023846 0.999391 0.025466 207.697189 -0.102216 -0.022902 0.994499 -7.166866 0.000000 0.000000 0.000000 1.000000
0.994982 -0.025179 0.096836 -3.105903 0.022716 0.999392 0.026448 207.740326 -0.097443 -0.024115 0.994949 -7.172834 0.000000 0.000000 0.000000 1.000000
0.995592 -0.023888 0.090698 -3.000676 0.021502 0.999399 0.027194 207.781647 -0.091293 -0.025124 0.995507 -7.179678 0.000000 0.000000 0.000000 1.000000
0.996277 -0.022948 0.083101 -2.911868 0.020774 0.999421 0.026932 207.818817 -0.083671 -0.025106 0.996177 -7.191048 0.000000 0.000000 0.000000 1.000000
0.996942 -0.022519 0.074828 -2.846106 0.020650 0.999458 0.025652 207.852386 -0.075365 -0.024028 0.996866 -7.206567 0.000000 0.000000 0.000000 1.000000
0.997502 -0.022279 0.067032 -2.794869 0.020694 0.999492 0.024245 207.884766 -0.067538 -0.022797 0.997456 -7.218554 0.000000 0.000000 0.000000 1.000000
0.997938 -0.021832 0.060361 -2.746945 0.020436 0.999511 0.023655 207.916199 -0.060848 -0.022373 0.997896 -7.218336 0.000000 0.000000 0.000000 1.000000
0.998283 -0.021237 0.054595 -2.700626 0.019951 0.999513 0.023990 207.939468 -0.055078 -0.022859 0.998220 -7.209210 0.000000 0.000000 0.000000 1.000000
0.998576 -0.020959 0.049061 -2.661922 0.019770 0.999502 0.024597 207.945786 -0.049552 -0.023592 0.998493 -7.210818 0.000000 0.000000 0.000000 1.000000
0.998837 -0.021326 0.043235 -2.632483 0.020263 0.999485 0.024871 207.931473 -0.043743 -0.023966 0.998755 -7.244362 0.000000 0.000000 0.000000 1.000000
0.999071 -0.022082 0.037010 -2.605736 0.021174 0.999469 0.024761 207.901123 -0.037537 -0.023954 0.999008 -7.312907 0.000000 0.000000 0.000000 1.000000
0.999274 -0.022583 0.030668 -2.574791 0.021836 0.999462 0.024487 207.864548 -0.031204 -0.023800 0.999230 -7.400362 0.000000 0.000000 0.000000 1.000000
0.999442 -0.022453 0.024739 -2.539079 0.021857 0.999471 0.024100 207.829437 -0.025267 -0.023546 0.999403 -7.486078 0.000000 0.000000 0.000000 1.000000
0.999563 -0.022020 0.019742 -2.501607 0.021554 0.999491 0.023506 207.798523 -0.020249 -0.023070 0.999529 -7.554626 0.000000 0.000000 0.000000 1.000000
0.999633 -0.021959 0.015876 -2.466944 0.021595 0.999508 0.022743 207.772095 -0.016368 -0.022392 0.999615 -7.596839 0.000000 0.000000 0.000000 1.000000
0.999664 -0.022490 0.012886 -2.445936 0.022202 0.999511 0.022037 207.753021 -0.013375 -0.021743 0.999674 -7.609364 0.000000 0.000000 0.000000 1.000000
0.999678 -0.023205 0.010265 -2.455629 0.022980 0.999503 0.021570 207.744339 -0.010760 -0.021327 0.999715 -7.594685 0.000000 0.000000 0.000000 1.000000
0.999690 -0.023708 0.007661 -2.508348 0.023540 0.999495 0.021358 207.744629 -0.008163 -0.021171 0.999743 -7.556684 0.000000 0.000000 0.000000 1.000000
0.999696 -0.024118 0.005133 -2.602564 0.024004 0.999484 0.021345 207.751358 -0.005645 -0.021215 0.999759 -7.494813 0.000000 0.000000 0.000000 1.000000
0.999690 -0.024713 0.003070 -2.727892 0.024642 0.999465 0.021500 207.763519 -0.003599 -0.021418 0.999764 -7.407159 0.000000 0.000000 0.000000 1.000000
0.999679 -0.025286 0.001809 -2.874568 0.025240 0.999444 0.021775 207.782135 -0.002358 -0.021723 0.999761 -7.298583 0.000000 0.000000 0.000000 1.000000
0.999680 -0.025286 0.001182 -3.032827 0.025253 0.999438 0.022040 207.806076 -0.001738 -0.022003 0.999756 -7.182847 0.000000 0.000000 0.000000 1.000000
0.999697 -0.024620 0.000359 -3.189987 0.024606 0.999454 0.022057 207.830307 -0.000902 -0.022042 0.999757 -7.076202 0.000000 0.000000 0.000000 1.000000
0.999713 -0.023891 -0.001608 -3.335066 0.023920 0.999481 0.021592 207.850037 0.001092 -0.021625 0.999766 -6.986106 0.000000 0.000000 0.000000 1.000000
0.999706 -0.023725 -0.004932 -3.466752 0.023822 0.999503 0.020627 207.868515 0.004440 -0.020738 0.999775 -6.901916 0.000000 0.000000 0.000000 1.000000
0.999672 -0.024065 -0.008766 -3.596097 0.024232 0.999517 0.019462 207.898163 0.008293 -0.019668 0.999772 -6.797442 0.000000 0.000000 0.000000 1.000000
0.999636 -0.024291 -0.011732 -3.738766 0.024507 0.999525 0.018678 207.948151 0.011273 -0.018958 0.999757 -6.649263 0.000000 0.000000 0.000000 1.000000
0.999632 -0.023913 -0.012831 -3.905544 0.024153 0.999530 0.018874 208.010941 0.012374 -0.019176 0.999740 -6.452985 0.000000 0.000000 0.000000 1.000000
0.999662 -0.022996 -0.012101 -4.101606 0.023237 0.999528 0.020116 208.064667 0.011632 -0.020390 0.999724 -6.217485 0.000000 0.000000 0.000000 1.000000
0.999705 -0.021885 -0.010535 -4.330143 0.022109 0.999521 0.021650 208.092667 0.010056 -0.021877 0.999710 -5.947727 0.000000 0.000000 0.000000 1.000000
0.999741 -0.020724 -0.009370 -4.586736 0.020930 0.999528 0.022483 208.101425 0.008900 -0.022673 0.999703 -5.642996 0.000000 0.000000 0.000000 1.000000
0.999769 -0.019402 -0.009289 -4.853289 0.019606 0.999557 0.022382 208.115829 0.008850 -0.022559 0.999706 -5.307998 0.000000 0.000000 0.000000 1.000000
0.999788 -0.017891 -0.010192 -5.111655 0.018112 0.999592 0.022087 208.156036 0.009793 -0.022267 0.999704 -4.953235 0.000000 0.000000 0.000000 1.000000
0.999797 -0.016463 -0.011574 -5.361151 0.016720 0.999608 0.022440 208.219971 0.011200 -0.022629 0.999681 -4.585313 0.000000 0.000000 0.000000 1.000000
0.999796 -0.015523 -0.012889 -5.612584 0.015824 0.999597 0.023554 208.289795 0.012518 -0.023754 0.999639 -4.206297 0.000000 0.000000 0.000000 1.000000
0.999792 -0.015201 -0.013562 -5.867764 0.015535 0.999570 0.024862 208.351440 0.013179 -0.025067 0.999599 -3.822071 0.000000 0.000000 0.000000 1.000000
0.999800 -0.015183 -0.013040 -6.118307 0.015515 0.999549 0.025699 208.405823 0.012644 -0.025896 0.999585 -3.443485 0.000000 0.000000 0.000000 1.000000
0.999824 -0.015112 -0.011151 -6.358866 0.015397 0.999547 0.025851 208.463501 0.010755 -0.026018 0.999604 -3.074675 0.000000 0.000000 0.000000 1.000000
0.999851 -0.015094 -0.008334 -6.589010 0.015304 0.999551 0.025760 208.532257 0.007942 -0.025884 0.999633 -2.704417 0.000000 0.000000 0.000000 1.000000
0.999865 -0.015557 -0.005364 -6.806185 0.015692 0.999537 0.026063 208.609863 0.004956 -0.026143 0.999646 -2.316151 0.000000 0.000000 0.000000 1.000000
0.999859 -0.016550 -0.002870 -7.003593 0.016621 0.999503 0.026782 208.687134 0.002425 -0.026826 0.999637 -1.908991 0.000000 0.000000 0.000000 1.000000
0.999848 -0.017423 -0.000998 -7.172050 0.017444 0.999477 0.027245 208.754410 0.000523 -0.027258 0.999628 -1.505436 0.000000 0.000000 0.000000 1.000000
0.999849 -0.017336 0.000679 -7.305326 0.017312 0.999492 0.026746 208.807709 -0.001142 -0.026730 0.999642 -1.135222 0.000000 0.000000 0.000000 1.000000
0.999866 -0.016133 0.002950 -7.414295 0.016053 0.999553 0.025231 208.848724 -0.003356 -0.025181 0.999677 -0.814560 0.000000 0.000000 0.000000 1.000000
0.999873 -0.014592 0.006437 -7.529007 0.014438 0.999622 0.023408 208.880081 -0.006776 -0.023313 0.999705 -0.540497 0.000000 0.000000 0.000000 1.000000
0.999846 -0.013649 0.011018 -7.676293 0.013402 0.999665 0.022150 208.906555 -0.011317 -0.021999 0.999694 -0.296860 0.000000 0.000000 0.000000 1.000000
0.999783 -0.013460 0.015889 -7.857266 0.013113 0.999678 0.021721 208.932266 -0.016176 -0.021508 0.999638 -0.061877 0.000000 0.000000 0.000000 1.000000
0.999706 -0.013514 0.020130 -8.046990 0.013079 0.999682 0.021561 208.958786 -0.020415 -0.021291 0.999565 0.183422 0.000000 0.000000 0.000000 1.000000
0.999640 -0.013494 0.023180 -8.213713 0.013009 0.999695 0.020971 208.982269 -0.023456 -0.020662 0.999511 0.444693 0.000000 0.000000 0.000000 1.000000
0.999593 -0.013528 0.025104 -8.342714 0.013028 0.999716 0.019963 208.999130 -0.025367 -0.019628 0.999485 0.710829 0.000000 0.000000 0.000000 1.000000
0.999554 -0.013665 0.026567 -8.439260 0.013155 0.999727 0.019312 209.012238 -0.026823 -0.018954 0.999460 0.965098 0.000000 0.000000 0.000000 1.000000
0.999506 -0.013657 0.028298 -8.512222 0.013100 0.999718 0.019784 209.027832 -0.028560 -0.019403 0.999404 1.197892 0.000000 0.000000 0.000000 1.000000
0.999446 -0.013299 0.030504 -8.566319 0.012650 0.999691 0.021393 209.045212 -0.030780 -0.020995 0.999306 1.408044 0.000000 0.000000 0.000000 1.000000
0.999378 -0.012709 0.032908 -8.606513 0.011941 0.999655 0.023413 209.060150 -0.033194 -0.023005 0.999184 1.596996 0.000000 0.000000 0.000000 1.000000
