<?xml version="1.0" encoding="utf-8"?>
<COLLADA xmlns="http://www.collada.org/2005/11/COLLADASchema" version="1.4.1">
  <asset><contributor><author>Mixamo</author><authoring_tool>COLLADA Mixamo exporter</authoring_tool><comments></comments></contributor><created>2018-02-10T16:11:31Z</created><modified>2018-02-10T16:11:31Z</modified><revision></revision><title></title><unit meter="0.010000"/><up_axis>Y_UP</up_axis></asset>
  <library_animations>
    <animation id="mixamorig_Hips-anim" name="mixamorig_Hips"><source id="mixamorig_Hips-Matrix-animation-input"><float_array id="mixamorig_Hips-Matrix-animation-input-array" count="61">

0.000000 0.033333 0.066667 0.100000 0.133333 0.166667 0.200000 0.233333 0.266667 0.300000 0.333333 0.366667 0.400000 0.433333 0.466667 0.500000
0.533333 0.566667 0.600000 0.633333 0.666667 0.700000 0.733333 0.766667 0.800000 0.833333 0.866667 0.900000 0.933333 0.966667 1.000000 1.033333
1.066667 1.100000 1.133333 1.166667 1.200000 1.233333 1.266667 1.300000 1.333333 1.366667 1.400000 1.433333 1.466667 1.500000 1.533333 1.566667
1.600000 1.633333 1.666667 1.700000 1.733333 1.766667 1.800000 1.833333 1.866667 1.900000 1.933333 1.966667 2.000000</float_array><technique_common><accessor source="#mixamorig_Hips-Matrix-animation-input-array" count="61"><param name="TIME" type="float"/></accessor></technique_common></source><source id="mixamorig_Hips-Matrix-animation-output-transform"><float_array id="mixamorig_Hips-Matrix-animation-output-transform-array" count="976">

0.977419 -0.040745 0.207344 -0.535281 0.129065 0.892049 -0.433118 200.102432 -0.167313 0.450099 0.877164 3.627502 0.000000 0.000000 0.000000 1.000000
0.973920 -0.047392 0.221888 -0.400828 0.140896 0.892860 -0.427725 204.028748 -0.177844 0.447833 0.876252 9.991117 0.000000 0.000000 0.000000 1.000000
0.967347 -0.050068 0.248461 0.176825 0.152839 0.897238 -0.414252 207.096893 -0.202188 0.438700 0.875592 17.218420 0.000000 0.000000 0.000000 1.000000
0.960315 -0.047724 0.274803 0.840865 0.157613 0.905716 -0.393494 208.542221 -0.230114 0.421190 0.877295 24.327864 0.000000 0.000000 0.000000 1.000000
0.953082 -0.042961 0.299648 1.564343 0.157406 0.915863 -0.369348 207.992432 -0.258569 0.399185 0.879655 31.376188 0.000000 0.000000 0.000000 1.000000
0.945530 -0.037071 0.323417 2.318352 0.153982 0.926256 -0.344006 205.605148 -0.286814 0.375068 0.881511 38.386909 0.000000 0.000000 0.000000 1.000000
0.937919 -0.029713 0.345579 3.107990 0.146839 0.936653 -0.317993 202.133255 -0.314239 0.348996 0.882868 45.353569 0.000000 0.000000 0.000000 1.000000
0.930474 -0.020684 0.365774 3.931231 0.135737 0.946813 -0.291754 199.019882 -0.340285 0.321118 0.883792 52.283150 0.000000 0.000000 0.000000 1.000000
0.923904 -0.008760 0.382525 4.794113 0.119290 0.956504 -0.266213 197.876328 -0.363554 0.291586 0.884763 59.188206 0.000000 0.000000 0.000000 1.000000
0.917192 0.007592 0.398372 5.731598 0.096115 0.966077 -0.239701 199.461472 -0.386678 0.258142 0.885349 66.079514 0.000000 0.000000 0.000000 1.000000
0.909997 0.024094 0.413914 6.650450 0.071345 0.974320 -0.213568 202.539307 -0.408430 0.223877 0.884909 72.969711 0.000000 0.000000 0.000000 1.000000
0.903455 0.036122 0.427158 7.466117 0.051014 0.980304 -0.190794 205.826462 -0.425636 0.194165 0.883818 79.865723 0.000000 0.000000 0.000000 1.000000
0.899272 0.046413 0.434920 8.258229 0.033476 0.984134 -0.174239 208.642532 -0.436107 0.171248 0.883451 86.906670 0.000000 0.000000 0.000000 1.000000
0.898743 0.053751 0.435169 9.037934 0.021478 0.985870 -0.166131 210.501602 -0.437950 0.158656 0.884889 94.170235 0.000000 0.000000 0.000000 1.000000
0.901887 0.060721 0.427683 9.840578 0.011783 0.986244 -0.164873 211.267639 -0.431812 0.153736 0.888765 101.652550 0.000000 0.000000 0.000000 1.000000
0.907501 0.068097 0.414494 10.660241 0.003105 0.985657 -0.168731 211.061279 -0.420039 0.154411 0.894273 109.262840 0.000000 0.000000 0.000000 1.000000
0.914310 0.074754 0.398057 11.472281 -0.003708 0.984323 -0.176336 209.759598 -0.404998 0.159750 0.900253 116.945145 0.000000 0.000000 0.000000 1.000000
0.921030 0.082449 0.380665 12.516347 -0.010931 0.982425 -0.186339 207.532379 -0.389338 0.167463 0.905744 124.373222 0.000000 0.000000 0.000000 1.000000
0.926812 0.089969 0.364590 13.802703 -0.017471 0.980155 -0.197459 204.802872 -0.375120 0.176638 0.909991 131.980865 0.000000 0.000000 0.000000 1.000000
0.930880 0.095389 0.352652 15.204861 -0.020056 0.977198 -0.211381 201.780884 -0.364774 0.189698 0.911567 140.219055 0.000000 0.000000 0.000000 1.000000
0.933179 0.096608 0.346184 16.127262 -0.015898 0.973350 -0.228773 198.494385 -0.359060 0.207982 0.909846 149.786438 0.000000 0.000000 0.000000 1.000000
0.934571 0.096640 0.342401 16.299198 -0.009604 0.968903 -0.247253 195.256088 -0.355648 0.227788 0.906437 160.194702 0.000000 0.000000 0.000000 1.000000
0.935426 0.099928 0.339104 15.843842 -0.007989 0.964949 -0.262317 192.132935 -0.353431 0.242669 0.903437 170.846924 0.000000 0.000000 0.000000 1.000000
0.934971 0.099134 0.340590 14.426419 -0.000438 0.960477 -0.278359 188.898132 -0.354724 0.260109 0.898062 181.192673 0.000000 0.000000 0.000000 1.000000
0.933481 0.097438 0.345136 12.570113 0.009237 0.955531 -0.294747 186.219070 -0.358507 0.278329 0.891070 190.616684 0.000000 0.000000 0.000000 1.000000
0.931579 0.097499 0.350220 10.879869 0.017429 0.950278 -0.310914 184.617996 -0.363120 0.295745 0.883560 198.772583 0.000000 0.000000 0.000000 1.000000
0.928661 0.098619 0.357579 10.457776 0.025277 0.944943 -0.326258 184.619766 -0.370067 0.312021 0.875039 206.290558 0.000000 0.000000 0.000000 1.000000
0.924423 0.100663 0.367843 10.800854 0.033032 0.939777 -0.340189 186.632385 -0.379935 0.326630 0.865426 212.665894 0.000000 0.000000 0.000000 1.000000
0.919590 0.105168 0.378543 11.468805 0.038070 0.935120 -0.352281 191.122147 -0.391032 0.338365 0.855923 217.772278 0.000000 0.000000 0.000000 1.000000
0.913002 0.111225 0.392499 12.168344 0.042161 0.931239 -0.361962 197.007935 -0.405770 0.347021 0.845534 223.144531 0.000000 0.000000 0.000000 1.000000
0.902411 0.118545 0.414248 13.913167 0.047230 0.928401 -0.368567 201.787613 -0.428280 0.352163 0.832200 227.877319 0.000000 0.000000 0.000000 1.000000
0.888827 0.126668 0.440389 14.943100 0.050411 0.928175 -0.368714 205.618713 -0.455462 0.349923 0.818601 234.316360 0.000000 0.000000 0.000000 1.000000
0.872451 0.136690 0.469196 16.000023 0.050296 0.929875 -0.364422 207.595932 -0.486107 0.341539 0.804395 240.073242 0.000000 0.000000 0.000000 1.000000
0.853789 0.147645 0.499244 16.645321 0.047464 0.932876 -0.357058 207.625763 -0.518450 0.328548 0.789472 245.746307 0.000000 0.000000 0.000000 1.000000
0.833905 0.159445 0.528374 17.137596 0.041793 0.936368 -0.348522 205.153564 -0.550323 0.312717 0.774179 251.264572 0.000000 0.000000 0.000000 1.000000
0.813579 0.170553 0.555878 17.677570 0.034804 0.940015 -0.339352 200.934296 -0.580412 0.295436 0.758841 256.873047 0.000000 0.000000 0.000000 1.000000
0.794413 0.181862 0.579512 18.776300 0.023906 0.944020 -0.329022 197.200134 -0.606907 0.275233 0.745594 262.610443 0.000000 0.000000 0.000000 1.000000
0.775716 0.191126 0.601444 20.620264 0.012576 0.948166 -0.317527 196.503159 -0.630957 0.253874 0.733104 269.557892 0.000000 0.000000 0.000000 1.000000
0.755304 0.198162 0.624698 23.945690 0.002817 0.952202 -0.305456 197.972366 -0.655369 0.232472 0.718644 279.118286 0.000000 0.000000 0.000000 1.000000
0.732250 0.204960 0.649462 28.564800 -0.005967 0.955533 -0.294824 200.334488 -0.681010 0.212010 0.700912 289.411835 0.000000 0.000000 0.000000 1.000000
0.709458 0.211107 0.672386 32.918552 -0.015086 0.958411 -0.284993 202.736206 -0.704586 0.192047 0.683137 298.521942 0.000000 0.000000 0.000000 1.000000
0.690900 0.215923 0.689953 37.157722 -0.024904 0.960899 -0.275778 204.756638 -0.722521 0.173352 0.669262 306.599396 0.000000 0.000000 0.000000 1.000000
0.678753 0.218487 0.701112 40.886806 -0.033564 0.962948 -0.267589 205.945969 -0.733599 0.158095 0.660937 313.348663 0.000000 0.000000 0.000000 1.000000
0.679953 0.217213 0.700344 43.965103 -0.038904 0.964458 -0.261358 206.209167 -0.732223 0.150465 0.664236 319.738495 0.000000 0.000000 0.000000 1.000000
0.695582 0.209611 0.687189 47.364780 -0.035958 0.965451 -0.258091 205.947769 -0.717546 0.154813 0.679088 325.216858 0.000000 0.000000 0.000000 1.000000
0.715410 0.198816 0.669821 50.066238 -0.027616 0.965958 -0.257219 204.956451 -0.698159 0.165519 0.696547 333.095245 0.000000 0.000000 0.000000 1.000000
0.736678 0.186646 0.649976 53.221512 -0.016768 0.965903 -0.258363 202.186920 -0.676036 0.179431 0.714689 341.497040 0.000000 0.000000 0.000000 1.000000
0.758931 0.173725 0.627570 56.439648 -0.004601 0.965162 -0.261614 198.493622 -0.651155 0.195659 0.733290 349.993225 0.000000 0.000000 0.000000 1.000000
0.782178 0.160378 0.602060 59.630226 0.007785 0.963712 -0.266829 194.546188 -0.623006 0.213395 0.752546 358.333282 0.000000 0.000000 0.000000 1.000000
0.806205 0.147462 0.572964 62.752735 0.019951 0.961114 -0.275432 191.062698 -0.591300 0.233485 0.771913 366.307281 0.000000 0.000000 0.000000 1.000000
0.830933 0.134492 0.539873 65.754662 0.031897 0.957232 -0.287558 188.630966 -0.555458 0.256162 0.791105 373.735504 0.000000 0.000000 0.000000 1.000000
0.855275 0.119698 0.504160 68.532867 0.044484 0.952402 -0.301583 187.564117 -0.516262 0.280364 0.809240 380.696625 0.000000 0.000000 0.000000 1.000000
0.878223 0.101795 0.467293 71.089523 0.058980 0.946574 -0.317048 187.250061 -0.474601 0.305999 0.825299 387.620056 0.000000 0.000000 0.000000 1.000000
0.899139 0.082060 0.429901 73.547737 0.073672 0.939871 -0.333489 186.770996 -0.431417 0.331524 0.839030 394.475433 0.000000 0.000000 0.000000 1.000000
0.918127 0.064997 0.390919 76.040131 0.083251 0.932809 -0.350622 186.110657 -0.387442 0.354460 0.851027 400.853607 0.000000 0.000000 0.000000 1.000000
0.934853 0.046869 0.351929 78.595612 0.092130 0.925268 -0.367956 186.744522 -0.342874 0.376408 0.860671 407.237976 0.000000 0.000000 0.000000 1.000000
0.949030 0.027981 0.313942 81.053787 0.100309 0.917450 -0.384999 189.207047 -0.298799 0.396867 0.867880 413.583435 0.000000 0.000000 0.000000 1.000000
0.960441 0.008509 0.278354 83.426598 0.108219 0.909573 -0.401206 192.601761 -0.256598 0.415458 0.872670 419.900848 0.000000 0.000000 0.000000 1.000000
0.969147 -0.010885 0.246244 85.782051 0.115849 0.901919 -0.416078 195.510681 -0.217563 0.431767 0.875353 426.192291 0.000000 0.000000 0.000000 1.000000
0.975484 -0.029445 0.218090 88.524902 0.122970 0.894791 -0.429217 197.928284 -0.182507 0.445513 0.876476 432.687592 0.000000 0.000000 0.000000 1.000000
0.977419 -0.040744 0.207343 92.051315 0.129064 0.892049 -0.433118 200.102539 -0.167313 0.450098 0.877165 438.930756 0.000000 0.000000 0.000000 1.000000</float_array><technique_common><accessor source="#mixamorig_Hips-Matrix-animation-output-transform-array" count="61" stride="16"><param type="float4x4"/></accessor></technique_common></source><source id="mixamorig_Hips-Interpolations"><Name_array id="mixamorig_Hips-Interpolations-array" count="61">
 LINEAR LINEAR LINEAR LINEAR LINEAR LINEAR LINEAR LINEAR LINEAR LINEAR LINEAR
LINEAR LINEAR LINEAR LINEAR LINEAR LINEAR LINEAR LINEAR LINEAR LINEAR LINEAR LINEAR
LINEAR LINEAR LINEAR LINEAR LINEAR LINEAR LINEAR LINEAR LINEAR LINEAR LINEAR LINEAR
LINEAR LINEAR LINEAR LINEAR LINEAR LINEAR LINEAR LINEAR LINEAR LINEAR LINEAR LINEAR
LINEAR LINEAR LINEAR LINEAR LINEAR LINEAR LINEAR LINEAR LINEAR LINEAR LINEAR LINEAR
LINEAR LINEAR</Name_array><technique_common><accessor source="#mixamorig_Hips-Interpolations-array" count="61"><param type="name"/></accessor></technique_common></source><sampler id="mixamorig_Hips-Matrix-animation-transform"><input semantic="INPUT" source="#mixamorig_Hips-Matrix-animation-input"/><input semantic="OUTPUT" source="#mixamorig_Hips-Matrix-animation-output-transform"/><input semantic="INTERPOLATION" source="#mixamorig_Hips-Interpolations"/></sampler><channel source="#mixamorig_Hips-Matrix-animation-transform" target="mixamorig_Hips/matrix"/></animation>
    <animation id="mixamorig_Spine-anim" name="mixamorig_Spine"><source id="mixamorig_Spine-Matrix-animation-input"><float_array id="mixamorig_Spine-Matrix-animation-input-array" count="61">

0.000000 0.033333 0.066667 0.100000 0.133333 0.166667 0.200000 0.233333 0.266667 0.300000 0.333333 0.366667 0.400000 0.433333 0.466667 0.500000
0.533333 0.566667 0.600000 0.633333 0.666667 0.700000 0.733333 0.766667 0.800000 0.833333 0.866667 0.900000 0.933333 0.966667 1.000000 1.033333
1.066667 1.100000 1.133333 1.166667 1.200000 1.233333 1.266667 1.300000 1.333333 1.366667 1.400000 1.433333 1.466667 1.500000 1.533333 1.566667
1.600000 1.633333 1.666667 1.700000 1.733333 1.766667 1.800000 1.833333 1.866667 1.900000 1.933333 1.966667 2.000000</float_array><technique_common><accessor source="#mixamorig_Spine-Matrix-animation-input-array" count="61"><param name="TIME" type="float"/></accessor></technique_common></source><source id="mixamorig_Spine-Matrix-animation-output-transform"><float_array id="mixamorig_Spine-Matrix-animation-output-transform-array" count="976">

0.999533 -0.008272 -0.029401 -0.057500 0.002380 0.980797 -0.195016 18.534300 0.030450 0.194855 0.980359 -2.042900 0.000000 0.000000 0.000000 1.000000
0.999890 -0.011065 -0.009828 -0.057500 0.009096 0.983320 -0.181654 18.534300 0.011674 0.181545 0.983313 -2.042900 0.000000 0.000000 0.000000 1.000000
0.999668 -0.019027 0.017381 -0.057500 0.021754 0.984638 -0.173248 18.534300 -0.013818 0.173568 0.984725 -2.042900 0.000000 0.000000 0.000000 1.000000
0.998394 -0.030638 0.047659 -0.057500 0.038751 0.982923 -0.179889 18.534300 -0.041334 0.181447 0.982532 -2.042900 0.000000 0.000000 0.000000 1.000000
0.996095 -0.044302 0.076374 -0.057500 0.058173 0.980014 -0.190231 18.534300 -0.066420 0.193931 0.978764 -2.042900 0.000000 0.000000 0.000000 1.000000
0.992912 -0.058087 0.103694 -0.057500 0.077370 0.978163 -0.192902 18.534300 -0.090224 0.199557 0.975724 -2.042900 0.000000 0.000000 0.000000 1.000000
0.988418 -0.070553 0.134358 -0.057500 0.095436 0.977355 -0.188863 18.534300 -0.117990 0.199498 0.972769 -2.042900 0.000000 0.000000 0.000000 1.000000
0.983339 -0.083703 0.161364 -0.057500 0.112177 0.977918 -0.176331 18.534300 -0.143041 0.191495 0.971014 -2.042900 0.000000 0.000000 0.000000 1.000000
0.980887 -0.088120 0.173483 -0.057500 0.116510 0.980063 -0.160938 18.534300 -0.155842 0.178074 0.971598 -2.042900 0.000000 0.000000 0.000000 1.000000
0.982389 -0.081748 0.168013 -0.057500 0.106038 0.984302 -0.141091 18.534300 -0.153841 0.156422 0.975636 -2.042900 0.000000 0.000000 0.000000 1.000000
0.985833 -0.075107 0.149971 -0.057500 0.094039 0.987889 -0.123417 18.534300 -0.138885 0.135772 0.980957 -2.042900 0.000000 0.000000 0.000000 1.000000
0.990209 -0.064486 0.123807 -0.057500 0.077598 0.991526 -0.104190 18.534300 -0.116040 0.112777 0.986821 -2.042900 0.000000 0.000000 0.000000 1.000000
0.993983 -0.053936 0.095330 -0.057500 0.062824 0.993698 -0.092828 18.534300 -0.089723 0.098258 0.991108 -2.042900 0.000000 0.000000 0.000000 1.000000
0.996752 -0.042273 0.068544 -0.057500 0.048377 0.994767 -0.089987 18.534300 -0.064381 0.093010 0.993581 -2.042900 0.000000 0.000000 0.000000 1.000000
0.998636 -0.033817 0.039777 -0.057500 0.037327 0.995143 -0.091088 18.534300 -0.036504 0.092449 0.995048 -2.042900 0.000000 0.000000 0.000000 1.000000
0.999567 -0.026817 0.012147 -0.057500 0.027878 0.994820 -0.097753 18.534300 -0.009462 0.098049 0.995137 -2.042900 0.000000 0.000000 0.000000 1.000000
0.999770 -0.019884 -0.008032 -0.057500 0.018884 0.993785 -0.109701 18.534300 0.010163 0.109524 0.993932 -2.042900 0.000000 0.000000 0.000000 1.000000
0.999525 -0.015823 -0.026433 -0.057500 0.012501 0.992521 -0.121430 18.534300 0.028156 0.121042 0.992248 -2.042900 0.000000 0.000000 0.000000 1.000000
0.998738 -0.013469 -0.048393 -0.057500 0.007023 0.991359 -0.130988 18.534300 0.049739 0.130483 0.990202 -2.042900 0.000000 0.000000 0.000000 1.000000
0.997362 -0.012301 -0.071543 -0.057500 0.002058 0.989934 -0.141515 18.534300 0.072564 0.140995 0.987347 -2.042900 0.000000 0.000000 0.000000 1.000000
0.995374 -0.013164 -0.095167 -0.057500 -0.001547 0.988244 -0.152877 18.534300 0.096061 0.152317 0.983652 -2.042900 0.000000 0.000000 0.000000 1.000000
0.992856 -0.017987 -0.117958 -0.057500 -0.001674 0.986376 -0.164501 18.534300 0.119310 0.163523 0.979298 -2.042900 0.000000 0.000000 0.000000 1.000000
0.990995 -0.026718 -0.131209 -0.057500 0.003156 0.984280 -0.176586 18.534300 0.133864 0.174582 0.975501 -2.042900 0.000000 0.000000 0.000000 1.000000
0.989218 -0.044293 -0.139594 -0.057500 0.017224 0.981740 -0.189448 18.534300 0.145436 0.185001 0.971917 -2.042900 0.000000 0.000000 0.000000 1.000000
0.988204 -0.061169 -0.140399 -0.057500 0.032033 0.979050 -0.201087 18.534300 0.149757 0.194217 0.969460 -2.042900 0.000000 0.000000 0.000000 1.000000
0.989518 -0.068693 -0.127027 -0.057500 0.041031 0.977104 -0.208768 18.534300 0.138459 0.201368 0.969680 -2.042900 0.000000 0.000000 0.000000 1.000000
0.992346 -0.067790 -0.103216 -0.057500 0.044573 0.976130 -0.212566 18.534300 0.115162 0.206339 0.971680 -2.042900 0.000000 0.000000 0.000000 1.000000
0.995256 -0.053733 -0.081110 -0.057500 0.035440 0.976604 -0.212106 18.534300 0.090610 0.208225 0.973875 -2.042900 0.000000 0.000000 0.000000 1.000000
0.997286 -0.045211 -0.058111 -0.057500 0.032195 0.977586 -0.208060 18.534300 0.066215 0.205625 0.976388 -2.042900 0.000000 0.000000 0.000000 1.000000
0.998530 -0.041182 -0.035253 -0.057500 0.033241 0.978838 -0.201918 18.534300 0.042822 0.200449 0.978768 -2.042900 0.000000 0.000000 0.000000 1.000000
0.999153 -0.038132 -0.015441 -0.057500 0.034404 0.980274 -0.194624 18.534300 0.022558 0.193928 0.980756 -2.042900 0.000000 0.000000 0.000000 1.000000
0.999300 -0.037348 0.002223 -0.057500 0.037108 0.981784 -0.186341 18.534300 0.004777 0.186293 0.982483 -2.042900 0.000000 0.000000 0.000000 1.000000
0.999049 -0.038055 0.021298 -0.057500 0.041230 0.983345 -0.177012 18.534300 -0.014207 0.177722 0.983978 -2.042900 0.000000 0.000000 0.000000 1.000000
0.998380 -0.041716 0.038693 -0.057500 0.047616 0.984835 -0.166831 18.534300 -0.031147 0.168403 0.985226 -2.042900 0.000000 0.000000 0.000000 1.000000
0.996940 -0.053160 0.057308 -0.057500 0.061507 0.985932 -0.155418 18.534300 -0.048239 0.158467 0.986185 -2.042900 0.000000 0.000000 0.000000 1.000000
0.994814 -0.067259 0.076298 -0.057500 0.077670 0.986683 -0.142914 18.534300 -0.065670 0.148099 0.986790 -2.042900 0.000000 0.000000 0.000000 1.000000
0.993280 -0.069436 0.092593 -0.057500 0.081274 0.988058 -0.130905 18.534300 -0.082398 0.137550 0.987062 -2.042900 0.000000 0.000000 0.000000 1.000000
0.993021 -0.057632 0.102894 -0.057500 0.069468 0.990884 -0.115426 18.534300 -0.095304 0.121768 0.987972 -2.042900 0.000000 0.000000 0.000000 1.000000
0.994369 -0.031321 0.101241 -0.057500 0.041476 0.994141 -0.099818 18.534300 -0.097522 0.103455 0.989842 -2.042900 0.000000 0.000000 0.000000 1.000000
0.996387 -0.001796 0.084912 -0.057500 0.009086 0.996293 -0.085545 18.534300 -0.084443 0.086008 0.992709 -2.042900 0.000000 0.000000 0.000000 1.000000
0.998004 0.009177 0.062486 -0.057500 -0.004575 0.997293 -0.073384 18.534300 -0.062991 0.072951 0.995344 -2.042900 0.000000 0.000000 0.000000 1.000000
0.998993 0.005581 0.044529 -0.057500 -0.002542 0.997681 -0.068023 18.534300 -0.044805 0.067841 0.996690 -2.042900 0.000000 0.000000 0.000000 1.000000
0.999739 0.000857 0.022828 -0.057500 0.000711 0.997642 -0.068622 18.534300 -0.022833 0.068621 0.997382 -2.042900 0.000000 0.000000 0.000000 1.000000
0.999981 -0.005410 -0.002939 -0.057500 0.005187 0.997469 -0.070916 18.534300 0.003316 0.070899 0.997478 -2.042900 0.000000 0.000000 0.000000 1.000000
0.999546 -0.012641 -0.027346 -0.057500 0.010561 0.997132 -0.074937 18.534300 0.028215 0.074614 0.996813 -2.042900 0.000000 0.000000 0.000000 1.000000
0.998642 -0.020837 -0.047744 -0.057500 0.016940 0.996601 -0.080619 18.534300 0.049262 0.079701 0.995601 -2.042900 0.000000 0.000000 0.000000 1.000000
0.997348 -0.029957 -0.066326 -0.057500 0.024064 0.995836 -0.087930 18.534300 0.068684 0.086101 0.993916 -2.042900 0.000000 0.000000 0.000000 1.000000
0.995662 -0.039926 -0.084043 -0.057500 0.031717 0.994794 -0.096841 18.534300 0.087472 0.093755 0.991745 -2.042900 0.000000 0.000000 0.000000 1.000000
0.994017 -0.049980 -0.097118 -0.057500 0.039491 0.993466 -0.107078 18.534300 0.101836 0.102602 0.989496 -2.042900 0.000000 0.000000 0.000000 1.000000
0.992045 -0.059637 -0.110866 -0.057500 0.046365 0.991852 -0.118657 18.534300 0.117039 0.112573 0.986727 -2.042900 0.000000 0.000000 0.000000 1.000000
0.990256 -0.068176 -0.121427 -0.057500 0.051937 0.989860 -0.132208 18.534300 0.129210 0.124613 0.983756 -2.042900 0.000000 0.000000 0.000000 1.000000
0.989324 -0.074455 -0.125280 -0.057500 0.055037 0.986865 -0.151881 18.534300 0.134942 0.143364 0.980427 -2.042900 0.000000 0.000000 0.000000 1.000000
0.989397 -0.077130 -0.123061 -0.057500 0.054843 0.983009 -0.175175 18.534300 0.134481 0.166569 0.976816 -2.042900 0.000000 0.000000 0.000000 1.000000
0.989991 -0.077599 -0.117886 -0.057500 0.053122 0.978732 -0.198146 18.534300 0.130755 0.189901 0.973058 -2.042900 0.000000 0.000000 0.000000 1.000000
0.990976 -0.079953 -0.107587 -0.057500 0.054778 0.974107 -0.219351 18.534300 0.122339 0.211478 0.969696 -2.042900 0.000000 0.000000 0.000000 1.000000
0.992698 -0.075541 -0.094049 -0.057500 0.051775 0.970997 -0.233419 18.534300 0.108954 0.226845 0.967817 -2.042900 0.000000 0.000000 0.000000 1.000000
0.994791 -0.062793 -0.080300 -0.057500 0.042084 0.970466 -0.237538 18.534300 0.092844 0.232922 0.968053 -2.042900 0.000000 0.000000 0.000000 1.000000
0.996716 -0.045548 -0.066956 -0.057500 0.028824 0.972219 -0.232291 18.534300 0.075676 0.229598 0.970339 -2.042900 0.000000 0.000000 0.000000 1.000000
0.998137 -0.028001 -0.054204 -0.057500 0.015303 0.974959 -0.221859 18.534300 0.059059 0.220617 0.973571 -2.042900 0.000000 0.000000 0.000000 1.000000
0.999028 -0.014268 -0.041701 -0.057500 0.005257 0.977970 -0.208681 18.534300 0.043759 0.208259 0.977094 -2.042900 0.000000 0.000000 0.000000 1.000000
0.999533 -0.008272 -0.029400 -0.057500 0.002381 0.980797 -0.195017 18.534300 0.030449 0.194856 0.980359 -2.042900 0.000000 0.000000 0.000000 1.000000</float_array><technique_common><accessor source="#mixamorig_Spine-Matrix-animation-output-transform-array" count="61" stride="16"><param type="float4x4"/></accessor></technique_common></source><source id="mixamorig_Spine-Interpolations"><Name_array id="mixamorig_Spine-Interpolations-array" count="61">
 LINEAR LINEAR LINEAR LINEAR LINEAR LINEAR LINEAR LINEAR LINEAR LINEAR LINEAR
LINEAR LINEAR LINEAR LINEAR LINEAR LINEAR LINEAR LINEAR LINEAR LINEAR LINEAR LINEAR
LINEAR LINEAR LINEAR LINEAR LINEAR LINEAR LINEAR LINEAR LINEAR LINEAR LINEAR LINEAR
LINEAR LINEAR LINEAR LINEAR LINEAR LINEAR LINEAR LINEAR LINEAR LINEAR LINEAR LINEAR
LINEAR LINEAR LINEAR LINEAR LINEAR LINEAR LINEAR LINEAR LINEAR LINEAR LINEAR LINEAR
LINEAR LINEAR</Name_array><technique_common><accessor source="#mixamorig_Spine-Interpolations-array" count="61"><param type="name"/></accessor></technique_common></source><sampler id="mixamorig_Spine-Matrix-animation-transform"><input semantic="INPUT" source="#mixamorig_Spine-Matrix-animation-input"/><input semantic="OUTPUT" source="#mixamorig_Spine-Matrix-animation-output-transform"/><input semantic="INTERPOLATION" source="#mixamorig_Spine-Interpolations"/></sampler><channel source="#mixamorig_Spine-Matrix-animation-transform" target="mixamorig_Spine/matrix"/></animation>
    <animation id="mixamorig_Spine1-anim" name="mixamorig_Spine1"><source id="mixamorig_Spine1-Matrix-animation-input"><float_array id="mixamorig_Spine1-Matrix-animation-input-array" count="61">

0.000000 0.033333 0.066667 0.100000 0.133333 0.166667 0.200000 0.233333 0.266667 0.300000 0.333333 0.366667 0.400000 0.433333 0.466667 0.500000
0.533333 0.566667 0.600000 0.633333 0.666667 0.700000 0.733333 0.766667 0.800000 0.833333 0.866667 0.900000 0.933333 0.966667 1.000000 1.033333
1.066667 1.100000 1.133333 1.166667 1.200000 1.233333 1.266667 1.300000 1.333333 1.366667 1.400000 1.433333 1.466667 1.500000 1.533333 1.566667
1.600000 1.633333 1.666667 1.700000 1.733333 1.766667 1.800000 1.833333 1.866667 1.900000 1.933333 1.966667 2.000000</float_array><technique_common><accessor source="#mixamorig_Spine1-Matrix-animation-input-array" count="61"><param name="TIME" type="float"/></accessor></technique_common></source><source id="mixamorig_Spine1-Matrix-animation-output-transform"><float_array id="mixamorig_Spine1-Matrix-animation-output-transform-array" count="976">

0.998882 0.018804 0.043380 0.305500 -0.011584 0.986880 -0.161040 19.736099 -0.045839 0.160357 0.985994 -0.783400 0.000000 0.000000 0.000000 1.000000
0.998511 0.017366 0.051714 0.305500 -0.008853 0.986997 -0.160497 19.736099 -0.053828 0.159801 0.985681 -0.783400 0.000000 0.000000 0.000000 1.000000
0.998133 0.014192 0.059400 0.305500 -0.004578 0.987276 -0.158951 19.736099 -0.060900 0.158383 0.985498 -0.783400 0.000000 0.000000 0.000000 1.000000
0.997709 0.008449 0.067127 0.305500 0.002171 0.987662 -0.156586 19.736099 -0.067622 0.156373 0.985380 -0.783400 0.000000 0.000000 0.000000 1.000000
0.997177 0.001704 0.075074 0.305500 0.009886 0.988063 -0.153730 19.736099 -0.074440 0.154038 0.985257 -0.783400 0.000000 0.000000 0.000000 1.000000
0.996491 -0.008135 0.083309 0.305500 0.020648 0.988401 -0.150458 19.736099 -0.081119 0.151650 0.985100 -0.783400 0.000000 0.000000 0.000000 1.000000
0.995583 -0.021479 0.091398 0.305500 0.034817 0.988532 -0.146946 19.736099 -0.087194 0.149479 0.984913 -0.783400 0.000000 0.000000 0.000000 1.000000
0.994784 -0.029546 0.097628 0.305500 0.043310 0.988914 -0.142034 19.736099 -0.092350 0.145521 0.985036 -0.783400 0.000000 0.000000 0.000000 1.000000
0.994527 -0.027417 0.100818 0.305500 0.040611 0.990517 -0.131248 19.736099 -0.096264 0.134624 0.986210 -0.783400 0.000000 0.000000 0.000000 1.000000
0.994837 -0.019145 0.099662 0.305500 0.030587 0.992943 -0.114580 19.736099 -0.096765 0.117037 0.988402 -0.783400 0.000000 0.000000 0.000000 1.000000
0.995866 -0.006479 0.090607 0.305500 0.015086 0.995398 -0.094631 19.736099 -0.089577 0.095606 0.991381 -0.783400 0.000000 0.000000 0.000000 1.000000
0.996965 0.005121 0.077686 0.305500 0.001126 0.996782 -0.080157 19.736099 -0.077847 0.080001 0.993750 -0.783400 0.000000 0.000000 0.000000 1.000000
0.997794 0.010946 0.065475 0.305500 -0.006316 0.997491 -0.070513 19.736099 -0.066082 0.069944 0.995360 -0.783400 0.000000 0.000000 0.000000 1.000000
0.998725 0.016492 0.047703 0.305500 -0.013247 0.997628 -0.067553 19.736099 -0.048704 0.066835 0.996575 -0.783400 0.000000 0.000000 0.000000 1.000000
0.999488 0.020004 0.024969 0.305500 -0.018162 0.997245 -0.071914 19.736099 -0.026339 0.071424 0.997098 -0.783400 0.000000 0.000000 0.000000 1.000000
0.999784 0.020337 0.004309 0.305500 -0.019926 0.996574 -0.080268 19.736099 -0.005926 0.080165 0.996764 -0.783400 0.000000 0.000000 0.000000 1.000000
0.999785 0.015608 -0.013681 0.305500 -0.016764 0.995904 -0.088848 19.736099 0.012238 0.089059 0.995951 -0.783400 0.000000 0.000000 0.000000 1.000000
0.999454 0.007868 -0.032088 0.305500 -0.010952 0.995216 -0.097080 19.736099 0.031171 0.097378 0.994759 -0.783400 0.000000 0.000000 0.000000 1.000000
0.999028 -0.001408 -0.044051 0.305500 -0.003090 0.994793 -0.101866 19.736099 0.043965 0.101903 0.993822 -0.783400 0.000000 0.000000 0.000000 1.000000
0.998399 -0.014162 -0.054765 0.305500 0.008378 0.994496 -0.104435 19.736099 0.055943 0.103809 0.993023 -0.783400 0.000000 0.000000 0.000000 1.000000
0.997592 -0.026492 -0.064095 0.305500 0.019575 0.994149 -0.106233 19.736099 0.066534 0.104722 0.992273 -0.783400 0.000000 0.000000 0.000000 1.000000
0.996888 -0.038308 -0.068892 0.305500 0.030740 0.993703 -0.107748 19.736099 0.072586 0.105295 0.991788 -0.783400 0.000000 0.000000 0.000000 1.000000
0.996589 -0.044770 -0.069319 0.305500 0.037076 0.993398 -0.108559 19.736099 0.073721 0.105619 0.991670 -0.783400 0.000000 0.000000 0.000000 1.000000
0.996918 -0.035893 -0.069762 0.305500 0.028203 0.993724 -0.108250 19.736099 0.073210 0.105949 0.991673 -0.783400 0.000000 0.000000 0.000000 1.000000
0.997303 -0.023939 -0.069381 0.305500 0.016354 0.994028 -0.107895 19.736099 0.071549 0.106470 0.991738 -0.783400 0.000000 0.000000 0.000000 1.000000
0.997556 -0.017226 -0.067712 0.305500 0.009815 0.994070 -0.108299 19.736099 0.069176 0.107370 0.991810 -0.783400 0.000000 0.000000 0.000000 1.000000
0.997777 -0.012454 -0.065465 0.305500 0.005236 0.993996 -0.109293 19.736099 0.066433 0.108707 0.991851 -0.783400 0.000000 0.000000 0.000000 1.000000
0.997955 -0.011726 -0.062830 0.305500 0.004698 0.993825 -0.110860 19.736099 0.063741 0.110338 0.991848 -0.783400 0.000000 0.000000 0.000000 1.000000
0.998157 -0.011122 -0.059649 0.305500 0.004340 0.993627 -0.112631 19.736099 0.060521 0.112164 0.991845 -0.783400 0.000000 0.000000 0.000000 1.000000
0.998481 -0.010437 -0.054096 0.305500 0.004181 0.993415 -0.114493 19.736099 0.054935 0.114092 0.991950 -0.783400 0.000000 0.000000 0.000000 1.000000
0.998809 -0.009794 -0.047798 0.305500 0.004172 0.993200 -0.116347 19.736099 0.048612 0.116009 0.992058 -0.783400 0.000000 0.000000 0.000000 1.000000
0.999162 -0.009125 -0.039910 0.305500 0.004351 0.992994 -0.118087 19.736099 0.040708 0.117814 0.992201 -0.783400 0.000000 0.000000 0.000000 1.000000
0.999500 -0.008353 -0.030506 0.305500 0.004647 0.992811 -0.119603 19.736099 0.031286 0.119402 0.992353 -0.783400 0.000000 0.000000 0.000000 1.000000
0.999757 -0.006887 -0.020959 0.305500 0.004306 0.992670 -0.120783 19.736099 0.021637 0.120663 0.992458 -0.783400 0.000000 0.000000 0.000000 1.000000
0.999941 -0.001483 -0.010762 0.305500 0.000164 0.992591 -0.121506 19.736099 0.010862 0.121497 0.992532 -0.783400 0.000000 0.000000 0.000000 1.000000
0.999948 0.010129 -0.000638 0.305500 -0.010131 0.992503 -0.121796 19.736099 -0.000601 0.121796 0.992555 -0.783400 0.000000 0.000000 0.000000 1.000000
0.999743 0.020600 0.009493 0.305500 -0.019319 0.992644 -0.119516 19.736099 -0.011886 0.119302 0.992787 -0.783400 0.000000 0.000000 0.000000 1.000000
0.999547 0.022743 0.019702 0.305500 -0.020527 0.994134 -0.106186 19.736099 -0.022001 0.105733 0.994151 -0.783400 0.000000 0.000000 0.000000 1.000000
0.999420 0.017342 0.029305 0.305500 -0.014644 0.995843 -0.089904 19.736099 -0.030743 0.089423 0.995519 -0.783400 0.000000 0.000000 0.000000 1.000000
0.999242 0.012291 0.036941 0.305500 -0.009542 0.997236 -0.073681 19.736099 -0.037744 0.073273 0.996597 -0.783400 0.000000 0.000000 0.000000 1.000000
0.999061 0.016736 0.039951 0.305500 -0.014286 0.998045 -0.060844 19.736099 -0.040891 0.060216 0.997347 -0.783400 0.000000 0.000000 0.000000 1.000000
0.999173 0.025860 0.031363 0.305500 -0.024140 0.998248 -0.054012 19.736099 -0.032705 0.053211 0.998048 -0.783400 0.000000 0.000000 0.000000 1.000000
0.999367 0.032018 0.015475 0.305500 -0.031132 0.998030 -0.054475 19.736099 -0.017189 0.053959 0.998395 -0.783400 0.000000 0.000000 0.000000 1.000000
0.999524 0.030371 -0.005408 0.305500 -0.030639 0.997754 -0.059563 19.736099 0.003587 0.059700 0.998210 -0.783400 0.000000 0.000000 0.000000 1.000000
0.999386 0.027442 -0.021762 0.305500 -0.028845 0.997334 -0.067027 19.736099 0.019864 0.067613 0.997514 -0.783400 0.000000 0.000000 0.000000 1.000000
0.999236 0.024568 -0.030403 0.305500 -0.026813 0.996766 -0.075752 19.736099 0.028443 0.076509 0.996663 -0.783400 0.000000 0.000000 0.000000 1.000000
0.999060 0.020369 -0.038269 0.305500 -0.023581 0.996063 -0.085460 19.736099 0.036378 0.086282 0.995606 -0.783400 0.000000 0.000000 0.000000 1.000000
0.998870 0.015354 -0.044976 0.305500 -0.019640 0.995144 -0.096450 19.736099 0.043276 0.097225 0.994321 -0.783400 0.000000 0.000000 0.000000 1.000000
0.998683 0.010658 -0.050196 0.305500 -0.016104 0.993869 -0.109383 19.736099 0.048722 0.110048 0.992731 -0.783400 0.000000 0.000000 0.000000 1.000000
0.998546 0.006458 -0.053515 0.305500 -0.013037 0.992256 -0.123520 19.736099 0.052303 0.124038 0.990898 -0.783400 0.000000 0.000000 0.000000 1.000000
0.998505 0.003314 -0.054553 0.305500 -0.010810 0.990416 -0.137691 19.736099 0.053573 0.138075 0.988972 -0.783400 0.000000 0.000000 0.000000 1.000000
0.998537 0.000991 -0.054062 0.305500 -0.009063 0.988756 -0.149261 19.736099 0.053306 0.149533 0.987319 -0.783400 0.000000 0.000000 0.000000 1.000000
0.998626 -0.000158 -0.052395 0.305500 -0.007908 0.988086 -0.153700 19.736099 0.051795 0.153903 0.986727 -0.783400 0.000000 0.000000 0.000000 1.000000
0.998824 0.000310 -0.048479 0.305500 -0.007992 0.987351 -0.158347 19.736099 0.047816 0.158548 0.986193 -0.783400 0.000000 0.000000 0.000000 1.000000
0.999154 0.001347 -0.041099 0.305500 -0.008022 0.986642 -0.162704 19.736099 0.040331 0.162896 0.985819 -0.783400 0.000000 0.000000 0.000000 1.000000
0.999578 0.003152 -0.028866 0.305500 -0.007909 0.986057 -0.166217 19.736099 0.027940 0.166375 0.985667 -0.783400 0.000000 0.000000 0.000000 1.000000
0.999903 0.005704 -0.012740 0.305500 -0.007767 0.985703 -0.168315 19.736099 0.011598 0.168397 0.985651 -0.783400 0.000000 0.000000 0.000000 1.000000
0.999945 0.009279 0.004816 0.305500 -0.008335 0.985681 -0.168414 19.736099 -0.006310 0.168364 0.985705 -0.783400 0.000000 0.000000 0.000000 1.000000
0.999681 0.013448 0.021401 0.305500 -0.009699 0.985988 -0.166537 19.736099 -0.023341 0.166276 0.985803 -0.783400 0.000000 0.000000 0.000000 1.000000
0.999272 0.016947 0.034167 0.305500 -0.011131 0.986445 -0.163717 19.736099 -0.036478 0.163218 0.985915 -0.783400 0.000000 0.000000 0.000000 1.000000
0.998882 0.018804 0.043380 0.305500 -0.011584 0.986880 -0.161040 19.736099 -0.045839 0.160358 0.985994 -0.783400 0.000000 0.000000 0.000000 1.000000</float_array><technique_common><accessor source="#mixamorig_Spine1-Matrix-animation-output-transform-array" count="61" stride="16"><param type="float4x4"/></accessor></technique_common></source><source id="mixamorig_Spine1-Interpolations"><Name_array id="mixamorig_Spine1-Interpolations-array" count="61">
 LINEAR LINEAR LINEAR LINEAR LINEAR LINEAR LINEAR LINEAR LINEAR LINEAR LINEAR
LINEAR LINEAR LINEAR LINEAR LINEAR LINEAR LINEAR LINEAR LINEAR LINEAR LINEAR LINEAR
LINEAR LINEAR LINEAR LINEAR LINEAR LINEAR LINEAR LINEAR LINEAR LINEAR LINEAR LINEAR
LINEAR LINEAR LINEAR LINEAR LINEAR LINEAR LINEAR LINEAR LINEAR LINEAR LINEAR LINEAR
LINEAR LINEAR LINEAR LINEAR LINEAR LINEAR LINEAR LINEAR LINEAR LINEAR LINEAR LINEAR
LINEAR LINEAR</Name_array><technique_common><accessor source="#mixamorig_Spine1-Interpolations-array" count="61"><param type="name"/></accessor></technique_common></source><sampler id="mixamorig_Spine1-Matrix-animation-transform"><input semantic="INPUT" source="#mixamorig_Spine1-Matrix-animation-input"/><input semantic="OUTPUT" source="#mixamorig_Spine1-Matrix-animation-output-transform"/><input semantic="INTERPOLATION" source="#mixamorig_Spine1-Interpolations"/></sampler><channel source="#mixamorig_Spine1-Matrix-animation-transform" target="mixamorig_Spine1/matrix"/></animation>
    <animation id="mixamorig_Spine2-anim" name="mixamorig_Spine2"><source id="mixamorig_Spine2-Matrix-animation-input"><float_array id="mixamorig_Spine2-Matrix-animation-input-array" count="61">

0.000000 0.033333 0.066667 0.100000 0.133333 0.166667 0.200000 0.233333 0.266667 0.300000 0.333333 0.366667 0.400000 0.433333 0.466667 0.500000
0.533333 0.566667 0.600000 0.633333 0.666667 0.700000 0.733333 0.766667 0.800000 0.833333 0.866667 0.900000 0.933333 0.966667 1.000000 1.033333
1.066667 1.100000 1.133333 1.166667 1.200000 1.233333 1.266667 1.300000 1.333333 1.366667 1.400000 1.433333 1.466667 1.500000 1.533333 1.566667
1.600000 1.633333 1.666667 1.700000 1.733333 1.766667 1.800000 1.833333 1.866667 1.900000 1.933333 1.966667 2.000000</float_array><technique_common><accessor source="#mixamorig_Spine2-Matrix-animation-input-array" count="61"><param name="TIME" type="float"/></accessor></technique_common></source><source id="mixamorig_Spine2-Matrix-animation-output-transform"><float_array id="mixamorig_Spine2-Matrix-animation-output-transform-array" count="976">

0.997548 0.066484 0.021869 0.152700 -0.062043 0.984627 -0.163282 25.612801 -0.032388 0.161525 0.986337 -0.124700 0.000000 0.000000 0.000000 1.000000
0.997504 0.063651 0.030563 0.152700 -0.057853 0.984923 -0.163035 25.612801 -0.040479 0.160860 0.986147 -0.124700 0.000000 0.000000 0.000000 1.000000
0.997778 0.052754 0.040700 0.152700 -0.045536 0.985828 -0.161460 25.612801 -0.048640 0.159248 0.986040 -0.124700 0.000000 0.000000 0.000000 1.000000
0.997999 0.035188 0.052539 0.152700 -0.026444 0.986970 -0.158716 25.612801 -0.057439 0.157009 0.985925 -0.124700 0.000000 0.000000 0.000000 1.000000
0.997747 0.014584 0.065484 0.152700 -0.004260 0.987889 -0.155106 25.612801 -0.066953 0.154477 0.985725 -0.124700 0.000000 0.000000 0.000000 1.000000
0.996948 -0.003508 0.077992 0.152700 0.015305 0.988389 -0.151174 25.612801 -0.076556 0.151906 0.985426 -0.124700 0.000000 0.000000 0.000000 1.000000
0.995921 -0.016675 0.088680 0.152700 0.029686 0.988618 -0.147491 25.612801 -0.085211 0.149522 0.985080 -0.124700 0.000000 0.000000 0.000000 1.000000
0.994991 -0.025752 0.096591 0.152700 0.039459 0.988965 -0.142797 25.612801 -0.091848 0.145893 0.985027 -0.124700 0.000000 0.000000 0.000000 1.000000
0.994630 -0.027020 0.099904 0.152700 0.040142 0.990467 -0.131770 25.612801 -0.095391 0.135072 0.986233 -0.124700 0.000000 0.000000 0.000000 1.000000
0.994962 -0.020079 0.098222 0.152700 0.031370 0.992895 -0.114789 25.612801 -0.095219 0.117291 0.988522 -0.124700 0.000000 0.000000 0.000000 1.000000
0.996030 -0.007723 0.088679 0.152700 0.016156 0.995368 -0.094770 25.612801 -0.087536 0.095826 0.991542 -0.124700 0.000000 0.000000 0.000000 1.000000
0.997052 0.002649 0.076677 0.152700 0.003510 0.996782 -0.080084 25.612801 -0.076643 0.080118 0.993835 -0.124700 0.000000 0.000000 0.000000 1.000000
0.997765 0.011072 0.065891 0.152700 -0.006449 0.997528 -0.069977 25.612801 -0.066503 0.069395 0.995370 -0.124700 0.000000 0.000000 0.000000 1.000000
0.998690 0.017112 0.048221 0.152700 -0.013860 0.997657 -0.066997 25.612801 -0.049255 0.066241 0.996587 -0.124700 0.000000 0.000000 0.000000 1.000000
0.999461 0.021146 0.025104 0.152700 -0.019296 0.997232 -0.071799 25.612801 -0.026553 0.071276 0.997103 -0.124700 0.000000 0.000000 0.000000 1.000000
0.999784 0.020312 0.004348 0.152700 -0.019898 0.996579 -0.080212 25.612801 -0.005963 0.080108 0.996768 -0.124700 0.000000 0.000000 0.000000 1.000000
0.999795 0.014475 -0.014160 0.152700 -0.015676 0.995931 -0.088750 25.612801 0.012818 0.088954 0.995953 -0.124700 0.000000 0.000000 0.000000 1.000000
0.999449 0.007503 -0.032345 0.152700 -0.010607 0.995238 -0.096899 25.612801 0.031464 0.097188 0.994769 -0.124700 0.000000 0.000000 0.000000 1.000000
0.999053 -0.001530 -0.043492 0.152700 -0.002916 0.994784 -0.101958 25.612801 0.043421 0.101988 0.993837 -0.124700 0.000000 0.000000 0.000000 1.000000
0.998567 -0.013847 -0.051696 0.152700 0.008332 0.994394 -0.105406 25.612801 0.052866 0.104824 0.993085 -0.124700 0.000000 0.000000 0.000000 1.000000
0.997914 -0.025934 -0.059115 0.152700 0.019406 0.993913 -0.108443 25.612801 0.061568 0.107070 0.992343 -0.124700 0.000000 0.000000 0.000000 1.000000
0.997211 -0.037909 -0.064293 0.152700 0.030648 0.993416 -0.110386 25.612801 0.068054 0.108108 0.991807 -0.124700 0.000000 0.000000 0.000000 1.000000
0.996970 -0.042792 -0.064959 0.152700 0.035403 0.993199 -0.110914 25.612801 0.069263 0.108279 0.991705 -0.124700 0.000000 0.000000 0.000000 1.000000
0.997238 -0.033852 -0.066105 0.152700 0.026412 0.993543 -0.110343 25.612801 0.069414 0.108292 0.991693 -0.124700 0.000000 0.000000 0.000000 1.000000
0.997505 -0.021906 -0.067104 0.152700 0.014443 0.993854 -0.109753 25.612801 0.069096 0.108510 0.991691 -0.124700 0.000000 0.000000 0.000000 1.000000
0.997726 -0.015021 -0.065704 0.152700 0.007714 0.993892 -0.110088 25.612801 0.066956 0.109331 0.991748 -0.124700 0.000000 0.000000 0.000000 1.000000
