<?xml version="1.0" encoding="utf-8"?>
<COLLADA xmlns="http://www.collada.org/2005/11/COLLADASchema" version="1.4.1">
  <asset><contributor><author>Mixamo</author><authoring_tool>COLLADA Mixamo exporter</authoring_tool><comments></comments></contributor><created>2018-02-10T17:13:27Z</created><modified>2018-02-10T17:13:27Z</modified><revision></revision><title></title><unit meter="0.010000"/><up_axis>Y_UP</up_axis></asset>
  <library_animations>
    <animation id="mixamorig_Hips-anim" name="mixamorig_Hips"><source id="mixamorig_Hips-Matrix-animation-input"><float_array id="mixamorig_Hips-Matrix-animation-input-array" count="51">

0.000000 0.033333 0.066667 0.100000 0.133333 0.166667 0.200000 0.233333 0.266667 0.300000 0.333333 0.366667 0.400000 0.433333 0.466667 0.500000
0.533333 0.566667 0.600000 0.633333 0.666667 0.700000 0.733333 0.766667 0.800000 0.833333 0.866667 0.900000 0.933333 0.966667 1.000000 1.033333
1.066667 1.100000 1.133333 1.166667 1.200000 1.233333 1.266667 1.300000 1.333333 1.366667 1.400000 1.433333 1.466667 1.500000 1.533333 1.566667
1.600000 1.633333 1.666667</float_array><technique_common><accessor source="#mixamorig_Hips-Matrix-animation-input-array" count="51"><param name="TIME" type="float"/></accessor></technique_common></source><source id="mixamorig_Hips-Matrix-animation-output-transform"><float_array id="mixamorig_Hips-Matrix-animation-output-transform-array" count="816">

0.952958 -0.069144 -0.295111 -0.404449 0.019010 0.985350 -0.169480 182.226669 0.302506 0.155897 0.940312 1.973636 0.000000 0.000000 0.000000 1.000000
0.951064 -0.065301 -0.302015 -0.666365 0.009995 0.983404 -0.181156 184.783737 0.308833 0.169272 0.935932 -2.967747 0.000000 0.000000 0.000000 1.000000
0.946790 -0.061963 -0.315831 -0.791638 -0.000563 0.980972 -0.194147 187.502197 0.321851 0.183994 0.928740 -8.642437 0.000000 0.000000 0.000000 1.000000
0.940539 -0.058650 -0.334583 -0.655085 -0.013713 0.977623 -0.209918 190.846710 0.339408 0.202025 0.918688 -14.506562 0.000000 0.000000 0.000000 1.000000
0.932928 -0.054495 -0.355914 0.115112 -0.030241 0.973129 -0.228266 193.983627 0.358790 0.223718 0.906212 -19.791473 0.000000 0.000000 0.000000 1.000000
0.925351 -0.052252 -0.375494 0.805366 -0.044011 0.968953 -0.243296 195.577011 0.376549 0.241660 0.894322 -25.214634 0.000000 0.000000 0.000000 1.000000
0.919528 -0.049945 -0.389838 1.666570 -0.052396 0.967460 -0.247538 195.602524 0.389516 0.248044 0.886990 -31.378513 0.000000 0.000000 0.000000 1.000000
0.915276 -0.041940 -0.400638 2.628087 -0.056014 0.971653 -0.229682 194.591049 0.398913 0.232664 0.886981 -37.423595 0.000000 0.000000 0.000000 1.000000
0.917220 -0.024614 -0.397620 3.277208 -0.059590 0.978384 -0.198026 192.644318 0.393899 0.205327 0.895926 -43.397877 0.000000 0.000000 0.000000 1.000000
0.925318 -0.018820 -0.378724 3.200774 -0.054630 0.981731 -0.182260 190.156219 0.375235 0.189339 0.907386 -49.085476 0.000000 0.000000 0.000000 1.000000
0.934403 -0.021112 -0.355593 2.833325 -0.049769 0.980714 -0.189003 187.350601 0.352725 0.194303 0.915331 -55.012459 0.000000 0.000000 0.000000 1.000000
0.939963 -0.029637 -0.339988 2.081782 -0.044518 0.977062 -0.208250 184.433685 0.338361 0.210882 0.917082 -62.444424 0.000000 0.000000 0.000000 1.000000
0.940347 -0.043909 -0.337372 1.438473 -0.039273 0.970998 -0.235841 181.501404 0.337943 0.235022 0.911350 -70.093376 0.000000 0.000000 0.000000 1.000000
0.936689 -0.059278 -0.345108 0.960322 -0.034281 0.965308 -0.258854 178.769012 0.348480 0.254296 0.902161 -77.801750 0.000000 0.000000 0.000000 1.000000
0.931135 -0.072116 -0.357474 1.170971 -0.027921 0.963276 -0.267058 176.483658 0.363605 0.258648 0.894926 -85.464737 0.000000 0.000000 0.000000 1.000000
0.924095 -0.085327 -0.372514 2.178440 -0.018313 0.963748 -0.266184 174.719971 0.381723 0.252801 0.889033 -92.639709 0.000000 0.000000 0.000000 1.000000
0.915752 -0.096345 -0.390020 3.168985 -0.007869 0.966330 -0.257184 173.851364 0.401667 0.238585 0.884161 -98.742638 0.000000 0.000000 0.000000 1.000000
0.906719 -0.105117 -0.408424 3.877448 0.001639 0.969310 -0.245836 173.524338 0.421731 0.222235 0.879065 -104.357079 0.000000 0.000000 0.000000 1.000000
0.898382 -0.111289 -0.424881 3.992677 0.010326 0.972451 -0.232880 173.439377 0.439093 0.204828 0.874782 -110.440079 0.000000 0.000000 0.000000 1.000000
0.892515 -0.114307 -0.436293 3.533017 0.018099 0.975649 -0.218591 173.396698 0.450655 0.187199 0.872850 -116.564850 0.000000 0.000000 0.000000 1.000000
0.892932 -0.114986 -0.435258 2.688766 0.026551 0.978599 -0.204056 173.943054 0.449407 0.170651 0.876876 -123.033516 0.000000 0.000000 0.000000 1.000000
0.899907 -0.114509 -0.420779 1.786214 0.035911 0.981091 -0.190189 175.182220 0.434601 0.156042 0.887002 -129.228058 0.000000 0.000000 0.000000 1.000000
0.908689 -0.113184 -0.401838 0.711936 0.043937 0.983129 -0.177558 177.082565 0.415156 0.143690 0.898331 -135.491089 0.000000 0.000000 0.000000 1.000000
0.916296 -0.109695 -0.385186 -0.477493 0.047732 0.984816 -0.166913 180.163666 0.397647 0.134556 0.907619 -141.756790 0.000000 0.000000 0.000000 1.000000
0.921088 -0.102078 -0.375735 -1.382426 0.042928 0.985762 -0.162573 184.105209 0.386980 0.133614 0.912356 -147.902359 0.000000 0.000000 0.000000 1.000000
0.919919 -0.090386 -0.381548 -1.419570 0.023307 0.983953 -0.176898 189.134674 0.391414 0.153839 0.907264 -154.223892 0.000000 0.000000 0.000000 1.000000
0.911927 -0.078940 -0.402689 -0.877963 -0.004963 0.979129 -0.203179 194.379608 0.410323 0.187282 0.892502 -160.642471 0.000000 0.000000 0.000000 1.000000
0.899926 -0.067422 -0.430798 -0.435060 -0.037823 0.972180 -0.231162 199.395264 0.434399 0.224323 0.872340 -165.875412 0.000000 0.000000 0.000000 1.000000
0.887326 -0.058548 -0.457410 -0.477651 -0.066666 0.965201 -0.252868 203.296326 0.456298 0.254870 0.852546 -170.729950 0.000000 0.000000 0.000000 1.000000
0.878704 -0.053785 -0.474327 -0.071102 -0.083992 0.960712 -0.264534 204.426361 0.469920 0.272286 0.839664 -175.998581 0.000000 0.000000 0.000000 1.000000
0.881577 -0.049609 -0.469426 0.445114 -0.079537 0.964632 -0.251313 203.777710 0.465291 0.258889 0.846452 -181.493195 0.000000 0.000000 0.000000 1.000000
0.895004 -0.044215 -0.443862 0.785323 -0.062701 0.972724 -0.223329 202.469818 0.441630 0.227711 0.867820 -186.759430 0.000000 0.000000 0.000000 1.000000
0.909697 -0.047494 -0.412547 0.385639 -0.041616 0.978011 -0.204359 200.446686 0.413181 0.203074 0.887717 -191.919830 0.000000 0.000000 0.000000 1.000000
0.917588 -0.059622 -0.393037 -0.449085 -0.019566 0.980717 -0.194450 197.740540 0.397052 0.186115 0.898727 -197.450104 0.000000 0.000000 0.000000 1.000000
0.920296 -0.070320 -0.384852 -1.602679 -0.008190 0.980035 -0.198656 193.736008 0.391138 0.185974 0.901346 -204.077942 0.000000 0.000000 0.000000 1.000000
0.921694 -0.077369 -0.380125 -2.575597 -0.001607 0.979139 -0.203185 189.301910 0.387916 0.187885 0.902342 -212.120941 0.000000 0.000000 0.000000 1.000000
0.922795 -0.082683 -0.376315 -2.949428 0.004213 0.978809 -0.204732 185.077621 0.385268 0.187340 0.903588 -219.564194 0.000000 0.000000 0.000000 1.000000
0.923818 -0.087102 -0.372793 -2.557970 0.010406 0.979127 -0.202983 181.325073 0.382691 0.183640 0.905441 -226.237488 0.000000 0.000000 0.000000 1.000000
0.924965 -0.090836 -0.369037 -2.050512 0.016529 0.979714 -0.199720 178.366089 0.379693 0.178634 0.907702 -232.484741 0.000000 0.000000 0.000000 1.000000
0.926371 -0.093765 -0.364752 -1.553432 0.022254 0.980448 -0.195518 175.915314 0.375953 0.173005 0.910345 -238.379776 0.000000 0.000000 0.000000 1.000000
0.928190 -0.096312 -0.359427 -1.237144 0.027861 0.981200 -0.190974 174.387787 0.371063 0.167246 0.913423 -243.940964 0.000000 0.000000 0.000000 1.000000
0.930498 -0.098211 -0.352885 -0.921661 0.033168 0.982019 -0.185845 173.758377 0.364792 0.161224 0.917024 -248.948196 0.000000 0.000000 0.000000 1.000000
0.933133 -0.097771 -0.345981 -0.623926 0.037004 0.983321 -0.178073 173.898834 0.357621 0.153363 0.921188 -253.536789 0.000000 0.000000 0.000000 1.000000
0.935965 -0.095793 -0.338811 -0.492186 0.039758 0.984878 -0.168626 174.246994 0.349841 0.144357 0.925620 -257.899292 0.000000 0.000000 0.000000 1.000000
0.939116 -0.093235 -0.330710 -0.426775 0.041957 0.986396 -0.158945 174.864594 0.341030 0.135392 0.930251 -262.857269 0.000000 0.000000 0.000000 1.000000
0.942334 -0.090216 -0.322286 -0.373600 0.043076 0.987668 -0.150521 175.708710 0.331891 0.127958 0.934599 -268.034668 0.000000 0.000000 0.000000 1.000000
0.945404 -0.086635 -0.314173 -0.325495 0.042449 0.988541 -0.144858 176.730621 0.323123 0.123613 0.938249 -273.812012 0.000000 0.000000 0.000000 1.000000
0.948228 -0.082235 -0.306760 -0.298071 0.038760 0.988640 -0.145220 177.928711 0.315217 0.125812 0.940643 -279.514404 0.000000 0.000000 0.000000 1.000000
0.950441 -0.078133 -0.300926 -0.303887 0.032942 0.987767 -0.152420 179.266571 0.309154 0.134953 0.941388 -284.838501 0.000000 0.000000 0.000000 1.000000
0.952025 -0.073572 -0.297043 -0.328407 0.025931 0.986573 -0.161247 180.668381 0.304918 0.145808 0.941151 -290.102386 0.000000 0.000000 0.000000 1.000000
0.952958 -0.069143 -0.295111 -0.404396 0.019009 0.985350 -0.169480 182.226852 0.302506 0.155897 0.940312 -295.866119 0.000000 0.000000 0.000000 1.000000</float_array><technique_common><accessor source="#mixamorig_Hips-Matrix-animation-output-transform-array" count="51" stride="16"><param type="float4x4"/></accessor></technique_common></source><source id="mixamorig_Hips-Interpolations"><Name_array id="mixamorig_Hips-Interpolations-array" count="51">
 LINEAR LINEAR LINEAR LINEAR LINEAR LINEAR LINEAR LINEAR LINEAR LINEAR LINEAR
LINEAR LINEAR LINEAR LINEAR LINEAR LINEAR LINEAR LINEAR LINEAR LINEAR LINEAR LINEAR
LINEAR LINEAR LINEAR LINEAR LINEAR LINEAR LINEAR LINEAR LINEAR LINEAR LINEAR LINEAR
LINEAR LINEAR LINEAR LINEAR LINEAR LINEAR LINEAR LINEAR LINEAR LINEAR LINEAR LINEAR
LINEAR LINEAR LINEAR LINEAR</Name_array><technique_common><accessor source="#mixamorig_Hips-Interpolations-array" count="51"><param type="name"/></accessor></technique_common></source><sampler id="mixamorig_Hips-Matrix-animation-transform"><input semantic="INPUT" source="#mixamorig_Hips-Matrix-animation-input"/><input semantic="OUTPUT" source="#mixamorig_Hips-Matrix-animation-output-transform"/><input semantic="INTERPOLATION" source="#mixamorig_Hips-Interpolations"/></sampler><channel source="#mixamorig_Hips-Matrix-animation-transform" target="mixamorig_Hips/matrix"/></animation>
    <animation id="mixamorig_Spine-anim" name="mixamorig_Spine"><source id="mixamorig_Spine-Matrix-animation-input"><float_array id="mixamorig_Spine-Matrix-animation-input-array" count="51">

0.000000 0.033333 0.066667 0.100000 0.133333 0.166667 0.200000 0.233333 0.266667 0.300000 0.333333 0.366667 0.400000 0.433333 0.466667 0.500000
0.533333 0.566667 0.600000 0.633333 0.666667 0.700000 0.733333 0.766667 0.800000 0.833333 0.866667 0.900000 0.933333 0.966667 1.000000 1.033333
1.066667 1.100000 1.133333 1.166667 1.200000 1.233333 1.266667 1.300000 1.333333 1.366667 1.400000 1.433333 1.466667 1.500000 1.533333 1.566667
1.600000 1.633333 1.666667</float_array><technique_common><accessor source="#mixamorig_Spine-Matrix-animation-input-array" count="51"><param name="TIME" type="float"/></accessor></technique_common></source><source id="mixamorig_Spine-Matrix-animation-output-transform"><float_array id="mixamorig_Spine-Matrix-animation-output-transform-array" count="816">

0.993213 -0.105745 0.048431 -0.057500 0.113530 0.971905 -0.206185 18.534300 -0.025267 0.210284 0.977314 -2.042900 0.000000 0.000000 0.000000 1.000000
0.996146 -0.080023 0.035904 -0.057500 0.085612 0.976108 -0.199707 18.534300 -0.019065 0.202011 0.979198 -2.042900 0.000000 0.000000 0.000000 1.000000
0.998450 -0.055007 0.008443 -0.057500 0.055623 0.981624 -0.182538 18.534300 0.001753 0.182725 0.983163 -2.042900 0.000000 0.000000 0.000000 1.000000
0.999384 -0.031783 -0.014912 -0.057500 0.028928 0.986167 -0.163210 18.534300 0.019893 0.162678 0.986479 -2.042900 0.000000 0.000000 0.000000 1.000000
0.999505 -0.026960 -0.016194 -0.057500 0.024395 0.989590 -0.141830 18.534300 0.019849 0.141364 0.989759 -2.042900 0.000000 0.000000 0.000000 1.000000
0.999501 -0.031219 -0.004856 -0.057500 0.030375 0.991793 -0.124192 18.534300 0.008693 0.123983 0.992246 -2.042900 0.000000 0.000000 0.000000 1.000000
0.999374 -0.034900 0.005851 -0.057500 0.035347 0.992375 -0.118079 18.534300 -0.001686 0.118212 0.992987 -2.042900 0.000000 0.000000 0.000000 1.000000
0.998832 -0.042587 0.022835 -0.057500 0.044999 0.991950 -0.118368 18.534300 -0.017610 0.119257 0.992707 -2.042900 0.000000 0.000000 0.000000 1.000000
0.997766 -0.053642 0.039813 -0.057500 0.058046 0.991161 -0.119291 18.534300 -0.033062 0.121335 0.992061 -2.042900 0.000000 0.000000 0.000000 1.000000
0.997107 -0.060555 0.045944 -0.057500 0.065748 0.990409 -0.121523 18.534300 -0.038144 0.124192 0.991525 -2.042900 0.000000 0.000000 0.000000 1.000000
0.996793 -0.064840 0.046894 -0.057500 0.070249 0.989694 -0.124781 18.534300 -0.038320 0.127675 0.991076 -2.042900 0.000000 0.000000 0.000000 1.000000
0.996292 -0.068905 0.051521 -0.057500 0.075027 0.988897 -0.128271 18.534300 -0.042111 0.131661 0.990400 -2.042900 0.000000 0.000000 0.000000 1.000000
0.995510 -0.074160 0.058828 -0.057500 0.081357 0.988006 -0.131245 18.534300 -0.048390 0.135441 0.989603 -2.042900 0.000000 0.000000 0.000000 1.000000
0.994215 -0.080653 0.070939 -0.057500 0.089667 0.986814 -0.134748 18.534300 -0.059136 0.140330 0.988337 -2.042900 0.000000 0.000000 0.000000 1.000000
0.992994 -0.086619 0.080376 -0.057500 0.097818 0.984156 -0.147883 18.534300 -0.066293 0.154709 0.985733 -2.042900 0.000000 0.000000 0.000000 1.000000
0.992207 -0.091149 0.084951 -0.057500 0.104312 0.980551 -0.166247 18.534300 -0.068146 0.173812 0.982418 -2.042900 0.000000 0.000000 0.000000 1.000000
0.991565 -0.091620 0.091679 -0.057500 0.107277 0.977091 -0.183808 18.534300 -0.072738 0.192092 0.978678 -2.042900 0.000000 0.000000 0.000000 1.000000
0.990465 -0.091090 0.103354 -0.057500 0.109762 0.975151 -0.192440 18.534300 -0.083256 0.201949 0.975851 -2.042900 0.000000 0.000000 0.000000 1.000000
0.990529 -0.087848 0.105522 -0.057500 0.107719 0.973757 -0.200482 18.534300 -0.085141 0.209950 0.973998 -2.042900 0.000000 0.000000 0.000000 1.000000
0.991631 -0.084246 0.097832 -0.057500 0.103243 0.972432 -0.209087 18.534300 -0.077521 0.217437 0.972991 -2.042900 0.000000 0.000000 0.000000 1.000000
0.992956 -0.078892 0.088398 -0.057500 0.096366 0.971813 -0.215159 18.534300 -0.068932 0.222162 0.972570 -2.042900 0.000000 0.000000 0.000000 1.000000
0.994264 -0.072277 0.078831 -0.057500 0.087870 0.972241 -0.216854 18.534300 -0.060969 0.222537 0.973016 -2.042900 0.000000 0.000000 0.000000 1.000000
0.995471 -0.065381 0.069017 -0.057500 0.078713 0.973948 -0.212671 18.534300 -0.053314 0.217140 0.974683 -2.042900 0.000000 0.000000 0.000000 1.000000
0.996518 -0.058549 0.059354 -0.057500 0.069435 0.976897 -0.202117 18.534300 -0.046149 0.205535 0.977561 -2.042900 0.000000 0.000000 0.000000 1.000000
0.997418 -0.051434 0.050124 -0.057500 0.060118 0.979765 -0.190909 18.534300 -0.039290 0.193429 0.980327 -2.042900 0.000000 0.000000 0.000000 1.000000
0.998206 -0.043248 0.041400 -0.057500 0.050003 0.982535 -0.179234 18.534300 -0.032926 0.180983 0.982935 -2.042900 0.000000 0.000000 0.000000 1.000000
0.998593 -0.036820 0.038152 -0.057500 0.042698 0.985044 -0.166929 18.534300 -0.031435 0.168323 0.985230 -2.042900 0.000000 0.000000 0.000000 1.000000
0.998624 -0.034505 0.039491 -0.057500 0.040190 0.987307 -0.153653 18.534300 -0.033688 0.155028 0.987335 -2.042900 0.000000 0.000000 0.000000 1.000000
0.998605 -0.034384 0.040072 -0.057500 0.039722 0.989196 -0.141115 18.534300 -0.034787 0.142509 0.989182 -2.042900 0.000000 0.000000 0.000000 1.000000
0.998359 -0.042418 0.038478 -0.057500 0.047217 0.989870 -0.133897 18.534300 -0.032409 0.135494 0.990248 -2.042900 0.000000 0.000000 0.000000 1.000000
0.997797 -0.055411 0.036478 -0.057500 0.059685 0.989847 -0.129001 18.534300 -0.028960 0.130894 0.990973 -2.042900 0.000000 0.000000 0.000000 1.000000
0.997061 -0.067353 0.036501 -0.057500 0.071425 0.989580 -0.125017 18.534300 -0.027700 0.127256 0.991483 -2.042900 0.000000 0.000000 0.000000 1.000000
0.996500 -0.074533 0.037846 -0.057500 0.078585 0.989633 -0.120209 18.534300 -0.028494 0.122762 0.992027 -2.042900 0.000000 0.000000 0.000000 1.000000
0.996211 -0.077422 0.039608 -0.057500 0.081501 0.990062 -0.114604 18.534300 -0.030342 0.117398 0.992621 -2.042900 0.000000 0.000000 0.000000 1.000000
0.996265 -0.075972 0.041044 -0.057500 0.080113 0.990583 -0.111026 18.534300 -0.032223 0.113899 0.992970 -2.042900 0.000000 0.000000 0.000000 1.000000
0.996563 -0.071547 0.041749 -0.057500 0.075793 0.990924 -0.111017 18.534300 -0.033427 0.113799 0.992941 -2.042900 0.000000 0.000000 0.000000 1.000000
0.997015 -0.065147 0.041424 -0.057500 0.069576 0.990758 -0.116442 18.534300 -0.033456 0.118976 0.992333 -2.042900 0.000000 0.000000 0.000000 1.000000
0.997722 -0.056650 0.036620 -0.057500 0.060827 0.990242 -0.125385 18.534300 -0.029160 0.127327 0.991432 -2.042900 0.000000 0.000000 0.000000 1.000000
0.998466 -0.047391 0.028623 -0.057500 0.050832 0.989572 -0.134768 18.534300 -0.021937 0.136017 0.990464 -2.042900 0.000000 0.000000 0.000000 1.000000
0.999076 -0.038534 0.019032 -0.057500 0.040880 0.988717 -0.144108 18.534300 -0.013264 0.144753 0.989379 -2.042900 0.000000 0.000000 0.000000 1.000000
0.999487 -0.030701 0.009165 -0.057500 0.031743 0.987714 -0.153015 18.534300 -0.004355 0.153228 0.988181 -2.042900 0.000000 0.000000 0.000000 1.000000
0.999689 -0.024911 0.000670 -0.057500 0.024693 0.986618 -0.161170 18.534300 0.003354 0.161137 0.986926 -2.042900 0.000000 0.000000 0.000000 1.000000
0.999731 -0.022824 -0.004231 -0.057500 0.021786 0.985486 -0.168350 18.534300 0.008012 0.168213 0.985718 -2.042900 0.000000 0.000000 0.000000 1.000000
0.999677 -0.025005 -0.004565 -0.057500 0.023818 0.984229 -0.175285 18.534300 0.008876 0.175120 0.984507 -2.042900 0.000000 0.000000 0.000000 1.000000
0.999469 -0.032584 -0.000473 -0.057500 0.031951 0.982706 -0.182395 18.534300 0.006408 0.182283 0.983225 -2.042900 0.000000 0.000000 0.000000 1.000000
0.998992 -0.044335 0.006965 -0.057500 0.044851 0.980914 -0.189201 18.534300 0.001556 0.189322 0.981914 -2.042900 0.000000 0.000000 0.000000 1.000000
0.998137 -0.058729 0.016524 -0.057500 0.060827 0.978869 -0.195230 18.534300 -0.004709 0.195871 0.980618 -2.042900 0.000000 0.000000 0.000000 1.000000
0.996921 -0.073729 0.026701 -0.057500 0.077593 0.976696 -0.200113 18.534300 -0.011324 0.201568 0.979409 -2.042900 0.000000 0.000000 0.000000 1.000000
0.995489 -0.087663 0.036281 -0.057500 0.093244 0.974600 -0.203617 18.534300 -0.017509 0.206081 0.978378 -2.042900 0.000000 0.000000 0.000000 1.000000
0.994102 -0.099072 0.044113 -0.057500 0.106081 0.972862 -0.205635 18.534300 -0.022544 0.209102 0.977634 -2.042900 0.000000 0.000000 0.000000 1.000000
0.993213 -0.105746 0.048432 -0.057500 0.113531 0.971905 -0.206185 18.534300 -0.025268 0.210284 0.977314 -2.042900 0.000000 0.000000 0.000000 1.000000</float_array><technique_common><accessor source="#mixamorig_Spine-Matrix-animation-output-transform-array" count="51" stride="16"><param type="float4x4"/></accessor></technique_common></source><source id="mixamorig_Spine-Interpolations"><Name_array id="mixamorig_Spine-Interpolations-array" count="51">
 LINEAR LINEAR LINEAR LINEAR LINEAR LINEAR LINEAR LINEAR LINEAR LINEAR LINEAR
LINEAR LINEAR LINEAR LINEAR LINEAR LINEAR LINEAR LINEAR LINEAR LINEAR LINEAR LINEAR
LINEAR LINEAR LINEAR LINEAR LINEAR LINEAR LINEAR LINEAR LINEAR LINEAR LINEAR LINEAR
LINEAR LINEAR LINEAR LINEAR LINEAR LINEAR LINEAR LINEAR LINEAR LINEAR LINEAR LINEAR
LINEAR LINEAR LINEAR LINEAR</Name_array><technique_common><accessor source="#mixamorig_Spine-Interpolations-array" count="51"><param type="name"/></accessor></technique_common></source><sampler id="mixamorig_Spine-Matrix-animation-transform"><input semantic="INPUT" source="#mixamorig_Spine-Matrix-animation-input"/><input semantic="OUTPUT" source="#mixamorig_Spine-Matrix-animation-output-transform"/><input semantic="INTERPOLATION" source="#mixamorig_Spine-Interpolations"/></sampler><channel source="#mixamorig_Spine-Matrix-animation-transform" target="mixamorig_Spine/matrix"/></animation>
    <animation id="mixamorig_Spine1-anim" name="mixamorig_Spine1"><source id="mixamorig_Spine1-Matrix-animation-input"><float_array id="mixamorig_Spine1-Matrix-animation-input-array" count="51">

0.000000 0.033333 0.066667 0.100000 0.133333 0.166667 0.200000 0.233333 0.266667 0.300000 0.333333 0.366667 0.400000 0.433333 0.466667 0.500000
0.533333 0.566667 0.600000 0.633333 0.666667 0.700000 0.733333 0.766667 0.800000 0.833333 0.866667 0.900000 0.933333 0.966667 1.000000 1.033333
1.066667 1.100000 1.133333 1.166667 1.200000 1.233333 1.266667 1.300000 1.333333 1.366667 1.400000 1.433333 1.466667 1.500000 1.533333 1.566667
1.600000 1.633333 1.666667</float_array><technique_common><accessor source="#mixamorig_Spine1-Matrix-animation-input-array" count="51"><param name="TIME" type="float"/></accessor></technique_common></source><source id="mixamorig_Spine1-Matrix-animation-output-transform"><float_array id="mixamorig_Spine1-Matrix-animation-output-transform-array" count="816">

0.998351 -0.000558 0.057403 0.305500 0.010032 0.986262 -0.164887 19.736099 -0.056522 0.165190 0.984641 -0.783400 0.000000 0.000000 0.000000 1.000000
0.998247 0.005477 0.058940 0.305500 0.003455 0.988620 -0.150391 19.736099 -0.059093 0.150331 0.986868 -0.783400 0.000000 0.000000 0.000000 1.000000
0.997890 0.013423 0.063523 0.305500 -0.005302 0.991975 -0.126321 19.736099 -0.064709 0.125718 0.989953 -0.783400 0.000000 0.000000 0.000000 1.000000
0.997636 0.015551 0.066941 0.305500 -0.008099 0.993878 -0.110184 19.736099 -0.068245 0.109381 0.991654 -0.783400 0.000000 0.000000 0.000000 1.000000
0.997651 0.010908 0.067632 0.305500 -0.004093 0.994969 -0.100096 19.736099 -0.068383 0.099584 0.992677 -0.783400 0.000000 0.000000 0.000000 1.000000
0.997875 0.006267 0.064853 0.305500 -0.000083 0.995485 -0.094922 19.736099 -0.065155 0.094715 0.993370 -0.783400 0.000000 0.000000 0.000000 1.000000
0.998109 0.005050 0.061266 0.305500 0.000711 0.995605 -0.093653 19.736099 -0.061470 0.093520 0.993718 -0.783400 0.000000 0.000000 0.000000 1.000000
0.998283 0.001253 0.058555 0.305500 0.004489 0.995194 -0.097821 19.736099 -0.058396 0.097916 0.993480 -0.783400 0.000000 0.000000 0.000000 1.000000
0.998716 -0.005777 0.050336 0.305500 0.011036 0.994428 -0.104839 19.736099 -0.049450 0.105260 0.993214 -0.783400 0.000000 0.000000 0.000000 1.000000
0.999049 -0.014633 0.041077 0.305500 0.019051 0.993823 -0.109326 19.736099 -0.039223 0.110005 0.993157 -0.783400 0.000000 0.000000 0.000000 1.000000
0.999141 -0.024218 0.033612 0.305500 0.027769 0.993593 -0.109552 19.736099 -0.030744 0.110391 0.993413 -0.783400 0.000000 0.000000 0.000000 1.000000
0.999046 -0.032944 0.028683 0.305500 0.035886 0.993402 -0.108921 19.736099 -0.024906 0.109846 0.993637 -0.783400 0.000000 0.000000 0.000000 1.000000
0.998958 -0.036219 0.027759 0.305500 0.038998 0.993479 -0.107136 19.736099 -0.023697 0.108106 0.993857 -0.783400 0.000000 0.000000 0.000000 1.000000
0.999028 -0.033935 0.028140 0.305500 0.036752 0.993631 -0.106521 19.736099 -0.024346 0.107451 0.993912 -0.783400 0.000000 0.000000 0.000000 1.000000
0.998996 -0.032595 0.030735 0.305500 0.035832 0.993124 -0.111448 19.736099 -0.026891 0.112437 0.993295 -0.783400 0.000000 0.000000 0.000000 1.000000
0.998655 -0.037490 0.035811 0.305500 0.041471 0.992170 -0.117805 19.736099 -0.031114 0.119132 0.992391 -0.783400 0.000000 0.000000 0.000000 1.000000
0.998219 -0.045187 0.038956 0.305500 0.049624 0.991327 -0.121690 19.736099 -0.033119 0.123407 0.991803 -0.783400 0.000000 0.000000 0.000000 1.000000
0.998097 -0.048607 0.037939 0.305500 0.053062 0.990492 -0.126926 19.736099 -0.031409 0.128697 0.991186 -0.783400 0.000000 0.000000 0.000000 1.000000
0.998242 -0.044771 0.038845 0.305500 0.049698 0.989343 -0.136856 19.736099 -0.032304 0.138546 0.989829 -0.783400 0.000000 0.000000 0.000000 1.000000
0.998453 -0.038011 0.040593 0.305500 0.043558 0.988338 -0.145912 19.736099 -0.034573 0.147455 0.988464 -0.783400 0.000000 0.000000 0.000000 1.000000
0.998754 -0.034165 0.036379 0.305500 0.039341 0.987494 -0.152669 19.736099 -0.030708 0.153910 0.987608 -0.783400 0.000000 0.000000 0.000000 1.000000
0.999219 -0.030744 0.024827 0.305500 0.034278 0.986932 -0.157450 19.736099 -0.019662 0.158178 0.987215 -0.783400 0.000000 0.000000 0.000000 1.000000
0.999608 -0.025761 0.010963 0.305500 0.027174 0.986982 -0.158517 19.736099 -0.006736 0.158753 0.987295 -0.783400 0.000000 0.000000 0.000000 1.000000
0.999834 -0.018099 -0.001955 0.305500 0.017572 0.987587 -0.156089 19.736099 0.004755 0.156029 0.987741 -0.783400 0.000000 0.000000 0.000000 1.000000
0.999887 -0.009536 -0.011583 0.305500 0.007691 0.988646 -0.150068 19.736099 0.012883 0.149962 0.988608 -0.783400 0.000000 0.000000 0.000000 1.000000
0.999887 -0.003899 -0.014521 0.305500 0.001825 0.990125 -0.140173 19.736099 0.014924 0.140131 0.990021 -0.783400 0.000000 0.000000 0.000000 1.000000
0.999886 -0.002538 -0.014869 0.305500 0.000610 0.991740 -0.128266 19.736099 0.015072 0.128243 0.991628 -0.783400 0.000000 0.000000 0.000000 1.000000
0.999897 -0.006264 -0.012893 0.305500 0.004718 0.993168 -0.116595 19.736099 0.013535 0.116522 0.993096 -0.783400 0.000000 0.000000 0.000000 1.000000
0.999881 -0.012085 -0.009626 0.305500 0.011002 0.994351 -0.105567 19.736099 0.010847 0.105448 0.994366 -0.783400 0.000000 0.000000 0.000000 1.000000
0.999886 -0.014203 -0.005180 0.305500 0.013609 0.994814 -0.100792 19.736099 0.006585 0.100710 0.994894 -0.783400 0.000000 0.000000 0.000000 1.000000
0.999885 -0.015146 0.000283 0.305500 0.015100 0.994998 -0.098745 19.736099 0.001214 0.098738 0.995113 -0.783400 0.000000 0.000000 0.000000 1.000000
0.999812 -0.018290 0.006363 0.305500 0.018819 0.995152 -0.096535 19.736099 -0.004566 0.096637 0.995309 -0.783400 0.000000 0.000000 0.000000 1.000000
0.999648 -0.023105 0.013019 0.305500 0.024218 0.995359 -0.093135 19.736099 -0.010806 0.093417 0.995568 -0.783400 0.000000 0.000000 0.000000 1.000000
0.999465 -0.026173 0.019632 0.305500 0.027857 0.995456 -0.091056 19.736099 -0.017159 0.091554 0.995652 -0.783400 0.000000 0.000000 0.000000 1.000000
0.999209 -0.030034 0.026072 0.305500 0.032256 0.995468 -0.089456 19.736099 -0.023267 0.090226 0.995649 -0.783400 0.000000 0.000000 0.000000 1.000000
0.998888 -0.034389 0.032239 0.305500 0.037138 0.995343 -0.088955 19.736099 -0.029030 0.090053 0.995514 -0.783400 0.000000 0.000000 0.000000 1.000000
0.998531 -0.039111 0.037498 0.305500 0.042395 0.994930 -0.091197 19.736099 -0.033741 0.092653 0.995127 -0.783400 0.000000 0.000000 0.000000 1.000000
0.998195 -0.044053 0.040828 0.305500 0.047824 0.994179 -0.096546 19.736099 -0.036337 0.098324 0.994491 -0.783400 0.000000 0.000000 0.000000 1.000000
0.997845 -0.048773 0.043886 0.305500 0.053069 0.993292 -0.102739 19.736099 -0.038580 0.104847 0.993740 -0.783400 0.000000 0.000000 0.000000 1.000000
0.997502 -0.053011 0.046682 0.305500 0.057840 0.992354 -0.109029 19.736099 -0.040545 0.111457 0.992942 -0.783400 0.000000 0.000000 0.000000 1.000000
0.997188 -0.056503 0.049226 0.305500 0.061869 0.991397 -0.115347 19.736099 -0.042285 0.118068 0.992105 -0.783400 0.000000 0.000000 0.000000 1.000000
0.996928 -0.058988 0.051531 0.305500 0.064892 0.990453 -0.121624 19.736099 -0.043865 0.124595 0.991238 -0.783400 0.000000 0.000000 0.000000 1.000000
0.996745 -0.060200 0.053617 0.305500 0.066641 0.989559 -0.127797 19.736099 -0.045364 0.130954 0.990350 -0.783400 0.000000 0.000000 0.000000 1.000000
0.996669 -0.059768 0.055488 0.305500 0.066741 0.988763 -0.133763 19.736099 -0.046870 0.137020 0.989459 -0.783400 0.000000 0.000000 0.000000 1.000000
0.996875 -0.055037 0.056671 0.305500 0.062465 0.988326 -0.138959 19.736099 -0.048361 0.142065 0.988675 -0.783400 0.000000 0.000000 0.000000 1.000000
0.997348 -0.045212 0.057039 0.305500 0.053037 0.988140 -0.144104 19.736099 -0.049848 0.146747 0.987917 -0.783400 0.000000 0.000000 0.000000 1.000000
0.997811 -0.033750 0.056863 0.305500 0.041946 0.987835 -0.149744 19.736099 -0.051117 0.151801 0.987088 -0.783400 0.000000 0.000000 0.000000 1.000000
0.998136 -0.022691 0.056648 0.305500 0.031216 0.987506 -0.154458 19.736099 -0.052436 0.155939 0.986374 -0.783400 0.000000 0.000000 0.000000 1.000000
0.998381 -0.012299 0.055536 0.305500 0.021061 0.986882 -0.160066 19.736099 -0.052838 0.160977 0.985543 -0.783400 0.000000 0.000000 0.000000 1.000000
0.998449 -0.004574 0.055487 0.305500 0.013607 0.986446 -0.163523 19.736099 -0.053987 0.164025 0.984978 -0.783400 0.000000 0.000000 0.000000 1.000000
0.998351 -0.000558 0.057403 0.305500 0.010032 0.986262 -0.164887 19.736099 -0.056522 0.165190 0.984641 -0.783400 0.000000 0.000000 0.000000 1.000000</float_array><technique_common><accessor source="#mixamorig_Spine1-Matrix-animation-output-transform-array" count="51" stride="16"><param type="float4x4"/></accessor></technique_common></source><source id="mixamorig_Spine1-Interpolations"><Name_array id="mixamorig_Spine1-Interpolations-array" count="51">
 LINEAR LINEAR LINEAR LINEAR LINEAR LINEAR LINEAR LINEAR LINEAR LINEAR LINEAR
LINEAR LINEAR LINEAR LINEAR LINEAR LINEAR LINEAR LINEAR LINEAR LINEAR LINEAR LINEAR
LINEAR LINEAR LINEAR LINEAR LINEAR LINEAR LINEAR LINEAR LINEAR LINEAR LINEAR LINEAR
LINEAR LINEAR LINEAR LINEAR LINEAR LINEAR LINEAR LINEAR LINEAR LINEAR LINEAR LINEAR
LINEAR LINEAR LINEAR LINEAR</Name_array><technique_common><accessor source="#mixamorig_Spine1-Interpolations-array" count="51"><param type="name"/></accessor></technique_common></source><sampler id="mixamorig_Spine1-Matrix-animation-transform"><input semantic="INPUT" source="#mixamorig_Spine1-Matrix-animation-input"/><input semantic="OUTPUT" source="#mixamorig_Spine1-Matrix-animation-output-transform"/><input semantic="INTERPOLATION" source="#mixamorig_Spine1-Interpolations"/></sampler><channel source="#mixamorig_Spine1-Matrix-animation-transform" target="mixamorig_Spine1/matrix"/></animation>
    <animation id="mixamorig_Spine2-anim" name="mixamorig_Spine2"><source id="mixamorig_Spine2-Matrix-animation-input"><float_array id="mixamorig_Spine2-Matrix-animation-input-array" count="51">

0.000000 0.033333 0.066667 0.100000 0.133333 0.166667 0.200000 0.233333 0.266667 0.300000 0.333333 0.366667 0.400000 0.433333 0.466667 0.500000
0.533333 0.566667 0.600000 0.633333 0.666667 0.700000 0.733333 0.766667 0.800000 0.833333 0.866667 0.900000 0.933333 0.966667 1.000000 1.033333
1.066667 1.100000 1.133333 1.166667 1.200000 1.233333 1.266667 1.300000 1.333333 1.366667 1.400000 1.433333 1.466667 1.500000 1.533333 1.566667
1.600000 1.633333 1.666667</float_array><technique_common><accessor source="#mixamorig_Spine2-Matrix-animation-input-array" count="51"><param name="TIME" type="float"/></accessor></technique_common></source><source id="mixamorig_Spine2-Matrix-animation-output-transform"><float_array id="mixamorig_Spine2-Matrix-animation-output-transform-array" count="816">

0.998557 0.008307 0.053047 0.152700 0.000635 0.986064 -0.166365 25.612801 -0.053690 0.166159 0.984636 -0.124700 0.000000 0.000000 0.000000 1.000000
0.998424 0.015477 0.053941 0.152700 -0.007142 0.988446 -0.151407 25.612801 -0.055661 0.150783 0.986999 -0.124700 0.000000 0.000000 0.000000 1.000000
0.997971 0.024598 0.058721 0.152700 -0.017011 0.991837 -0.126375 25.612801 -0.061351 0.125119 0.990243 -0.124700 0.000000 0.000000 0.000000 1.000000
0.997605 0.026303 0.063966 0.152700 -0.019165 0.993774 -0.109751 25.612801 -0.066455 0.108263 0.991899 -0.124700 0.000000 0.000000 0.000000 1.000000
0.997528 0.023031 0.066382 0.152700 -0.016308 0.994844 -0.100100 25.612801 -0.068345 0.098770 0.992760 -0.124700 0.000000 0.000000 0.000000 1.000000
0.997846 0.018656 0.062886 0.152700 -0.012602 0.995366 -0.095326 25.612801 -0.064373 0.094328 0.993458 -0.124700 0.000000 0.000000 0.000000 1.000000
0.998162 0.012828 0.059222 0.152700 -0.007210 0.995534 -0.094125 25.612801 -0.060165 0.093525 0.993797 -0.124700 0.000000 0.000000 0.000000 1.000000
0.998367 0.007497 0.056628 0.152700 -0.001885 0.995134 -0.098516 25.612801 -0.057091 0.098248 0.993523 -0.124700 0.000000 0.000000 0.000000 1.000000
0.998816 -0.000150 0.048652 0.152700 0.005296 0.994387 -0.105672 25.612801 -0.048363 0.105805 0.993210 -0.124700 0.000000 0.000000 0.000000 1.000000
0.999195 -0.008200 0.039278 0.152700 0.012480 0.993855 -0.109988 25.612801 -0.038134 0.110389 0.993157 -0.124700 0.000000 0.000000 0.000000 1.000000
0.999342 -0.016842 0.032133 0.152700 0.020287 0.993718 -0.110062 25.612801 -0.030078 0.110641 0.993405 -0.124700 0.000000 0.000000 0.000000 1.000000
0.999339 -0.023672 0.027577 0.152700 0.026551 0.993665 -0.109200 25.612801 -0.024818 0.109860 0.993637 -0.124700 0.000000 0.000000 0.000000 1.000000
0.999267 -0.027386 0.026739 0.152700 0.030107 0.993769 -0.107318 25.612801 -0.023633 0.108045 0.993865 -0.124700 0.000000 0.000000 0.000000 1.000000
0.999216 -0.028912 0.027050 0.152700 0.031647 0.993772 -0.106848 25.612801 -0.023793 0.107620 0.993907 -0.124700 0.000000 0.000000 0.000000 1.000000
0.999103 -0.031011 0.028828 0.152700 0.034065 0.993090 -0.112299 25.612801 -0.025146 0.113180 0.993256 -0.124700 0.000000 0.000000 0.000000 1.000000
0.998922 -0.033168 0.032479 0.152700 0.036818 0.992194 -0.119146 25.612801 -0.028273 0.120213 0.992345 -0.124700 0.000000 0.000000 0.000000 1.000000
0.998722 -0.035811 0.035664 0.152700 0.039946 0.991611 -0.122929 25.612801 -0.030962 0.124197 0.991774 -0.124700 0.000000 0.000000 0.000000 1.000000
0.998577 -0.036692 0.038696 0.152700 0.041361 0.990948 -0.127715 25.612801 -0.033660 0.129134 0.991056 -0.124700 0.000000 0.000000 0.000000 1.000000
0.998563 -0.035766 0.039899 0.152700 0.040945 0.989636 -0.137636 25.612801 -0.034562 0.139072 0.989679 -0.124700 0.000000 0.000000 0.000000 1.000000
0.998594 -0.033048 0.041442 0.152700 0.038809 0.988379 -0.146975 25.612801 -0.036103 0.148377 0.988272 -0.124700 0.000000 0.000000 0.000000 1.000000
0.998910 -0.028269 0.037154 0.152700 0.033664 0.987542 -0.153710 25.612801 -0.032346 0.154793 0.987417 -0.124700 0.000000 0.000000 0.000000 1.000000
0.999371 -0.024387 0.025758 0.152700 0.028165 0.986991 -0.158289 25.612801 -0.021563 0.158915 0.987057 -0.124700 0.000000 0.000000 0.000000 1.000000
0.999740 -0.019459 0.011865 0.152700 0.021101 0.987033 -0.159125 25.612801 -0.008614 0.159334 0.987187 -0.124700 0.000000 0.000000 0.000000 1.000000
0.999930 -0.011702 -0.001530 0.152700 0.011318 0.987587 -0.156664 25.612801 0.003345 0.156635 0.987651 -0.124700 0.000000 0.000000 0.000000 1.000000
0.999935 -0.002215 -0.011185 0.152700 0.000505 0.988589 -0.150638 25.612801 0.011391 0.150623 0.988526 -0.124700 0.000000 0.000000 0.000000 1.000000
0.999875 0.005347 -0.014856 0.152700 -0.007385 0.990023 -0.140711 25.612801 0.013955 0.140803 0.989939 -0.124700 0.000000 0.000000 0.000000 1.000000
0.999877 0.006712 -0.014154 0.152700 -0.008480 0.991640 -0.128760 25.612801 0.013171 0.128864 0.991575 -0.124700 0.000000 0.000000 0.000000 1.000000
0.999918 0.003976 -0.012179 0.152700 -0.005374 0.993112 -0.117043 25.612801 0.011630 0.117099 0.993052 -0.124700 0.000000 0.000000 0.000000 1.000000
0.999966 0.000143 -0.008295 0.152700 -0.001034 0.994208 -0.107469 25.612801 0.008231 0.107474 0.994174 -0.124700 0.000000 0.000000 0.000000 1.000000
0.999984 -0.003725 -0.004304 0.152700 0.003266 0.994766 -0.102128 25.612801 0.004662 0.102112 0.994762 -0.124700 0.000000 0.000000 0.000000 1.000000
0.999979 -0.006421 0.000376 0.152700 0.006426 0.994983 -0.099834 25.612801 0.000267 0.099834 0.995004 -0.124700 0.000000 0.000000 0.000000 1.000000
0.999940 -0.008937 0.006338 0.152700 0.009513 0.995185 -0.097555 25.612801 -0.005436 0.097609 0.995210 -0.124700 0.000000 0.000000 0.000000 1.000000
0.999836 -0.012380 0.013216 0.152700 0.013578 0.995409 -0.094746 25.612801 -0.011982 0.094910 0.995414 -0.124700 0.000000 0.000000 0.000000 1.000000
0.999683 -0.015880 0.019520 0.152700 0.017608 0.995623 -0.091787 25.612801 -0.017977 0.092102 0.995587 -0.124700 0.000000 0.000000 0.000000 1.000000
0.999478 -0.019630 0.025643 0.152700 0.021858 0.995729 -0.089698 25.612801 -0.023773 0.090211 0.995639 -0.124700 0.000000 0.000000 0.000000 1.000000
0.999208 -0.023949 0.031786 0.152700 0.026699 0.995662 -0.089132 25.612801 -0.029514 0.089910 0.995513 -0.124700 0.000000 0.000000 0.000000 1.000000
0.998886 -0.028765 0.037416 0.152700 0.032083 0.995305 -0.091314 25.612801 -0.034613 0.092413 0.995119 -0.124700 0.000000 0.000000 0.000000 1.000000
0.998537 -0.033914 0.042118 0.152700 0.037863 0.994582 -0.096810 25.612801 -0.038607 0.098263 0.994411 -0.124700 0.000000 0.000000 0.000000 1.000000
0.998159 -0.038812 0.046606 0.152700 0.043453 0.993723 -0.103084 25.612801 -0.042313 0.104919 0.993580 -0.124700 0.000000 0.000000 0.000000 1.000000
0.997776 -0.043163 0.050788 0.152700 0.048519 0.992808 -0.109447 25.612801 -0.045699 0.111667 0.992694 -0.124700 0.000000 0.000000 0.000000 1.000000
0.997419 -0.046667 0.054574 0.152700 0.052745 0.991867 -0.115834 25.612801 -0.048724 0.118413 0.991768 -0.124700 0.000000 0.000000 0.000000 1.000000
0.997119 -0.049028 0.057875 0.152700 0.055815 0.990937 -0.122184 25.612801 -0.051360 0.125062 0.990819 -0.124700 0.000000 0.000000 0.000000 1.000000
0.996911 -0.049940 0.060610 0.152700 0.057406 0.990054 -0.128444 25.612801 -0.053593 0.131526 0.989863 -0.124700 0.000000 0.000000 0.000000 1.000000
0.996809 -0.049327 0.062762 0.152700 0.057421 0.989248 -0.134501 25.612801 -0.055452 0.137675 0.988924 -0.124700 0.000000 0.000000 0.000000 1.000000
0.996977 -0.044964 0.063365 0.152700 0.053475 0.988740 -0.139760 25.612801 -0.056367 0.142726 0.988156 -0.124700 0.000000 0.000000 0.000000 1.000000
0.997487 -0.034716 0.061766 0.152700 0.043384 0.988474 -0.145042 25.612801 -0.056019 0.147357 0.987496 -0.124700 0.000000 0.000000 0.000000 1.000000
0.997981 -0.022805 0.059275 0.152700 0.031536 0.988058 -0.150821 25.612801 -0.055128 0.152385 0.986782 -0.124700 0.000000 0.000000 0.000000 1.000000
0.998321 -0.011385 0.056793 0.152700 0.020117 0.987609 -0.155642 25.612801 -0.054317 0.156523 0.986180 -0.124700 0.000000 0.000000 0.000000 1.000000
0.998555 -0.004162 0.053572 0.152700 0.012769 0.986816 -0.161342 25.612801 -0.052194 0.161793 0.985443 -0.124700 0.000000 0.000000 0.000000 1.000000
0.998642 0.003871 0.051962 0.152700 0.004756 0.986300 -0.164894 25.612801 -0.051889 0.164917 0.984942 -0.124700 0.000000 0.000000 0.000000 1.000000
0.998557 0.008307 0.053047 0.152700 0.000635 0.986064 -0.166365 25.612801 -0.053690 0.166159 0.984636 -0.124700 0.000000 0.000000 0.000000 1.000000</float_array><technique_common><accessor source="#mixamorig_Spine2-Matrix-animation-output-transform-array" count="51" stride="16"><param type="float4x4"/></accessor></technique_common></source><source id="mixamorig_Spine2-Interpolations"><Name_array id="mixamorig_Spine2-Interpolations-array" count="51">
 LINEAR LINEAR LINEAR LINEAR LINEAR LINEAR LINEAR LINEAR LINEAR LINEAR LINEAR
LINEAR LINEAR LINEAR LINEAR LINEAR LINEAR LINEAR LINEAR LINEAR LINEAR LINEAR LINEAR
LINEAR LINEAR LINEAR LINEAR LINEAR LINEAR LINEAR LINEAR LINEAR LINEAR LINEAR LINEAR
LINEAR LINEAR LINEAR LINEAR LINEAR LINEAR LINEAR LINEAR LINEAR LINEAR LINEAR LINEAR
LINEAR LINEAR LINEAR LINEAR</Name_array><technique_common><accessor source="#mixamorig_Spine2-Interpolations-array" count="51"><param type="name"/></accessor></technique_common></source><sampler id="mixamorig_Spine2-Matrix-animation-transform"><input semantic="INPUT" source="#mixamorig_Spine2-Matrix-animation-input"/><input semantic="OUTPUT" source="#mixamorig_Spine2-Matrix-animation-output-transform"/><input semantic="INTERPOLATION" source="#mixamorig_Spine2-Interpolations"/></sampler><channel source="#mixamorig_Spine2-Matrix-animation-transform" target="mixamorig_Spine2/matrix"/></animation>
