<?xml version="1.0" encoding="utf-8"?>
<COLLADA xmlns="http://www.collada.org/2005/11/COLLADASchema" version="1.4.1">
  <asset><contributor><author>Mixamo</author><authoring_tool>COLLADA Mixamo exporter</authoring_tool><comments></comments></contributor><created>2018-02-10T15:59:02Z</created><modified>2018-02-10T15:59:02Z</modified><revision></revision><title></title><unit meter="0.010000"/><up_axis>Y_UP</up_axis></asset>
  <library_animations>
    <animation id="mixamorig_Hips-anim" name="mixamorig_Hips"><source id="mixamorig_Hips-Matrix-animation-input"><float_array id="mixamorig_Hips-Matrix-animation-input-array" count="31">

0.000000 0.033333 0.066667 0.100000 0.133333 0.166667 0.200000 0.233333 0.266667 0.300000 0.333333 0.366667 0.400000 0.433333 0.466667 0.500000
0.533333 0.566667 0.600000 0.633333 0.666667 0.700000 0.733333 0.766667 0.800000 0.833333 0.866667 0.900000 0.933333 0.966667 1.000000</float_array><technique_common><accessor source="#mixamorig_Hips-Matrix-animation-input-array" count="31"><param name="TIME" type="float"/></accessor></technique_common></source><source id="mixamorig_Hips-Matrix-animation-output-transform"><float_array id="mixamorig_Hips-Matrix-animation-output-transform-array" count="496">

0.998861 0.035457 0.031933 -3.634489 -0.028339 0.979216 -0.200833 196.152740 -0.038390 0.199699 0.979105 0.313836 0.000000 0.000000 0.000000 1.000000
0.996870 0.063173 0.047541 -5.262403 -0.053439 0.981526 -0.183717 193.742477 -0.058269 0.180601 0.981829 13.021555 0.000000 0.000000 0.000000 1.000000
0.994267 0.092602 0.053457 -6.292033 -0.082472 0.982365 -0.167803 191.398056 -0.068054 0.162432 0.984370 24.659359 0.000000 0.000000 0.000000 1.000000
0.991441 0.120240 0.050860 -6.675683 -0.110913 0.981240 -0.157690 190.134033 -0.068866 0.150699 0.986178 35.373405 0.000000 0.000000 0.000000 1.000000
0.989600 0.137817 0.041199 -6.775842 -0.129836 0.979097 -0.156562 190.795135 -0.061915 0.149585 0.986808 46.048737 0.000000 0.000000 0.000000 1.000000
0.989395 0.143205 0.024289 -6.917618 -0.137415 0.977025 -0.162907 193.246506 -0.047060 0.157842 0.986342 57.127094 0.000000 0.000000 0.000000 1.000000
0.990092 0.140422 -0.000119 -7.070002 -0.138363 0.975430 -0.171442 196.444916 -0.023958 0.169759 0.985194 68.454628 0.000000 0.000000 0.000000 1.000000
0.990617 0.133771 -0.027997 -7.117320 -0.136622 0.974667 -0.177083 199.507462 0.003599 0.179246 0.983798 79.928276 0.000000 0.000000 0.000000 1.000000
0.990601 0.126465 -0.052116 -7.024512 -0.133826 0.974872 -0.178090 201.904083 0.028284 0.183391 0.982633 91.469872 0.000000 0.000000 0.000000 1.000000
0.990081 0.121592 -0.070392 -6.818286 -0.132345 0.975318 -0.176746 203.189957 0.047164 0.184309 0.981736 103.018723 0.000000 0.000000 0.000000 1.000000
0.989071 0.118004 -0.088399 -6.602724 -0.132178 0.975298 -0.176983 203.457550 0.065331 0.186733 0.980236 114.683495 0.000000 0.000000 0.000000 1.000000
0.987005 0.114969 -0.112266 -6.515006 -0.133949 0.974578 -0.179599 203.068909 0.088764 0.192303 0.977313 126.594337 0.000000 0.000000 0.000000 1.000000
0.983918 0.110615 -0.140251 -6.565175 -0.135241 0.974255 -0.180379 201.354996 0.116688 0.196446 0.973547 138.556473 0.000000 0.000000 0.000000 1.000000
0.980495 0.108317 -0.164005 -6.315573 -0.136843 0.975182 -0.174050 199.001312 0.141082 0.193098 0.970984 151.328125 0.000000 0.000000 0.000000 1.000000
0.979747 0.097792 -0.174738 -5.585846 -0.126259 0.979004 -0.160031 196.218079 0.155420 0.178852 0.971523 164.550568 0.000000 0.000000 0.000000 1.000000
0.981647 0.075964 -0.174923 -4.438375 -0.101204 0.984935 -0.140219 192.954224 0.161636 0.155349 0.974546 177.986282 0.000000 0.000000 0.000000 1.000000
0.983831 0.047362 -0.172722 -3.222042 -0.068535 0.990555 -0.118757 189.742813 0.165466 0.128675 0.977785 191.365891 0.000000 0.000000 0.000000 1.000000
0.984348 0.014262 -0.175658 -2.449117 -0.032711 0.994186 -0.102584 187.388977 0.173174 0.106725 0.979092 203.385544 0.000000 0.000000 0.000000 1.000000
0.983246 -0.006503 -0.182166 -2.241338 -0.011644 0.995082 -0.098370 186.781143 0.181910 0.098843 0.978335 214.425842 0.000000 0.000000 0.000000 1.000000
0.983338 -0.009806 -0.181524 -2.488062 -0.009843 0.994207 -0.107032 188.502151 0.181522 0.107035 0.977545 225.007233 0.000000 0.000000 0.000000 1.000000
0.986031 0.001285 -0.166560 -3.023154 -0.022016 0.992202 -0.122682 191.915527 0.165103 0.124635 0.978370 235.405838 0.000000 0.000000 0.000000 1.000000
0.989986 0.018623 -0.139932 -3.746243 -0.038074 0.989750 -0.137643 195.870667 0.135935 0.141593 0.980547 245.708847 0.000000 0.000000 0.000000 1.000000
0.993016 0.035358 -0.112558 -4.594254 -0.051917 0.987657 -0.147775 199.451462 0.105944 0.152587 0.982595 257.815613 0.000000 0.000000 0.000000 1.000000
0.994773 0.046446 -0.090939 -5.506268 -0.060189 0.986119 -0.154748 202.078598 0.082489 0.159412 0.983760 270.287079 0.000000 0.000000 0.000000 1.000000
0.996261 0.052860 -0.068335 -6.454116 -0.063383 0.984692 -0.162372 203.593262 0.058706 0.166097 0.984360 283.054626 0.000000 0.000000 0.000000 1.000000
0.997347 0.056242 -0.046216 -7.117831 -0.063333 0.983409 -0.169985 203.995026 0.035889 0.172461 0.984362 296.051239 0.000000 0.000000 0.000000 1.000000
0.998052 0.056587 -0.026264 -7.066436 -0.060357 0.982338 -0.177111 203.380463 0.015778 0.178352 0.983840 309.305634 0.000000 0.000000 0.000000 1.000000
0.998525 0.053869 -0.006847 -6.200536 -0.054206 0.981295 -0.184719 201.927109 -0.003231 0.184817 0.982768 322.771149 0.000000 0.000000 0.000000 1.000000
0.998931 0.044608 0.012161 -5.091142 -0.041437 0.980414 -0.192541 200.123367 -0.020511 0.191831 0.981214 336.414948 0.000000 0.000000 0.000000 1.000000
0.998933 0.037910 0.026365 -4.077354 -0.031935 0.979572 -0.198544 198.099609 -0.033353 0.197490 0.979737 349.833984 0.000000 0.000000 0.000000 1.000000
0.998844 0.035850 0.032014 -3.641409 -0.028708 0.979206 -0.200826 196.116867 -0.038548 0.199675 0.979104 362.846222 0.000000 0.000000 0.000000 1.000000</float_array><technique_common><accessor source="#mixamorig_Hips-Matrix-animation-output-transform-array" count="31" stride="16"><param type="float4x4"/></accessor></technique_common></source><source id="mixamorig_Hips-Interpolations"><Name_array id="mixamorig_Hips-Interpolations-array" count="31">
 LINEAR LINEAR LINEAR LINEAR LINEAR LINEAR LINEAR LINEAR LINEAR LINEAR LINEAR
LINEAR LINEAR LINEAR LINEAR LINEAR LINEAR LINEAR LINEAR LINEAR LINEAR LINEAR LINEAR
LINEAR LINEAR LINEAR LINEAR LINEAR LINEAR LINEAR LINEAR</Name_array><technique_common><accessor source="#mixamorig_Hips-Interpolations-array" count="31"><param type="name"/></accessor></technique_common></source><sampler id="mixamorig_Hips-Matrix-animation-transform"><input semantic="INPUT" source="#mixamorig_Hips-Matrix-animation-input"/><input semantic="OUTPUT" source="#mixamorig_Hips-Matrix-animation-output-transform"/><input semantic="INTERPOLATION" source="#mixamorig_Hips-Interpolations"/></sampler><channel source="#mixamorig_Hips-Matrix-animation-transform" target="mixamorig_Hips/matrix"/></animation>
    <animation id="mixamorig_Spine-anim" name="mixamorig_Spine"><source id="mixamorig_Spine-Matrix-animation-input"><float_array id="mixamorig_Spine-Matrix-animation-input-array" count="31">

0.000000 0.033333 0.066667 0.100000 0.133333 0.166667 0.200000 0.233333 0.266667 0.300000 0.333333 0.366667 0.400000 0.433333 0.466667 0.500000
0.533333 0.566667 0.600000 0.633333 0.666667 0.700000 0.733333 0.766667 0.800000 0.833333 0.866667 0.900000 0.933333 0.966667 1.000000</float_array><technique_common><accessor source="#mixamorig_Spine-Matrix-animation-input-array" count="31"><param name="TIME" type="float"/></accessor></technique_common></source><source id="mixamorig_Spine-Matrix-animation-output-transform"><float_array id="mixamorig_Spine-Matrix-animation-output-transform-array" count="496">

0.999704 0.019770 -0.014195 -0.057500 -0.020486 0.998424 -0.052239 18.534300 0.013140 0.052515 0.998534 -2.042900 0.000000 0.000000 0.000000 1.000000
0.999928 0.005135 -0.010856 -0.057500 -0.005748 0.998349 -0.057144 18.534300 0.010544 0.057203 0.998307 -2.042900 0.000000 0.000000 0.000000 1.000000
0.999886 -0.012287 -0.008825 -0.057500 0.011717 0.998008 -0.061987 18.534300 0.009569 0.061877 0.998038 -2.042900 0.000000 0.000000 0.000000 1.000000
0.999445 -0.032483 -0.007339 -0.057500 0.031925 0.997285 -0.066353 18.534300 0.009475 0.066082 0.997769 -2.042900 0.000000 0.000000 0.000000 1.000000
0.998795 -0.048822 -0.005066 -0.057500 0.048356 0.996436 -0.069116 18.534300 0.008422 0.068788 0.997596 -2.042900 0.000000 0.000000 0.000000 1.000000
0.998370 -0.057066 -0.001098 -0.057500 0.056854 0.995985 -0.069151 18.534300 0.005040 0.068976 0.997606 -2.042900 0.000000 0.000000 0.000000 1.000000
0.998313 -0.057879 0.004548 -0.057500 0.058053 0.996094 -0.066530 18.534300 -0.000679 0.066682 0.997774 -2.042900 0.000000 0.000000 0.000000 1.000000
0.998469 -0.054190 0.011101 -0.057500 0.054781 0.996535 -0.062591 18.534300 -0.007671 0.063104 0.997977 -2.042900 0.000000 0.000000 0.000000 1.000000
0.998605 -0.049957 0.017072 -0.057500 0.050877 0.996986 -0.058564 18.534300 -0.014095 0.059351 0.998138 -2.042900 0.000000 0.000000 0.000000 1.000000
0.998517 -0.049726 0.022152 -0.057500 0.050871 0.997217 -0.054504 18.534300 -0.019380 0.055550 0.998268 -2.042900 0.000000 0.000000 0.000000 1.000000
0.998264 -0.052273 0.027139 -0.057500 0.053577 0.997323 -0.049773 18.534300 -0.024464 0.051140 0.998392 -2.042900 0.000000 0.000000 0.000000 1.000000
0.998024 -0.053781 0.032483 -0.057500 0.055201 0.997482 -0.044519 18.534300 -0.030006 0.046224 0.998480 -2.042900 0.000000 0.000000 0.000000 1.000000
0.998135 -0.048834 0.036630 -0.057500 0.050307 0.997916 -0.040419 18.534300 -0.034580 0.042186 0.998511 -2.042900 0.000000 0.000000 0.000000 1.000000
0.998360 -0.042445 0.038414 -0.057500 0.043951 0.998262 -0.039253 18.534300 -0.036682 0.040877 0.998491 -2.042900 0.000000 0.000000 0.000000 1.000000
0.998887 -0.030344 0.036099 -0.057500 0.031876 0.998581 -0.042661 18.534300 -0.034754 0.043765 0.998437 -2.042900 0.000000 0.000000 0.000000 1.000000
0.999340 -0.015734 0.032743 -0.057500 0.017324 0.998655 -0.048872 18.534300 -0.031930 0.049407 0.998268 -2.042900 0.000000 0.000000 0.000000 1.000000
0.999528 -0.002661 0.030609 -0.057500 0.004358 0.998447 -0.055530 18.534300 -0.030413 0.055637 0.997988 -2.042900 0.000000 0.000000 0.000000 1.000000
0.999439 0.013340 0.030728 -0.057500 -0.011450 0.998081 -0.060856 18.534300 -0.031481 0.060470 0.997673 -2.042900 0.000000 0.000000 0.000000 1.000000
0.999209 0.023787 0.031854 -0.057500 -0.021705 0.997702 -0.064178 18.534300 -0.033308 0.063436 0.997430 -2.042900 0.000000 0.000000 0.000000 1.000000
0.999171 0.027994 0.029567 -0.057500 -0.025995 0.997484 -0.065961 18.534300 -0.031340 0.065138 0.997384 -2.042900 0.000000 0.000000 0.000000 1.000000
0.999356 0.027195 0.023396 -0.057500 -0.025572 0.997421 -0.067063 18.534300 -0.025159 0.066421 0.997474 -2.042900 0.000000 0.000000 0.000000 1.000000
0.999572 0.024503 0.015964 -0.057500 -0.023359 0.997394 -0.068261 18.534300 -0.017595 0.067859 0.997540 -2.042900 0.000000 0.000000 0.000000 1.000000
0.999678 0.023184 0.010331 -0.057500 -0.022415 0.997351 -0.069204 18.534300 -0.011908 0.068951 0.997549 -2.042900 0.000000 0.000000 0.000000 1.000000
0.999638 0.025896 0.007289 -0.057500 -0.025336 0.997321 -0.068627 18.534300 -0.009047 0.068418 0.997616 -2.042900 0.000000 0.000000 0.000000 1.000000
0.999481 0.031696 0.005795 -0.057500 -0.031247 0.997346 -0.065767 18.534300 -0.007864 0.065552 0.997818 -2.042900 0.000000 0.000000 0.000000 1.000000
0.999332 0.036322 0.003913 -0.057500 -0.036012 0.997451 -0.061596 18.534300 -0.006140 0.061414 0.998093 -2.042900 0.000000 0.000000 0.000000 1.000000
0.999346 0.036158 0.000286 -0.057500 -0.036081 0.997672 -0.057863 18.534300 -0.002377 0.057815 0.998324 -2.042900 0.000000 0.000000 0.000000 1.000000
0.999491 0.031565 -0.004667 -0.057500 -0.031775 0.997959 -0.055386 18.534300 0.002909 0.055506 0.998454 -2.042900 0.000000 0.000000 0.000000 1.000000
0.999597 0.026713 -0.009560 -0.057500 -0.027190 0.998178 -0.053874 18.534300 0.008103 0.054112 0.998502 -2.042900 0.000000 0.000000 0.000000 1.000000
0.999671 0.022214 -0.012813 -0.057500 -0.022862 0.998337 -0.052913 18.534300 0.011617 0.053188 0.998517 -2.042900 0.000000 0.000000 0.000000 1.000000
0.999711 0.019372 -0.014256 -0.057500 -0.020093 0.998432 -0.052253 18.534300 0.013221 0.052524 0.998532 -2.042900 0.000000 0.000000 0.000000 1.000000</float_array><technique_common><accessor source="#mixamorig_Spine-Matrix-animation-output-transform-array" count="31" stride="16"><param type="float4x4"/></accessor></technique_common></source><source id="mixamorig_Spine-Interpolations"><Name_array id="mixamorig_Spine-Interpolations-array" count="31">
 LINEAR LINEAR LINEAR LINEAR LINEAR LINEAR LINEAR LINEAR LINEAR LINEAR LINEAR
LINEAR LINEAR LINEAR LINEAR LINEAR LINEAR LINEAR LINEAR LINEAR LINEAR LINEAR LINEAR
LINEAR LINEAR LINEAR LINEAR LINEAR LINEAR LINEAR LINEAR</Name_array><technique_common><accessor source="#mixamorig_Spine-Interpolations-array" count="31"><param type="name"/></accessor></technique_common></source><sampler id="mixamorig_Spine-Matrix-animation-transform"><input semantic="INPUT" source="#mixamorig_Spine-Matrix-animation-input"/><input semantic="OUTPUT" source="#mixamorig_Spine-Matrix-animation-output-transform"/><input semantic="INTERPOLATION" source="#mixamorig_Spine-Interpolations"/></sampler><channel source="#mixamorig_Spine-Matrix-animation-transform" target="mixamorig_Spine/matrix"/></animation>
    <animation id="mixamorig_Spine1-anim" name="mixamorig_Spine1"><source id="mixamorig_Spine1-Matrix-animation-input"><float_array id="mixamorig_Spine1-Matrix-animation-input-array" count="31">

0.000000 0.033333 0.066667 0.100000 0.133333 0.166667 0.200000 0.233333 0.266667 0.300000 0.333333 0.366667 0.400000 0.433333 0.466667 0.500000
0.533333 0.566667 0.600000 0.633333 0.666667 0.700000 0.733333 0.766667 0.800000 0.833333 0.866667 0.900000 0.933333 0.966667 1.000000</float_array><technique_common><accessor source="#mixamorig_Spine1-Matrix-animation-input-array" count="31"><param name="TIME" type="float"/></accessor></technique_common></source><source id="mixamorig_Spine1-Matrix-animation-output-transform"><float_array id="mixamorig_Spine1-Matrix-animation-output-transform-array" count="496">

0.999433 0.015387 -0.029960 0.305500 -0.018526 0.994036 -0.107465 19.736099 0.028128 0.107959 0.993757 -0.783400 0.000000 0.000000 0.000000 1.000000
0.999555 0.006747 -0.029071 0.305500 -0.010025 0.993415 -0.114135 19.736099 0.028110 0.114376 0.993040 -0.783400 0.000000 0.000000 0.000000 1.000000
0.999669 0.000036 -0.025744 0.305500 -0.003158 0.992618 -0.121242 19.736099 0.025549 0.121283 0.992289 -0.783400 0.000000 0.000000 0.000000 1.000000
0.999767 -0.004356 -0.021140 0.305500 0.001625 0.991834 -0.127525 19.736099 0.021522 0.127461 0.991610 -0.783400 0.000000 0.000000 0.000000 1.000000
0.999856 -0.006169 -0.015793 0.305500 0.004046 0.991363 -0.131084 19.736099 0.016466 0.131001 0.991245 -0.783400 0.000000 0.000000 0.000000 1.000000
0.999947 -0.005034 -0.008985 0.305500 0.003817 0.991431 -0.130574 19.736099 0.009565 0.130532 0.991398 -0.783400 0.000000 0.000000 0.000000 1.000000
1.000000 -0.000830 -0.000016 0.305500 0.000821 0.991941 -0.126697 19.736099 0.000121 0.126697 0.991941 -0.783400 0.000000 0.000000 0.000000 1.000000
0.999938 0.005248 0.009830 0.305500 -0.004011 0.992546 -0.121805 19.736099 -0.010396 0.121758 0.992505 -0.783400 0.000000 0.000000 0.000000 1.000000
0.999782 0.010849 0.017849 0.305500 -0.008677 0.993025 -0.117581 19.736099 -0.019000 0.117401 0.992903 -0.783400 0.000000 0.000000 0.000000 1.000000
0.999643 0.014003 0.022765 0.305500 -0.011328 0.993457 -0.113645 19.736099 -0.024207 0.113347 0.993261 -0.783400 0.000000 0.000000 0.000000 1.000000
0.999552 0.014352 0.026266 0.305500 -0.011421 0.994028 -0.108528 19.736099 -0.027667 0.108179 0.993746 -0.783400 0.000000 0.000000 0.000000 1.000000
0.999431 0.012829 0.031194 0.305500 -0.009586 0.994741 -0.101974 19.736099 -0.032339 0.101617 0.994298 -0.783400 0.000000 0.000000 0.000000 1.000000
0.999200 0.011062 0.038426 0.305500 -0.007324 0.995346 -0.096083 19.736099 -0.039310 0.095725 0.994631 -0.783400 0.000000 0.000000 0.000000 1.000000
0.998883 0.010973 0.045954 0.305500 -0.006617 0.995560 -0.093894 19.736099 -0.046781 0.093485 0.994521 -0.783400 0.000000 0.000000 0.000000 1.000000
0.998585 0.014776 0.051087 0.305500 -0.009720 0.995154 -0.097846 19.736099 -0.052285 0.097211 0.993890 -0.783400 0.000000 0.000000 0.000000 1.000000
0.998330 0.022151 0.053354 0.305500 -0.016366 0.994177 -0.106511 19.736099 -0.055403 0.105460 0.992879 -0.783400 0.000000 0.000000 0.000000 1.000000
0.998018 0.030798 0.054882 0.305500 -0.024206 0.992841 -0.116968 19.736099 -0.058092 0.115408 0.991618 -0.783400 0.000000 0.000000 0.000000 1.000000
0.997629 0.037562 0.057662 0.305500 -0.030042 0.991556 -0.126148 19.736099 -0.061913 0.124116 0.990334 -0.783400 0.000000 0.000000 0.000000 1.000000
0.997328 0.040953 0.060490 0.305500 -0.032663 0.990688 -0.132173 19.736099 -0.065340 0.129844 0.989379 -0.783400 0.000000 0.000000 0.000000 1.000000
0.997362 0.041980 0.059220 0.305500 -0.033671 0.990285 -0.134918 19.736099 -0.064309 0.132568 0.989085 -0.783400 0.000000 0.000000 0.000000 1.000000
0.997816 0.042319 0.050718 0.305500 -0.035090 0.990114 -0.135806 19.736099 -0.055964 0.133730 0.989436 -0.783400 0.000000 0.000000 0.000000 1.000000
0.998434 0.042182 0.036750 0.305500 -0.036799 0.989955 -0.136513 19.736099 -0.042140 0.134947 0.989956 -0.783400 0.000000 0.000000 0.000000 1.000000
0.998907 0.040350 0.023577 0.305500 -0.036753 0.989893 -0.136973 19.736099 -0.028865 0.135956 0.990294 -0.783400 0.000000 0.000000 0.000000 1.000000
0.999205 0.036102 0.016889 0.305500 -0.033487 0.990211 -0.135499 19.736099 -0.021615 0.134826 0.990634 -0.783400 0.000000 0.000000 0.000000 1.000000
0.999395 0.030591 0.016520 0.305500 -0.028168 0.990983 -0.130990 19.736099 -0.020378 0.130446 0.991246 -0.783400 0.000000 0.000000 0.000000 1.000000
0.999537 0.025660 0.016361 0.305500 -0.023424 0.991925 -0.124641 19.736099 -0.019427 0.124200 0.992067 -0.783400 0.000000 0.000000 0.000000 1.000000
0.999703 0.022032 0.010376 0.305500 -0.020647 0.992720 -0.118658 19.736099 -0.012915 0.118409 0.992881 -0.783400 0.000000 0.000000 0.000000 1.000000
0.999811 0.019355 -0.001660 0.305500 -0.019418 0.993278 -0.114113 19.736099 -0.000560 0.114123 0.993466 -0.783400 0.000000 0.000000 0.000000 1.000000
0.999737 0.017270 -0.015059 0.305500 -0.018836 0.993655 -0.110885 19.736099 0.013048 0.111139 0.993719 -0.783400 0.000000 0.000000 0.000000 1.000000
0.999555 0.015866 -0.025251 0.305500 -0.018522 0.993902 -0.108703 19.736099 0.023373 0.109123 0.993753 -0.783400 0.000000 0.000000 0.000000 1.000000
0.999433 0.015387 -0.029960 0.305500 -0.018526 0.994036 -0.107465 19.736099 0.028128 0.107959 0.993757 -0.783400 0.000000 0.000000 0.000000 1.000000</float_array><technique_common><accessor source="#mixamorig_Spine1-Matrix-animation-output-transform-array" count="31" stride="16"><param type="float4x4"/></accessor></technique_common></source><source id="mixamorig_Spine1-Interpolations"><Name_array id="mixamorig_Spine1-Interpolations-array" count="31">
 LINEAR LINEAR LINEAR LINEAR LINEAR LINEAR LINEAR LINEAR LINEAR LINEAR LINEAR
LINEAR LINEAR LINEAR LINEAR LINEAR LINEAR LINEAR LINEAR LINEAR LINEAR LINEAR LINEAR
LINEAR LINEAR LINEAR LINEAR LINEAR LINEAR LINEAR LINEAR</Name_array><technique_common><accessor source="#mixamorig_Spine1-Interpolations-array" count="31"><param type="name"/></accessor></technique_common></source><sampler id="mixamorig_Spine1-Matrix-animation-transform"><input semantic="INPUT" source="#mixamorig_Spine1-Matrix-animation-input"/><input semantic="OUTPUT" source="#mixamorig_Spine1-Matrix-animation-output-transform"/><input semantic="INTERPOLATION" source="#mixamorig_Spine1-Interpolations"/></sampler><channel source="#mixamorig_Spine1-Matrix-animation-transform" target="mixamorig_Spine1/matrix"/></animation>
    <animation id="mixamorig_Spine2-anim" name="mixamorig_Spine2"><source id="mixamorig_Spine2-Matrix-animation-input"><float_array id="mixamorig_Spine2-Matrix-animation-input-array" count="31">

0.000000 0.033333 0.066667 0.100000 0.133333 0.166667 0.200000 0.233333 0.266667 0.300000 0.333333 0.366667 0.400000 0.433333 0.466667 0.500000
0.533333 0.566667 0.600000 0.633333 0.666667 0.700000 0.733333 0.766667 0.800000 0.833333 0.866667 0.900000 0.933333 0.966667 1.000000</float_array><technique_common><accessor source="#mixamorig_Spine2-Matrix-animation-input-array" count="31"><param name="TIME" type="float"/></accessor></technique_common></source><source id="mixamorig_Spine2-Matrix-animation-output-transform"><float_array id="mixamorig_Spine2-Matrix-animation-output-transform-array" count="496">

0.999425 0.015296 -0.030276 0.152700 -0.018467 0.994046 -0.107388 25.612801 0.028454 0.107885 0.993756 -0.124700 0.000000 0.000000 0.000000 1.000000
0.999549 0.006730 -0.029261 0.152700 -0.010028 0.993420 -0.114090 25.612801 0.028301 0.114332 0.993039 -0.124700 0.000000 0.000000 0.000000 1.000000
0.999667 0.000067 -0.025817 0.152700 -0.003198 0.992620 -0.121227 25.612801 0.025618 0.121269 0.992289 -0.124700 0.000000 0.000000 0.000000 1.000000
0.999769 -0.004289 -0.021039 0.152700 0.001571 0.991832 -0.127541 25.612801 0.021414 0.127479 0.991610 -0.124700 0.000000 0.000000 0.000000 1.000000
0.999862 -0.006079 -0.015444 0.152700 0.004002 0.991358 -0.131126 25.612801 0.016107 0.131046 0.991245 -0.124700 0.000000 0.000000 0.000000 1.000000
0.999952 -0.004945 -0.008399 0.152700 0.003806 0.991426 -0.130615 25.612801 0.008973 0.130577 0.991398 -0.124700 0.000000 0.000000 0.000000 1.000000
0.999999 -0.000766 0.000689 0.152700 0.000847 0.991941 -0.126702 25.612801 -0.000587 0.126702 0.991941 -0.124700 0.000000 0.000000 0.000000 1.000000
0.999930 0.005288 0.010552 0.152700 -0.003964 0.992553 -0.121749 25.612801 -0.011117 0.121699 0.992505 -0.124700 0.000000 0.000000 0.000000 1.000000
0.999768 0.010899 0.018587 0.152700 -0.008642 0.993040 -0.117464 25.612801 -0.019738 0.117276 0.992903 -0.124700 0.000000 0.000000 0.000000 1.000000
0.999623 0.014107 0.023568 0.152700 -0.011345 0.993477 -0.113470 25.612801 -0.025015 0.113159 0.993262 -0.124700 0.000000 0.000000 0.000000 1.000000
0.999526 0.014557 0.027133 0.152700 -0.011538 0.994052 -0.108295 25.612801 -0.028548 0.107930 0.993748 -0.124700 0.000000 0.000000 0.000000 1.000000
0.999399 0.013178 0.032065 0.152700 -0.009855 0.994769 -0.101675 25.612801 -0.033238 0.101297 0.994301 -0.124700 0.000000 0.000000 0.000000 1.000000
0.999163 0.011564 0.039234 0.152700 -0.007762 0.995378 -0.095719 25.612801 -0.040159 0.095334 0.994635 -0.124700 0.000000 0.000000 0.000000 1.000000
0.998844 0.011567 0.046655 0.152700 -0.007162 0.995594 -0.093499 25.612801 -0.047531 0.093057 0.994526 -0.124700 0.000000 0.000000 0.000000 1.000000
0.998550 0.015309 0.051619 0.152700 -0.010217 0.995183 -0.097504 25.612801 -0.052863 0.096836 0.993896 -0.124700 0.000000 0.000000 0.000000 1.000000
0.998302 0.022527 0.053716 0.152700 -0.016717 0.994197 -0.106267 25.612801 -0.055798 0.105188 0.992886 -0.124700 0.000000 0.000000 0.000000 1.000000
0.997997 0.031036 0.055123 0.152700 -0.024424 0.992855 -0.116803 25.612801 -0.058354 0.115223 0.991624 -0.124700 0.000000 0.000000 0.000000 1.000000
0.997611 0.037743 0.057856 0.152700 -0.030206 0.991569 -0.126011 25.612801 -0.062124 0.123963 0.990340 -0.124700 0.000000 0.000000 0.000000 1.000000
0.997309 0.041122 0.060697 0.152700 -0.032815 0.990702 -0.132029 25.612801 -0.065562 0.129682 0.989386 -0.124700 0.000000 0.000000 0.000000 1.000000
0.997341 0.042116 0.059470 0.152700 -0.033783 0.990301 -0.134772 25.612801 -0.064569 0.132405 0.989090 -0.124700 0.000000 0.000000 0.000000 1.000000
0.997798 0.042390 0.051021 0.152700 -0.035127 0.990129 -0.135683 25.612801 -0.056269 0.133592 0.989438 -0.124700 0.000000 0.000000 0.000000 1.000000
0.998421 0.042193 0.037083 0.152700 -0.036768 0.989967 -0.136429 25.612801 -0.042468 0.134850 0.989956 -0.124700 0.000000 0.000000 0.000000 1.000000
0.998902 0.040330 0.023837 0.152700 -0.036698 0.989901 -0.136931 25.612801 -0.029119 0.135906 0.990294 -0.124700 0.000000 0.000000 0.000000 1.000000
0.999206 0.036075 0.016931 0.152700 -0.033454 0.990212 -0.135501 25.612801 -0.021653 0.134827 0.990633 -0.124700 0.000000 0.000000 0.000000 1.000000
0.999401 0.030569 0.016250 0.152700 -0.028181 0.990977 -0.131033 25.612801 -0.020109 0.130497 0.991245 -0.124700 0.000000 0.000000 0.000000 1.000000
0.999546 0.025648 0.015834 0.152700 -0.023477 0.991915 -0.124710 25.612801 -0.018905 0.124282 0.992067 -0.124700 0.000000 0.000000 0.000000 1.000000
0.999710 0.022022 0.009762 0.152700 -0.020709 0.992712 -0.118720 25.612801 -0.012305 0.118483 0.992880 -0.124700 0.000000 0.000000 0.000000 1.000000
0.999811 0.019330 -0.002210 0.152700 -0.019456 0.993274 -0.114138 25.612801 -0.000011 0.114159 0.993462 -0.124700 0.000000 0.000000 0.000000 1.000000
0.999732 0.017221 -0.015494 0.152700 -0.018835 0.993657 -0.110866 25.612801 0.013486 0.111128 0.993715 -0.124700 0.000000 0.000000 0.000000 1.000000
0.999548 0.015794 -0.025595 0.152700 -0.018487 0.993908 -0.108648 25.612801 0.023723 0.109072 0.993751 -0.124700 0.000000 0.000000 0.000000 1.000000
0.999425 0.015296 -0.030276 0.152700 -0.018467 0.994046 -0.107388 25.612801 0.028454 0.107885 0.993756 -0.124700 0.000000 0.000000 0.000000 1.000000</float_array><technique_common><accessor source="#mixamorig_Spine2-Matrix-animation-output-transform-array" count="31" stride="16"><param type="float4x4"/></accessor></technique_common></source><source id="mixamorig_Spine2-Interpolations"><Name_array id="mixamorig_Spine2-Interpolations-array" count="31">
 LINEAR LINEAR LINEAR LINEAR LINEAR LINEAR LINEAR LINEAR LINEAR LINEAR LINEAR
LINEAR LINEAR LINEAR LINEAR LINEAR LINEAR LINEAR LINEAR LINEAR LINEAR LINEAR LINEAR
LINEAR LINEAR LINEAR LINEAR LINEAR LINEAR LINEAR LINEAR</Name_array><technique_common><accessor source="#mixamorig_Spine2-Interpolations-array" count="31"><param type="name"/></accessor></technique_common></source><sampler id="mixamorig_Spine2-Matrix-animation-transform"><input semantic="INPUT" source="#mixamorig_Spine2-Matrix-animation-input"/><input semantic="OUTPUT" source="#mixamorig_Spine2-Matrix-animation-output-transform"/><input semantic="INTERPOLATION" source="#mixamorig_Spine2-Interpolations"/></sampler><channel source="#mixamorig_Spine2-Matrix-animation-transform" target="mixamorig_Spine2/matrix"/></animation>
    <animation id="mixamorig_Neck-anim" name="mixamorig_Neck"><source id="mixamorig_Neck-Matrix-animation-input"><float_array id="mixamorig_Neck-Matrix-animation-input-array" count="31">

0.000000 0.033333 0.066667 0.100000 0.133333 0.166667 0.200000 0.233333 0.266667 0.300000 0.333333 0.366667 0.400000 0.433333 0.466667 0.500000
0.533333 0.566667 0.600000 0.633333 0.666667 0.700000 0.733333 0.766667 0.800000 0.833333 0.866667 0.900000 0.933333 0.966667 1.000000</float_array><technique_common><accessor source="#mixamorig_Neck-Matrix-animation-input-array" count="31"><param name="TIME" type="float"/></accessor></technique_common></source><source id="mixamorig_Neck-Matrix-animation-output-transform"><float_array id="mixamorig_Neck-Matrix-animation-output-transform-array" count="496">

0.999350 -0.031210 0.018067 0.879800 0.030001 0.997518 0.063706 30.689800 -0.020011 -0.063123 0.997805 2.800200 0.000000 0.000000 0.000000 1.000000
0.999192 -0.037341 0.014852 0.879800 0.036355 0.997421 0.061887 30.689800 -0.017124 -0.061297 0.997973 2.800200 0.000000 0.000000 0.000000 1.000000
0.998966 -0.043810 0.012170 0.879800 0.043000 0.997254 0.060302 30.689800 -0.014778 -0.059716 0.998106 2.800200 0.000000 0.000000 0.000000 1.000000
0.998726 -0.049385 0.010374 0.879800 0.048691 0.997073 0.058946 30.689800 -0.013255 -0.058366 0.998207 2.800200 0.000000 0.000000 0.000000 1.000000
0.998542 -0.053156 0.009411 0.879800 0.052525 0.996943 0.057845 30.689800 -0.012457 -0.057267 0.998281 2.800200 0.000000 0.000000 0.000000 1.000000
0.998427 -0.055378 0.008782 0.879800 0.054790 0.996868 0.057029 30.689800 -0.011913 -0.056458 0.998334 2.800200 0.000000 0.000000 0.000000 1.000000
0.998337 -0.057074 0.008069 0.879800 0.056530 0.996800 0.056513 30.689800 -0.011269 -0.055962 0.998369 2.800200 0.000000 0.000000 0.000000 1.000000
0.998254 -0.058605 0.007357 0.879800 0.058101 0.996729 0.056175 30.689800 -0.010625 -0.055650 0.998394 2.800200 0.000000 0.000000 0.000000 1.000000
0.998235 -0.058953 0.007145 0.879800 0.058466 0.996738 0.055637 30.689800 -0.010402 -0.055121 0.998425 2.800200 0.000000 0.000000 0.000000 1.000000
0.998367 -0.056576 0.007934 0.879800 0.056062 0.996939 0.054497 30.689800 -0.010993 -0.053963 0.998482 2.800200 0.000000 0.000000 0.000000 1.000000
0.998651 -0.050979 0.009852 0.879800 0.050390 0.997329 0.052877 30.689800 -0.012521 -0.052309 0.998552 2.800200 0.000000 0.000000 0.000000 1.000000
0.998975 -0.043509 0.012493 0.879800 0.042813 0.997759 0.051421 30.689800 -0.014702 -0.050833 0.998599 2.800200 0.000000 0.000000 0.000000 1.000000
0.999215 -0.036642 0.015066 0.879800 0.035839 0.998079 0.050528 30.689800 -0.016888 -0.049948 0.998609 2.800200 0.000000 0.000000 0.000000 1.000000
0.999338 -0.032269 0.016819 0.879800 0.031395 0.998263 0.049857 30.689800 -0.018399 -0.049296 0.998615 2.800200 0.000000 0.000000 0.000000 1.000000
0.999387 -0.030325 0.017480 0.879800 0.029440 0.998373 0.048839 30.689800 -0.018932 -0.048294 0.998654 2.800200 0.000000 0.000000 0.000000 1.000000
0.999430 -0.028988 0.017302 0.879800 0.028142 0.998484 0.047311 30.689800 -0.018647 -0.046797 0.998730 2.800200 0.000000 0.000000 0.000000 1.000000
0.999509 -0.026496 0.016733 0.879800 0.025713 0.998640 0.045346 30.689800 -0.017911 -0.044893 0.998831 2.800200 0.000000 0.000000 0.000000 1.000000
0.999601 -0.023204 0.016078 0.879800 0.022496 0.998827 0.042887 30.689800 -0.017054 -0.042509 0.998951 2.800200 0.000000 0.000000 0.000000 1.000000
0.999640 -0.021939 0.015468 0.879800 0.021303 0.998966 0.040159 30.689800 -0.016333 -0.039815 0.999074 2.800200 0.000000 0.000000 0.000000 1.000000
0.999553 -0.025877 0.014968 0.879800 0.025291 0.998953 0.038129 30.689800 -0.015939 -0.037733 0.999161 2.800200 0.000000 0.000000 0.000000 1.000000
0.999265 -0.035443 0.014603 0.879800 0.034870 0.998678 0.037770 30.689800 -0.015923 -0.037233 0.999180 2.800200 0.000000 0.000000 0.000000 1.000000
0.998784 -0.047157 0.014358 0.879800 0.046573 0.998167 0.038647 30.689800 -0.016154 -0.037931 0.999150 2.800200 0.000000 0.000000 0.000000 1.000000
0.998329 -0.056004 0.014227 0.879800 0.055415 0.997705 0.038916 30.689800 -0.016374 -0.038063 0.999141 2.800200 0.000000 0.000000 0.000000 1.000000
0.998142 -0.059258 0.014205 0.879800 0.058692 0.997575 0.037413 30.689800 -0.016388 -0.036509 0.999199 2.800200 0.000000 0.000000 0.000000 1.000000
0.998229 -0.057745 0.014294 0.879800 0.057208 0.997729 0.035545 30.689800 -0.016314 -0.034664 0.999266 2.800200 0.000000 0.000000 0.000000 1.000000
0.998453 -0.053642 0.014603 0.879800 0.053083 0.997930 0.036301 30.689800 -0.016520 -0.035470 0.999234 2.800200 0.000000 0.000000 0.000000 1.000000
0.998716 -0.048297 0.015259 0.879800 0.047635 0.998018 0.041110 30.689800 -0.017214 -0.040331 0.999038 2.800200 0.000000 0.000000 0.000000 1.000000
0.998969 -0.042421 0.016177 0.879800 0.041592 0.997955 0.048533 30.689800 -0.018203 -0.047810 0.998691 2.800200 0.000000 0.000000 0.000000 1.000000
0.999170 -0.036987 0.017090 0.879800 0.035980 0.997789 0.055875 30.689800 -0.019118 -0.055214 0.998292 2.800200 0.000000 0.000000 0.000000 1.000000
0.999297 -0.033029 0.017759 0.879800 0.031886 0.997615 0.061212 30.689800 -0.019739 -0.060602 0.997967 2.800200 0.000000 0.000000 0.000000 1.000000
0.999350 -0.031210 0.018067 0.879800 0.030001 0.997518 0.063706 30.689800 -0.020011 -0.063122 0.997805 2.800200 0.000000 0.000000 0.000000 1.000000</float_array><technique_common><accessor source="#mixamorig_Neck-Matrix-animation-output-transform-array" count="31" stride="16"><param type="float4x4"/></accessor></technique_common></source><source id="mixamorig_Neck-Interpolations"><Name_array id="mixamorig_Neck-Interpolations-array" count="31">
 LINEAR LINEAR LINEAR LINEAR LINEAR LINEAR LINEAR LINEAR LINEAR LINEAR LINEAR
LINEAR LINEAR LINEAR LINEAR LINEAR LINEAR LINEAR LINEAR LINEAR LINEAR LINEAR LINEAR
LINEAR LINEAR LINEAR LINEAR LINEAR LINEAR LINEAR LINEAR</Name_array><technique_common><accessor source="#mixamorig_Neck-Interpolations-array" count="31"><param type="name"/></accessor></technique_common></source><sampler id="mixamorig_Neck-Matrix-animation-transform"><input semantic="INPUT" source="#mixamorig_Neck-Matrix-animation-input"/><input semantic="OUTPUT" source="#mixamorig_Neck-Matrix-animation-output-transform"/><input semantic="INTERPOLATION" source="#mixamorig_Neck-Interpolations"/></sampler><channel source="#mixamorig_Neck-Matrix-animation-transform" target="mixamorig_Neck/matrix"/></animation>
    <animation id="mixamorig_Head-anim" name="mixamorig_Head"><source id="mixamorig_Head-Matrix-animation-input"><float_array id="mixamorig_Head-Matrix-animation-input-array" count="31">

0.000000 0.033333 0.066667 0.100000 0.133333 0.166667 0.200000 0.233333 0.266667 0.300000 0.333333 0.366667 0.400000 0.433333 0.466667 0.500000
0.533333 0.566667 0.600000 0.633333 0.666667 0.700000 0.733333 0.766667 0.800000 0.833333 0.866667 0.900000 0.933333 0.966667 1.000000</float_array><technique_common><accessor source="#mixamorig_Head-Matrix-animation-input-array" count="31"><param name="TIME" type="float"/></accessor></technique_common></source><source id="mixamorig_Head-Matrix-animation-output-transform"><float_array id="mixamorig_Head-Matrix-animation-output-transform-array" count="496">

0.992488 -0.122044 -0.008507 0.154400 0.121383 0.973666 0.192977 19.089399 -0.015269 -0.192560 0.981166 6.327400 0.000000 0.000000 0.000000 1.000000
0.992776 -0.118899 -0.016104 0.154400 0.119775 0.974147 0.191550 19.089399 -0.007087 -0.192095 0.981351 6.327400 0.000000 0.000000 0.000000 1.000000
0.993225 -0.114410 -0.020377 0.154400 0.116188 0.974209 0.193434 19.089399 -0.002280 -0.194491 0.980902 6.327400 0.000000 0.000000 0.000000 1.000000
0.993731 -0.109742 -0.021356 0.154400 0.111799 0.974441 0.194846 19.089399 -0.000572 -0.196012 0.980601 6.327400 0.000000 0.000000 0.000000 1.000000
0.994155 -0.105984 -0.020572 0.154400 0.107961 0.975291 0.192750 19.089399 -0.000365 -0.193844 0.981032 6.327400 0.000000 0.000000 0.000000 1.000000
0.994388 -0.103822 -0.020324 0.154400 0.105793 0.976414 0.188210 19.089399 0.000304 -0.189304 0.981919 6.327400 0.000000 0.000000 0.000000 1.000000
0.994386 -0.103570 -0.021659 0.154400 0.105793 0.976877 0.185792 19.089399 0.001916 -0.187041 0.982350 6.327400 0.000000 0.000000 0.000000 1.000000
0.994219 -0.104706 -0.023760 0.154400 0.107314 0.976152 0.188708 19.089399 0.003435 -0.190167 0.981746 6.327400 0.000000 0.000000 0.000000 1.000000
0.994120 -0.105344 -0.025044 0.154400 0.108214 0.974633 0.195910 19.089399 0.003771 -0.197468 0.980302 6.327400 0.000000 0.000000 0.000000 1.000000
0.994324 -0.103556 -0.024403 0.154400 0.106360 0.973184 0.203963 19.089399 0.002627 -0.205401 0.978674 6.327400 0.000000 0.000000 0.000000 1.000000
0.994779 -0.099725 -0.021670 0.154400 0.102053 0.972358 0.210012 19.089399 0.000128 -0.211127 0.977459 6.327400 0.000000 0.000000 0.000000 1.000000
0.995181 -0.096472 -0.017555 0.154400 0.097997 0.972286 0.212263 19.089399 -0.003409 -0.212961 0.977055 6.327400 0.000000 0.000000 0.000000 1.000000
0.995310 -0.095812 -0.013366 0.154400 0.096484 0.973132 0.209059 19.089399 -0.007024 -0.209368 0.977812 6.327400 0.000000 0.000000 0.000000 1.000000
0.995184 -0.097455 -0.010585 0.154400 0.097602 0.975009 0.199579 19.089399 -0.009130 -0.199651 0.979825 6.327400 0.000000 0.000000 0.000000 1.000000
0.994925 -0.100066 -0.010499 0.154400 0.100265 0.977358 0.186327 19.089399 -0.008383 -0.186434 0.982432 6.327400 0.000000 0.000000 0.000000 1.000000
0.994649 -0.102369 -0.013917 0.154400 0.103217 0.978965 0.175991 19.089399 -0.004391 -0.176486 0.984293 6.327400 0.000000 0.000000 0.000000 1.000000
0.994541 -0.102335 -0.020391 0.154400 0.104327 0.978924 0.175566 19.089399 0.001995 -0.176735 0.984256 6.327400 0.000000 0.000000 0.000000 1.000000
0.994850 -0.097639 -0.027219 0.154400 0.101009 0.977363 0.185902 19.089399 0.008452 -0.187694 0.982191 6.327400 0.000000 0.000000 0.000000 1.000000
0.995572 -0.089034 -0.030159 0.154400 0.093278 0.975431 0.199585 19.089399 0.011648 -0.201514 0.979416 6.327400 0.000000 0.000000 0.000000 1.000000
0.996295 -0.081890 -0.026281 0.154400 0.085567 0.974590 0.207007 19.089399 0.008661 -0.208488 0.977987 6.327400 0.000000 0.000000 0.000000 1.000000
0.996519 -0.081764 -0.016293 0.154400 0.083367 0.975188 0.205080 19.089399 -0.000879 -0.205724 0.978610 6.327400 0.000000 0.000000 0.000000 1.000000
0.996089 -0.088242 -0.004385 0.154400 0.087344 0.976051 0.199239 19.089399 -0.013302 -0.198843 0.979941 6.327400 0.000000 0.000000 0.000000 1.000000
0.995466 -0.095020 0.004314 0.154400 0.092312 0.976047 0.197002 19.089399 -0.022930 -0.195711 0.980394 6.327400 0.000000 0.000000 0.000000 1.000000
0.995287 -0.096706 0.007237 0.154400 0.093295 0.975198 0.200712 19.089399 -0.026467 -0.199091 0.979624 6.327400 0.000000 0.000000 0.000000 1.000000
0.995522 -0.094364 0.005672 0.154400 0.091163 0.974170 0.206595 19.089399 -0.025020 -0.205153 0.978410 6.327400 0.000000 0.000000 0.000000 1.000000
0.995614 -0.093526 0.002490 0.154400 0.090931 0.973569 0.209513 19.089399 -0.022019 -0.208368 0.977803 6.327400 0.000000 0.000000 0.000000 1.000000
0.995215 -0.097703 -0.000597 0.154400 0.095695 0.973495 0.207726 19.089399 -0.019714 -0.206789 0.978187 6.327400 0.000000 0.000000 0.000000 1.000000
0.994409 -0.105545 -0.003356 0.154400 0.104024 0.973617 0.203099 19.089399 -0.018169 -0.202312 0.979152 6.327400 0.000000 0.000000 0.000000 1.000000
0.993514 -0.113561 -0.005803 0.154400 0.112452 0.973677 0.198262 19.089399 -0.016864 -0.197629 0.980132 6.327400 0.000000 0.000000 0.000000 1.000000
0.992822 -0.119357 -0.007642 0.154400 0.118553 0.973670 0.194710 19.089399 -0.015799 -0.194218 0.980831 6.327400 0.000000 0.000000 0.000000 1.000000
0.992488 -0.122043 -0.008507 0.154400 0.121383 0.973666 0.192977 19.089399 -0.015268 -0.192560 0.981166 6.327400 0.000000 0.000000 0.000000 1.000000</float_array><technique_common><accessor source="#mixamorig_Head-Matrix-animation-output-transform-array" count="31" stride="16"><param type="float4x4"/></accessor></technique_common></source><source id="mixamorig_Head-Interpolations"><Name_array id="mixamorig_Head-Interpolations-array" count="31">
 LINEAR LINEAR LINEAR LINEAR LINEAR LINEAR LINEAR LINEAR LINEAR LINEAR LINEAR
LINEAR LINEAR LINEAR LINEAR LINEAR LINEAR LINEAR LINEAR LINEAR LINEAR LINEAR LINEAR
LINEAR LINEAR LINEAR LINEAR LINEAR LINEAR LINEAR LINEAR</Name_array><technique_common><accessor source="#mixamorig_Head-Interpolations-array" count="31"><param type="name"/></accessor></technique_common></source><sampler id="mixamorig_Head-Matrix-animation-transform"><input semantic="INPUT" source="#mixamorig_Head-Matrix-animation-input"/><input semantic="OUTPUT" source="#mixamorig_Head-Matrix-animation-output-transform"/><input semantic="INTERPOLATION" source="#mixamorig_Head-Interpolations"/></sampler><channel source="#mixamorig_Head-Matrix-animation-transform" target="mixamorig_Head/matrix"/></animation>
    <animation id="mixamorig_LeftShoulder-anim" name="mixamorig_LeftShoulder"><source id="mixamorig_LeftShoulder-Matrix-animation-input"><float_array id="mixamorig_LeftShoulder-Matrix-animation-input-array" count="31">

0.000000 0.033333 0.066667 0.100000 0.133333 0.166667 0.200000 0.233333 0.266667 0.300000 0.333333 0.366667 0.400000 0.433333 0.466667 0.500000
