<?xml version="1.0" encoding="utf-8"?>
<COLLADA xmlns="http://www.collada.org/2005/11/COLLADASchema" version="1.4.1">
  <asset><contributor><author>Mixamo</author><authoring_tool>COLLADA Mixamo exporter</authoring_tool><comments></comments></contributor><created>2018-02-10T17:51:20Z</created><modified>2018-02-10T17:51:20Z</modified><revision></revision><title></title><unit meter="0.010000"/><up_axis>Y_UP</up_axis></asset>
  <library_animations>
    <animation id="mixamorig_Hips-anim" name="mixamorig_Hips"><source id="mixamorig_Hips-Matrix-animation-input"><float_array id="mixamorig_Hips-Matrix-animation-input-array" count="32">

0.000000 0.033333 0.066667 0.100000 0.133333 0.166667 0.200000 0.233333 0.266667 0.300000 0.333333 0.366667 0.400000 0.433333 0.466667 0.500000
0.533333 0.566667 0.600000 0.633333 0.666667 0.700000 0.733333 0.766667 0.800000 0.833333 0.866667 0.900000 0.933333 0.966667 1.000000 1.033333</float_array><technique_common><accessor source="#mixamorig_Hips-Matrix-animation-input-array" count="32"><param name="TIME" type="float"/></accessor></technique_common></source><source id="mixamorig_Hips-Matrix-animation-output-transform"><float_array id="mixamorig_Hips-Matrix-animation-output-transform-array" count="512">

0.403737 -0.071878 -0.912047 -0.335571 -0.008252 0.996582 -0.082193 206.513245 0.914838 0.040711 0.401764 0.019352 0.000000 0.000000 0.000000 1.000000
0.371227 -0.085089 -0.924635 -11.651833 0.002956 0.995896 -0.090460 206.749725 0.928537 0.030848 0.369955 0.628367 0.000000 0.000000 0.000000 1.000000
0.332226 -0.094502 -0.938454 -23.112885 -0.000326 0.994957 -0.100307 205.551270 0.943200 0.033631 0.330520 1.399894 0.000000 0.000000 0.000000 1.000000
0.268230 -0.096116 -0.958548 -34.908215 -0.014560 0.994492 -0.103794 202.989960 0.963245 0.041798 0.265353 2.069066 0.000000 0.000000 0.000000 1.000000
0.189445 -0.094124 -0.977369 -47.537170 -0.037312 0.993986 -0.102957 198.725800 0.981182 0.055972 0.184794 2.629075 0.000000 0.000000 0.000000 1.000000
0.122022 -0.092960 -0.988164 -59.914379 -0.058440 0.993204 -0.100650 194.781158 0.990805 0.070030 0.115760 2.847972 0.000000 0.000000 0.000000 1.000000
0.093097 -0.095906 -0.991027 -72.034805 -0.063554 0.992748 -0.102043 191.533127 0.993627 0.072484 0.086326 2.731421 0.000000 0.000000 0.000000 1.000000
0.107193 -0.103696 -0.988816 -84.919373 -0.034955 0.993538 -0.107980 189.828171 0.993624 0.046139 0.102875 2.382377 0.000000 0.000000 0.000000 1.000000
0.142627 -0.108926 -0.983765 -98.500290 -0.008169 0.993763 -0.111217 188.672058 0.989743 0.023899 0.140848 2.169940 0.000000 0.000000 0.000000 1.000000
0.194250 -0.117137 -0.973933 -111.178108 0.032217 0.993071 -0.113013 189.081467 0.980423 -0.009424 0.196678 1.580865 0.000000 0.000000 0.000000 1.000000
0.248833 -0.126923 -0.960194 -122.199020 0.070976 0.991101 -0.112615 190.773041 0.965942 -0.040129 0.255627 1.217456 0.000000 0.000000 0.000000 1.000000
0.297591 -0.134942 -0.945109 -132.817093 0.095469 0.989204 -0.111177 193.429611 0.949908 -0.057143 0.307261 1.105867 0.000000 0.000000 0.000000 1.000000
0.336154 -0.137725 -0.931682 -143.664978 0.096056 0.989105 -0.111556 196.972641 0.936896 -0.051994 0.345721 0.698062 0.000000 0.000000 0.000000 1.000000
0.373490 -0.136118 -0.917593 -154.564102 0.077538 0.990295 -0.115343 200.635773 0.924388 -0.028069 0.380419 0.176305 0.000000 0.000000 0.000000 1.000000
0.396986 -0.136545 -0.907611 -165.294022 0.056966 0.990631 -0.124118 204.084335 0.916055 -0.002429 0.401045 -0.111333 0.000000 0.000000 0.000000 1.000000
0.403695 -0.134720 -0.904920 -175.675873 0.037669 0.990708 -0.130688 206.837463 0.914118 0.018671 0.405018 0.397777 0.000000 0.000000 0.000000 1.000000
0.407582 -0.133514 -0.903355 -185.904907 0.025830 0.990544 -0.134746 208.348007 0.912803 0.031586 0.407177 1.297534 0.000000 0.000000 0.000000 1.000000
0.414812 -0.138154 -0.899358 -196.413437 0.028608 0.989898 -0.138867 208.460052 0.909457 0.031875 0.414574 1.905704 0.000000 0.000000 0.000000 1.000000
0.427987 -0.148399 -0.891518 -207.405228 0.044596 0.988693 -0.143166 207.084595 0.902684 0.021515 0.429766 2.255122 0.000000 0.000000 0.000000 1.000000
0.452842 -0.157043 -0.877651 -219.395309 0.070607 0.987590 -0.140284 203.283936 0.888790 0.001558 0.458311 2.395916 0.000000 0.000000 0.000000 1.000000
0.476058 -0.159143 -0.864894 -231.286560 0.089209 0.987155 -0.132537 199.692505 0.874877 -0.014060 0.484140 2.582552 0.000000 0.000000 0.000000 1.000000
0.484336 -0.158345 -0.860433 -242.705093 0.094576 0.987198 -0.128437 196.723145 0.869755 -0.019170 0.493112 2.644218 0.000000 0.000000 0.000000 1.000000
0.482737 -0.143024 -0.864008 -254.814758 0.077629 0.989679 -0.120455 194.572830 0.872318 -0.008924 0.488857 2.474311 0.000000 0.000000 0.000000 1.000000
0.484669 -0.117039 -0.866832 -268.390930 0.047301 0.993065 -0.107636 192.791824 0.873418 0.011166 0.486843 1.866236 0.000000 0.000000 0.000000 1.000000
0.485321 -0.105684 -0.867925 -281.721344 0.022911 0.993864 -0.108208 191.286575 0.874036 0.032630 0.484764 0.964260 0.000000 0.000000 0.000000 1.000000
0.482841 -0.098542 -0.870146 -294.135803 0.001943 0.993767 -0.111463 190.637070 0.875706 0.052128 0.480023 0.157862 0.000000 0.000000 0.000000 1.000000
0.490015 -0.079008 -0.868126 -305.939545 -0.026420 0.994081 -0.105384 191.692200 0.871313 0.074576 0.485027 -0.422594 0.000000 0.000000 0.000000 1.000000
0.490531 -0.067629 -0.868795 -317.586578 -0.039656 0.994219 -0.099783 194.175323 0.870521 0.083400 0.485013 -0.798574 0.000000 0.000000 0.000000 1.000000
0.469038 -0.066157 -0.880697 -329.194153 -0.037683 0.994783 -0.094797 197.806152 0.882374 0.077651 0.464098 -0.894435 0.000000 0.000000 0.000000 1.000000
0.444704 -0.063682 -0.893411 -340.767822 -0.034048 0.995546 -0.087909 201.444336 0.895030 0.069512 0.440556 -0.661748 0.000000 0.000000 0.000000 1.000000
0.426633 -0.064292 -0.902137 -352.169159 -0.024937 0.996255 -0.082792 204.599716 0.904081 0.057818 0.423432 -0.343598 0.000000 0.000000 0.000000 1.000000
0.403737 -0.071878 -0.912047 -363.437042 -0.008252 0.996582 -0.082193 206.513214 0.914838 0.040711 0.401764 0.019349 0.000000 0.000000 0.000000 1.000000</float_array><technique_common><accessor source="#mixamorig_Hips-Matrix-animation-output-transform-array" count="32" stride="16"><param type="float4x4"/></accessor></technique_common></source><source id="mixamorig_Hips-Interpolations"><Name_array id="mixamorig_Hips-Interpolations-array" count="32">
 LINEAR LINEAR LINEAR LINEAR LINEAR LINEAR LINEAR LINEAR LINEAR LINEAR LINEAR
LINEAR LINEAR LINEAR LINEAR LINEAR LINEAR LINEAR LINEAR LINEAR LINEAR LINEAR LINEAR
LINEAR LINEAR LINEAR LINEAR LINEAR LINEAR LINEAR LINEAR LINEAR</Name_array><technique_common><accessor source="#mixamorig_Hips-Interpolations-array" count="32"><param type="name"/></accessor></technique_common></source><sampler id="mixamorig_Hips-Matrix-animation-transform"><input semantic="INPUT" source="#mixamorig_Hips-Matrix-animation-input"/><input semantic="OUTPUT" source="#mixamorig_Hips-Matrix-animation-output-transform"/><input semantic="INTERPOLATION" source="#mixamorig_Hips-Interpolations"/></sampler><channel source="#mixamorig_Hips-Matrix-animation-transform" target="mixamorig_Hips/matrix"/></animation>
    <animation id="mixamorig_Spine-anim" name="mixamorig_Spine"><source id="mixamorig_Spine-Matrix-animation-input"><float_array id="mixamorig_Spine-Matrix-animation-input-array" count="32">

0.000000 0.033333 0.066667 0.100000 0.133333 0.166667 0.200000 0.233333 0.266667 0.300000 0.333333 0.366667 0.400000 0.433333 0.466667 0.500000
0.533333 0.566667 0.600000 0.633333 0.666667 0.700000 0.733333 0.766667 0.800000 0.833333 0.866667 0.900000 0.933333 0.966667 1.000000 1.033333</float_array><technique_common><accessor source="#mixamorig_Spine-Matrix-animation-input-array" count="32"><param name="TIME" type="float"/></accessor></technique_common></source><source id="mixamorig_Spine-Matrix-animation-output-transform"><float_array id="mixamorig_Spine-Matrix-animation-output-transform-array" count="512">

0.991712 0.006927 0.128296 -0.057500 0.006265 0.994750 -0.102139 18.534300 -0.128330 0.102096 0.986462 -2.042900 0.000000 0.000000 0.000000 1.000000
0.988031 0.023704 0.152426 -0.057500 -0.008419 0.994937 -0.100151 18.534300 -0.154028 0.097669 0.983227 -2.042900 0.000000 0.000000 0.000000 1.000000
0.982280 0.025287 0.185705 -0.057500 -0.007908 0.995566 -0.093736 18.534300 -0.187252 0.090606 0.978124 -2.042900 0.000000 0.000000 0.000000 1.000000
0.970309 0.024114 0.240664 -0.057500 -0.002724 0.996044 -0.088816 18.534300 -0.241854 0.085523 0.966536 -2.042900 0.000000 0.000000 0.000000 1.000000
0.953090 0.020313 0.302004 -0.057500 0.004311 0.996733 -0.080648 18.534300 -0.302656 0.078167 0.949889 -2.042900 0.000000 0.000000 0.000000 1.000000
0.936237 0.016457 0.350984 -0.057500 0.012146 0.996790 -0.079135 18.534300 -0.351160 0.078352 0.933031 -2.042900 0.000000 0.000000 0.000000 1.000000
0.927660 0.020821 0.372844 -0.057500 0.010393 0.996618 -0.081514 18.534300 -0.373280 0.079493 0.924307 -2.042900 0.000000 0.000000 0.000000 1.000000
0.930920 0.051413 0.361587 -0.057500 -0.020957 0.995930 -0.087655 18.534300 -0.364622 0.074022 0.928209 -2.042900 0.000000 0.000000 0.000000 1.000000
0.935413 0.073353 0.345865 -0.057500 -0.044791 0.994945 -0.089874 18.534300 -0.350710 0.068578 0.933970 -2.042900 0.000000 0.000000 0.000000 1.000000
0.940454 0.108590 0.322108 -0.057500 -0.080587 0.991811 -0.099075 18.534300 -0.330229 0.067218 0.941504 -2.042900 0.000000 0.000000 0.000000 1.000000
0.951237 0.132500 0.278552 -0.057500 -0.105265 0.988272 -0.110623 18.534300 -0.289943 0.075907 0.954029 -2.042900 0.000000 0.000000 0.000000 1.000000
0.965289 0.135412 0.223339 -0.057500 -0.111688 0.986986 -0.115694 18.534300 -0.236098 0.086734 0.967851 -2.042900 0.000000 0.000000 0.000000 1.000000
0.975180 0.123240 0.183946 -0.057500 -0.102716 0.987777 -0.117246 18.534300 -0.196147 0.095442 0.975919 -2.042900 0.000000 0.000000 0.000000 1.000000
0.983483 0.095458 0.153783 -0.057500 -0.078199 0.990326 -0.114624 18.534300 -0.163238 0.100705 0.981434 -2.042900 0.000000 0.000000 0.000000 1.000000
0.988770 0.064709 0.134707 -0.057500 -0.050009 0.992696 -0.109791 18.534300 -0.140828 0.101822 0.984784 -2.042900 0.000000 0.000000 0.000000 1.000000
0.991363 0.037459 0.125681 -0.057500 -0.024084 0.994043 -0.106297 18.534300 -0.128915 0.102352 0.986359 -2.042900 0.000000 0.000000 0.000000 1.000000
0.993037 0.019980 0.116100 -0.057500 -0.007898 0.994586 -0.103613 18.534300 -0.117542 0.101975 0.987818 -2.042900 0.000000 0.000000 0.000000 1.000000
0.994682 0.019373 0.101157 -0.057500 -0.008981 0.994725 -0.102184 18.534300 -0.102603 0.100732 0.989609 -2.042900 0.000000 0.000000 0.000000 1.000000
0.996412 0.032350 0.078208 -0.057500 -0.024523 0.994781 -0.099042 18.534300 -0.081004 0.096769 0.992005 -2.042900 0.000000 0.000000 0.000000 1.000000
0.997547 0.051519 0.047391 -0.057500 -0.046832 0.994357 -0.095184 18.534300 -0.052027 0.092731 0.994331 -2.042900 0.000000 0.000000 0.000000 1.000000
0.998014 0.057296 0.026179 -0.057500 -0.054548 0.993907 -0.095775 18.534300 -0.031507 0.094157 0.995059 -2.042900 0.000000 0.000000 0.000000 1.000000
0.998501 0.051051 0.019723 -0.057500 -0.048884 0.993983 -0.098024 18.534300 -0.024609 0.096913 0.994989 -2.042900 0.000000 0.000000 0.000000 1.000000
0.999253 0.029858 0.024555 -0.057500 -0.027239 0.994532 -0.100816 18.534300 -0.027431 0.100071 0.994602 -2.042900 0.000000 0.000000 0.000000 1.000000
0.999453 0.002444 0.032980 -0.057500 0.000874 0.994965 -0.100217 18.534300 -0.033059 0.100191 0.994419 -2.042900 0.000000 0.000000 0.000000 1.000000
0.998939 -0.018408 0.042219 -0.057500 0.022264 0.995440 -0.092755 18.534300 -0.040319 0.093597 0.994793 -2.042900 0.000000 0.000000 0.000000 1.000000
0.998164 -0.035453 0.049113 -0.057500 0.039791 0.995115 -0.090348 18.534300 -0.045670 0.092137 0.994698 -2.042900 0.000000 0.000000 0.000000 1.000000
0.996883 -0.057694 0.053819 -0.057500 0.062604 0.993552 -0.094524 18.534300 -0.048018 0.097599 0.994067 -2.042900 0.000000 0.000000 0.000000 1.000000
0.995904 -0.062131 0.065683 -0.057500 0.068307 0.992998 -0.096380 18.534300 -0.059235 0.100472 0.993175 -2.042900 0.000000 0.000000 0.000000 1.000000
0.995098 -0.047437 0.086778 -0.057500 0.055860 0.993680 -0.097366 18.534300 -0.081610 0.101737 0.991458 -2.042900 0.000000 0.000000 0.000000 1.000000
0.994034 -0.032339 0.104169 -0.057500 0.042682 0.994206 -0.098650 18.534300 -0.100376 0.102508 0.989655 -2.042900 0.000000 0.000000 0.000000 1.000000
0.993254 -0.015701 0.114890 -0.057500 0.027350 0.994559 -0.100524 18.534300 -0.112687 0.102988 0.988279 -2.042900 0.000000 0.000000 0.000000 1.000000
0.991712 0.006928 0.128296 -0.057500 0.006265 0.994750 -0.102139 18.534300 -0.128330 0.102096 0.986462 -2.042900 0.000000 0.000000 0.000000 1.000000</float_array><technique_common><accessor source="#mixamorig_Spine-Matrix-animation-output-transform-array" count="32" stride="16"><param type="float4x4"/></accessor></technique_common></source><source id="mixamorig_Spine-Interpolations"><Name_array id="mixamorig_Spine-Interpolations-array" count="32">
 LINEAR LINEAR LINEAR LINEAR LINEAR LINEAR LINEAR LINEAR LINEAR LINEAR LINEAR
LINEAR LINEAR LINEAR LINEAR LINEAR LINEAR LINEAR LINEAR LINEAR LINEAR LINEAR LINEAR
LINEAR LINEAR LINEAR LINEAR LINEAR LINEAR LINEAR LINEAR LINEAR</Name_array><technique_common><accessor source="#mixamorig_Spine-Interpolations-array" count="32"><param type="name"/></accessor></technique_common></source><sampler id="mixamorig_Spine-Matrix-animation-transform"><input semantic="INPUT" source="#mixamorig_Spine-Matrix-animation-input"/><input semantic="OUTPUT" source="#mixamorig_Spine-Matrix-animation-output-transform"/><input semantic="INTERPOLATION" source="#mixamorig_Spine-Interpolations"/></sampler><channel source="#mixamorig_Spine-Matrix-animation-transform" target="mixamorig_Spine/matrix"/></animation>
    <animation id="mixamorig_Spine1-anim" name="mixamorig_Spine1"><source id="mixamorig_Spine1-Matrix-animation-input"><float_array id="mixamorig_Spine1-Matrix-animation-input-array" count="32">

0.000000 0.033333 0.066667 0.100000 0.133333 0.166667 0.200000 0.233333 0.266667 0.300000 0.333333 0.366667 0.400000 0.433333 0.466667 0.500000
0.533333 0.566667 0.600000 0.633333 0.666667 0.700000 0.733333 0.766667 0.800000 0.833333 0.866667 0.900000 0.933333 0.966667 1.000000 1.033333</float_array><technique_common><accessor source="#mixamorig_Spine1-Matrix-animation-input-array" count="32"><param name="TIME" type="float"/></accessor></technique_common></source><source id="mixamorig_Spine1-Matrix-animation-output-transform"><float_array id="mixamorig_Spine1-Matrix-animation-output-transform-array" count="512">

0.996539 0.007092 0.082819 0.305500 -0.001022 0.997323 -0.073109 19.736099 -0.083116 0.072771 0.993879 -0.783400 0.000000 0.000000 0.000000 1.000000
0.995905 0.015486 0.089065 0.305500 -0.009171 0.997443 -0.070878 19.736099 -0.089935 0.069771 0.993501 -0.783400 0.000000 0.000000 0.000000 1.000000
0.995092 0.018368 0.097237 0.305500 -0.011963 0.997745 -0.066047 19.736099 -0.098230 0.064559 0.993067 -0.783400 0.000000 0.000000 0.000000 1.000000
0.994179 0.015934 0.106554 0.305500 -0.009431 0.998077 -0.061258 19.736099 -0.107326 0.059897 0.992418 -0.783400 0.000000 0.000000 0.000000 1.000000
0.993109 0.012269 0.116551 0.305500 -0.005737 0.998402 -0.056215 19.736099 -0.117055 0.055159 0.991592 -0.783400 0.000000 0.000000 0.000000 1.000000
0.992213 0.010618 0.124097 0.305500 -0.003850 0.998498 -0.054654 19.736099 -0.124491 0.053750 0.990764 -0.783400 0.000000 0.000000 0.000000 1.000000
0.991843 0.014202 0.126670 0.305500 -0.006937 0.998315 -0.057610 19.736099 -0.127275 0.056261 0.990271 -0.783400 0.000000 0.000000 0.000000 1.000000
0.991702 0.024087 0.126283 0.305500 -0.016623 0.998070 -0.059833 19.736099 -0.127481 0.057238 0.990188 -0.783400 0.000000 0.000000 0.000000 1.000000
0.991937 0.035352 0.121701 0.305500 -0.028407 0.997893 -0.058338 19.736099 -0.123507 0.054411 0.990851 -0.783400 0.000000 0.000000 0.000000 1.000000
0.992241 0.045706 0.115626 0.305500 -0.038693 0.997314 -0.062188 19.736099 -0.118157 0.057232 0.991344 -0.783400 0.000000 0.000000 0.000000 1.000000
0.991719 0.051818 0.117509 0.305500 -0.043926 0.996664 -0.068781 19.736099 -0.120682 0.063050 0.990687 -0.783400 0.000000 0.000000 0.000000 1.000000
0.991166 0.054011 0.121129 0.305500 -0.045474 0.996355 -0.072173 19.736099 -0.124586 0.066027 0.990009 -0.783400 0.000000 0.000000 0.000000 1.000000
0.992074 0.049717 0.115405 0.305500 -0.041268 0.996368 -0.074486 19.736099 -0.118689 0.069133 0.990522 -0.783400 0.000000 0.000000 0.000000 1.000000
0.993720 0.041074 0.104084 0.305500 -0.033263 0.996576 -0.075702 19.736099 -0.106837 0.071764 0.991683 -0.783400 0.000000 0.000000 0.000000 1.000000
0.995133 0.031900 0.093231 0.305500 -0.024878 0.996832 -0.075541 19.736099 -0.095345 0.072854 0.992775 -0.783400 0.000000 0.000000 0.000000 1.000000
0.996077 0.022430 0.085606 0.305500 -0.015978 0.997031 -0.075322 19.736099 -0.087041 0.073659 0.993478 -0.783400 0.000000 0.000000 0.000000 1.000000
0.996586 0.015317 0.081131 0.305500 -0.009244 0.997163 -0.074709 19.736099 -0.082045 0.073704 0.993900 -0.783400 0.000000 0.000000 0.000000 1.000000
0.996867 0.012068 0.078168 0.305500 -0.006305 0.997271 -0.073559 19.736099 -0.078842 0.072835 0.994223 -0.783400 0.000000 0.000000 0.000000 1.000000
0.997228 0.014083 0.073060 0.305500 -0.008935 0.997484 -0.070323 19.736099 -0.073866 0.069475 0.994845 -0.783400 0.000000 0.000000 0.000000 1.000000
0.997685 0.020306 0.064905 0.305500 -0.016047 0.997725 -0.065478 19.736099 -0.066087 0.064285 0.995741 -0.783400 0.000000 0.000000 0.000000 1.000000
0.998058 0.024488 0.057271 0.305500 -0.020724 0.997643 -0.065416 19.736099 -0.058738 0.064102 0.996213 -0.783400 0.000000 0.000000 0.000000 1.000000
0.998325 0.023667 0.052791 0.305500 -0.020076 0.997515 -0.067534 19.736099 -0.054258 0.066362 0.996319 -0.783400 0.000000 0.000000 0.000000 1.000000
0.998513 0.015891 0.052148 0.305500 -0.012198 0.997445 -0.070386 19.736099 -0.053133 0.069645 0.996156 -0.783400 0.000000 0.000000 0.000000 1.000000
0.998497 0.005726 0.054511 0.305500 -0.001810 0.997430 -0.071620 19.736099 -0.054781 0.071413 0.995941 -0.783400 0.000000 0.000000 0.000000 1.000000
0.998256 -0.000485 0.059038 0.305500 0.004532 0.997645 -0.068439 19.736099 -0.058866 0.068588 0.995907 -0.783400 0.000000 0.000000 0.000000 1.000000
0.998052 -0.008355 0.061827 0.305500 0.012552 0.997620 -0.067799 19.736099 -0.061113 0.068443 0.995781 -0.783400 0.000000 0.000000 0.000000 1.000000
0.998019 -0.019353 0.059868 0.305500 0.023588 0.997208 -0.070856 19.736099 -0.058330 0.072128 0.995688 -0.783400 0.000000 0.000000 0.000000 1.000000
0.997866 -0.020513 0.061986 0.305500 0.024961 0.997103 -0.071854 19.736099 -0.060332 0.073248 0.995487 -0.783400 0.000000 0.000000 0.000000 1.000000
0.997357 -0.013749 0.071343 0.305500 0.018896 0.997227 -0.071978 19.736099 -0.070156 0.073136 0.994851 -0.783400 0.000000 0.000000 0.000000 1.000000
0.996931 -0.008006 0.077872 0.305500 0.013635 0.997310 -0.072023 19.736099 -0.077086 0.072864 0.994358 -0.783400 0.000000 0.000000 0.000000 1.000000
0.996817 -0.001916 0.079701 0.305500 0.007730 0.997324 -0.072701 19.736099 -0.079348 0.073086 0.994164 -0.783400 0.000000 0.000000 0.000000 1.000000
0.996539 0.007092 0.082819 0.305500 -0.001022 0.997323 -0.073109 19.736099 -0.083116 0.072771 0.993879 -0.783400 0.000000 0.000000 0.000000 1.000000</float_array><technique_common><accessor source="#mixamorig_Spine1-Matrix-animation-output-transform-array" count="32" stride="16"><param type="float4x4"/></accessor></technique_common></source><source id="mixamorig_Spine1-Interpolations"><Name_array id="mixamorig_Spine1-Interpolations-array" count="32">
 LINEAR LINEAR LINEAR LINEAR LINEAR LINEAR LINEAR LINEAR LINEAR LINEAR LINEAR
LINEAR LINEAR LINEAR LINEAR LINEAR LINEAR LINEAR LINEAR LINEAR LINEAR LINEAR LINEAR
LINEAR LINEAR LINEAR LINEAR LINEAR LINEAR LINEAR LINEAR LINEAR</Name_array><technique_common><accessor source="#mixamorig_Spine1-Interpolations-array" count="32"><param type="name"/></accessor></technique_common></source><sampler id="mixamorig_Spine1-Matrix-animation-transform"><input semantic="INPUT" source="#mixamorig_Spine1-Matrix-animation-input"/><input semantic="OUTPUT" source="#mixamorig_Spine1-Matrix-animation-output-transform"/><input semantic="INTERPOLATION" source="#mixamorig_Spine1-Interpolations"/></sampler><channel source="#mixamorig_Spine1-Matrix-animation-transform" target="mixamorig_Spine1/matrix"/></animation>
    <animation id="mixamorig_Spine2-anim" name="mixamorig_Spine2"><source id="mixamorig_Spine2-Matrix-animation-input"><float_array id="mixamorig_Spine2-Matrix-animation-input-array" count="32">

0.000000 0.033333 0.066667 0.100000 0.133333 0.166667 0.200000 0.233333 0.266667 0.300000 0.333333 0.366667 0.400000 0.433333 0.466667 0.500000
0.533333 0.566667 0.600000 0.633333 0.666667 0.700000 0.733333 0.766667 0.800000 0.833333 0.866667 0.900000 0.933333 0.966667 1.000000 1.033333</float_array><technique_common><accessor source="#mixamorig_Spine2-Matrix-animation-input-array" count="32"><param name="TIME" type="float"/></accessor></technique_common></source><source id="mixamorig_Spine2-Matrix-animation-output-transform"><float_array id="mixamorig_Spine2-Matrix-animation-output-transform-array" count="512">

0.996504 0.006745 0.083278 0.152700 -0.000680 0.997358 -0.072645 25.612801 -0.083547 0.072334 0.993875 -0.124700 0.000000 0.000000 0.000000 1.000000
0.995853 0.015242 0.089694 0.152700 -0.008947 0.997494 -0.070176 25.612801 -0.090539 0.069083 0.993494 -0.124700 0.000000 0.000000 0.000000 1.000000
0.995014 0.018397 0.098019 0.152700 -0.012048 0.997814 -0.064973 25.612801 -0.099000 0.063468 0.993061 -0.124700 0.000000 0.000000 0.000000 1.000000
0.994088 0.016367 0.107337 0.152700 -0.009959 0.998151 -0.059968 25.612801 -0.108120 0.058545 0.992413 -0.124700 0.000000 0.000000 0.000000 1.000000
0.993016 0.013336 0.117226 0.152700 -0.006921 0.998464 -0.054963 25.612801 -0.117779 0.053768 0.991583 -0.124700 0.000000 0.000000 0.000000 1.000000
0.992115 0.011868 0.124764 0.152700 -0.005239 0.998564 -0.053323 25.612801 -0.125217 0.052249 0.990753 -0.124700 0.000000 0.000000 0.000000 1.000000
0.991743 0.015146 0.127340 0.152700 -0.008040 0.998391 -0.056136 25.612801 -0.127986 0.054649 0.990269 -0.124700 0.000000 0.000000 0.000000 1.000000
0.991614 0.024475 0.126895 0.152700 -0.017170 0.998149 -0.058344 25.612801 -0.128088 0.055676 0.990199 -0.124700 0.000000 0.000000 0.000000 1.000000
0.991858 0.035354 0.122343 0.152700 -0.028572 0.997979 -0.056757 25.612801 -0.124102 0.052799 0.990864 -0.124700 0.000000 0.000000 0.000000 1.000000
0.992176 0.045427 0.116286 0.152700 -0.038543 0.997407 -0.060783 25.612801 -0.118746 0.055826 0.991354 -0.124700 0.000000 0.000000 0.000000 1.000000
0.991660 0.051294 0.118234 0.152700 -0.043518 0.996774 -0.067443 25.612801 -0.121312 0.061735 0.990693 -0.124700 0.000000 0.000000 0.000000 1.000000
0.991116 0.053505 0.121764 0.152700 -0.045079 0.996462 -0.070938 25.612801 -0.125128 0.064819 0.990021 -0.124700 0.000000 0.000000 0.000000 1.000000
0.992035 0.049401 0.115872 0.152700 -0.041026 0.996445 -0.073587 25.612801 -0.119095 0.068247 0.990535 -0.124700 0.000000 0.000000 0.000000 1.000000
0.993690 0.040847 0.104455 0.152700 -0.033071 0.996625 -0.075128 25.612801 -0.107172 0.071199 0.991688 -0.124700 0.000000 0.000000 0.000000 1.000000
0.995107 0.031610 0.093614 0.152700 -0.024596 0.996868 -0.075161 25.612801 -0.095697 0.072491 0.992767 -0.124700 0.000000 0.000000 0.000000 1.000000
0.996046 0.022069 0.086049 0.152700 -0.015616 0.997064 -0.074965 25.612801 -0.087451 0.073325 0.993467 -0.124700 0.000000 0.000000 0.000000 1.000000
0.996556 0.014877 0.081577 0.152700 -0.008801 0.997193 -0.074350 25.612801 -0.082454 0.073376 0.993890 -0.124700 0.000000 0.000000 0.000000 1.000000
0.996850 0.011577 0.078461 0.152700 -0.005811 0.997291 -0.073331 25.612801 -0.079098 0.072644 0.994216 -0.124700 0.000000 0.000000 0.000000 1.000000
0.997233 0.013659 0.073078 0.152700 -0.008508 0.997487 -0.070342 25.612801 -0.073855 0.069525 0.994843 -0.124700 0.000000 0.000000 0.000000 1.000000
0.997714 0.020136 0.064505 0.152700 -0.015881 0.997706 -0.065809 25.612801 -0.065682 0.064635 0.995745 -0.124700 0.000000 0.000000 0.000000 1.000000
0.998091 0.024434 0.056723 0.152700 -0.020682 0.997618 -0.065802 25.612801 -0.058196 0.064503 0.996219 -0.124700 0.000000 0.000000 0.000000 1.000000
0.998349 0.023587 0.052382 0.152700 -0.020010 0.997498 -0.067808 25.612801 -0.053851 0.066648 0.996322 -0.124700 0.000000 0.000000 0.000000 1.000000
0.998524 0.015750 0.051977 0.152700 -0.012062 0.997438 -0.070516 25.612801 -0.052954 0.069785 0.996156 -0.124700 0.000000 0.000000 0.000000 1.000000
0.998495 0.005460 0.054571 0.152700 -0.001541 0.997432 -0.071600 25.612801 -0.054822 0.071408 0.995939 -0.124700 0.000000 0.000000 0.000000 1.000000
0.998236 -0.000971 0.059367 0.152700 0.005026 0.997660 -0.068180 25.612801 -0.059162 0.068358 0.995905 -0.124700 0.000000 0.000000 0.000000 1.000000
0.998013 -0.008960 0.062363 0.152700 0.013161 0.997647 -0.067282 25.612801 -0.061613 0.067969 0.995783 -0.124700 0.000000 0.000000 0.000000 1.000000
0.997975 -0.019899 0.060412 0.152700 0.024139 0.997234 -0.070292 25.612801 -0.058846 0.071608 0.995695 -0.124700 0.000000 0.000000 0.000000 1.000000
0.997831 -0.020992 0.062393 0.152700 0.025442 0.997123 -0.071400 25.612801 -0.060715 0.072833 0.995494 -0.124700 0.000000 0.000000 0.000000 1.000000
0.997332 -0.014191 0.071610 0.152700 0.019326 0.997250 -0.071544 25.612801 -0.070398 0.072738 0.994863 -0.124700 0.000000 0.000000 0.000000 1.000000
0.996909 -0.008359 0.078121 0.152700 0.013984 0.997326 -0.071729 25.612801 -0.077313 0.072599 0.994360 -0.124700 0.000000 0.000000 0.000000 1.000000
0.996789 -0.002244 0.080045 0.152700 0.008054 0.997348 -0.072334 25.612801 -0.079670 0.072747 0.994163 -0.124700 0.000000 0.000000 0.000000 1.000000
0.996504 0.006745 0.083278 0.152700 -0.000680 0.997358 -0.072645 25.612801 -0.083548 0.072334 0.993875 -0.124700 0.000000 0.000000 0.000000 1.000000</float_array><technique_common><accessor source="#mixamorig_Spine2-Matrix-animation-output-transform-array" count="32" stride="16"><param type="float4x4"/></accessor></technique_common></source><source id="mixamorig_Spine2-Interpolations"><Name_array id="mixamorig_Spine2-Interpolations-array" count="32">
 LINEAR LINEAR LINEAR LINEAR LINEAR LINEAR LINEAR LINEAR LINEAR LINEAR LINEAR
LINEAR LINEAR LINEAR LINEAR LINEAR LINEAR LINEAR LINEAR LINEAR LINEAR LINEAR LINEAR
LINEAR LINEAR LINEAR LINEAR LINEAR LINEAR LINEAR LINEAR LINEAR</Name_array><technique_common><accessor source="#mixamorig_Spine2-Interpolations-array" count="32"><param type="name"/></accessor></technique_common></source><sampler id="mixamorig_Spine2-Matrix-animation-transform"><input semantic="INPUT" source="#mixamorig_Spine2-Matrix-animation-input"/><input semantic="OUTPUT" source="#mixamorig_Spine2-Matrix-animation-output-transform"/><input semantic="INTERPOLATION" source="#mixamorig_Spine2-Interpolations"/></sampler><channel source="#mixamorig_Spine2-Matrix-animation-transform" target="mixamorig_Spine2/matrix"/></animation>
    <animation id="mixamorig_Neck-anim" name="mixamorig_Neck"><source id="mixamorig_Neck-Matrix-animation-input"><float_array id="mixamorig_Neck-Matrix-animation-input-array" count="32">

0.000000 0.033333 0.066667 0.100000 0.133333 0.166667 0.200000 0.233333 0.266667 0.300000 0.333333 0.366667 0.400000 0.433333 0.466667 0.500000
0.533333 0.566667 0.600000 0.633333 0.666667 0.700000 0.733333 0.766667 0.800000 0.833333 0.866667 0.900000 0.933333 0.966667 1.000000 1.033333</float_array><technique_common><accessor source="#mixamorig_Neck-Matrix-animation-input-array" count="32"><param name="TIME" type="float"/></accessor></technique_common></source><source id="mixamorig_Neck-Matrix-animation-output-transform"><float_array id="mixamorig_Neck-Matrix-animation-output-transform-array" count="512">

0.994679 -0.032993 0.097600 0.879800 0.041118 0.995748 -0.082439 30.689800 -0.094465 0.086013 0.991805 2.800200 0.000000 0.000000 0.000000 1.000000
0.994724 -0.031799 0.097531 0.879800 0.039978 0.995740 -0.083089 30.689800 -0.094474 0.086550 0.991758 2.800200 0.000000 0.000000 0.000000 1.000000
0.994858 -0.026725 0.097692 0.879800 0.034867 0.995971 -0.082615 30.689800 -0.095090 0.085596 0.991782 2.800200 0.000000 0.000000 0.000000 1.000000
0.994889 -0.022706 0.098385 0.879800 0.030558 0.996402 -0.079052 30.689800 -0.096236 0.081654 0.992004 2.800200 0.000000 0.000000 0.000000 1.000000
0.994727 -0.023757 0.099773 0.879800 0.031234 0.996764 -0.074062 30.689800 -0.097691 0.076788 0.992250 2.800200 0.000000 0.000000 0.000000 1.000000
0.994542 -0.022921 0.101789 0.879800 0.029919 0.997252 -0.067769 30.689800 -0.099956 0.070445 0.992495 2.800200 0.000000 0.000000 0.000000 1.000000
0.994452 -0.020806 0.103114 0.879800 0.027610 0.997503 -0.065003 30.689800 -0.101504 0.067490 0.992543 2.800200 0.000000 0.000000 0.000000 1.000000
0.994459 -0.023110 0.102550 0.879800 0.029842 0.997464 -0.064612 30.689800 -0.100797 0.067314 0.992627 2.800200 0.000000 0.000000 0.000000 1.000000
0.994643 -0.022863 0.100813 0.879800 0.029594 0.997395 -0.065780 30.689800 -0.099046 0.068411 0.992728 2.800200 0.000000 0.000000 0.000000 1.000000
0.994863 -0.025498 0.097965 0.879800 0.032107 0.997271 -0.066482 30.689800 -0.096002 0.069286 0.992967 2.800200 0.000000 0.000000 0.000000 1.000000
0.995082 -0.018838 0.097252 0.879800 0.025872 0.997099 -0.071586 30.689800 -0.095621 0.073750 0.992682 2.800200 0.000000 0.000000 0.000000 1.000000
0.994990 -0.009435 0.099524 0.879800 0.017127 0.996906 -0.076721 30.689800 -0.098492 0.078041 0.992073 2.800200 0.000000 0.000000 0.000000 1.000000
0.994826 -0.008748 0.101218 0.879800 0.016524 0.996953 -0.076237 30.689800 -0.100243 0.077515 0.991939 2.800200 0.000000 0.000000 0.000000 1.000000
0.994725 -0.008717 0.102205 0.879800 0.016906 0.996689 -0.079536 30.689800 -0.101174 0.080844 0.991579 2.800200 0.000000 0.000000 0.000000 1.000000
0.994580 -0.007156 0.103725 0.879800 0.016032 0.996252 -0.084999 30.689800 -0.102728 0.086201 0.990967 2.800200 0.000000 0.000000 0.000000 1.000000
0.994457 -0.005770 0.104990 0.879800 0.014741 0.996283 -0.084871 30.689800 -0.104110 0.085948 0.990845 2.800200 0.000000 0.000000 0.000000 1.000000
0.994383 -0.007612 0.105570 0.879800 0.016277 0.996544 -0.081460 30.689800 -0.104585 0.082721 0.991070 2.800200 0.000000 0.000000 0.000000 1.000000
0.994298 -0.011063 0.106065 0.879800 0.019200 0.996923 -0.076005 30.689800 -0.104898 0.077608 0.991450 2.800200 0.000000 0.000000 0.000000 1.000000
0.994118 -0.014628 0.107314 0.879800 0.022132 0.997366 -0.069077 30.689800 -0.106021 0.071046 0.991823 2.800200 0.000000 0.000000 0.000000 1.000000
0.993896 -0.018188 0.108809 0.879800 0.025427 0.997528 -0.065511 30.689800 -0.107348 0.067878 0.991902 2.800200 0.000000 0.000000 0.000000 1.000000
0.993832 -0.019817 0.109107 0.879800 0.026921 0.997585 -0.064028 30.689800 -0.107575 0.066570 0.991966 2.800200 0.000000 0.000000 0.000000 1.000000
0.993852 -0.018364 0.109183 0.879800 0.025357 0.997691 -0.063008 30.689800 -0.107774 0.065390 0.992023 2.800200 0.000000 0.000000 0.000000 1.000000
0.993885 -0.014910 0.109411 0.879800 0.022158 0.997618 -0.065332 30.689800 -0.108176 0.067357 0.991847 2.800200 0.000000 0.000000 0.000000 1.000000
0.994012 -0.014056 0.108363 0.879800 0.021648 0.997367 -0.069208 30.689800 -0.107105 0.071140 0.991699 2.800200 0.000000 0.000000 0.000000 1.000000
0.994184 -0.015228 0.106615 0.879800 0.022701 0.997342 -0.069237 30.689800 -0.105277 0.071255 0.991887 2.800200 0.000000 0.000000 0.000000 1.000000
0.994256 -0.013870 0.106126 0.879800 0.020997 0.997577 -0.066331 30.689800 -0.104948 0.068178 0.992138 2.800200 0.000000 0.000000 0.000000 1.000000
0.994365 -0.013497 0.105144 0.879800 0.020360 0.997711 -0.064479 30.689800 -0.104033 0.066257 0.992364 2.800200 0.000000 0.000000 0.000000 1.000000
0.994607 -0.018582 0.102040 0.879800 0.025217 0.997624 -0.064117 30.689800 -0.100606 0.066345 0.992712 2.800200 0.000000 0.000000 0.000000 1.000000
0.994769 -0.025464 0.098922 0.879800 0.032110 0.997291 -0.066179 30.689800 -0.096968 0.069010 0.992892 2.800200 0.000000 0.000000 0.000000 1.000000
0.994754 -0.030093 0.097769 0.879800 0.037248 0.996694 -0.072206 30.689800 -0.095273 0.075469 0.992586 2.800200 0.000000 0.000000 0.000000 1.000000
0.994699 -0.032076 0.097698 0.879800 0.039868 0.996087 -0.078877 30.689800 -0.094786 0.082354 0.992085 2.800200 0.000000 0.000000 0.000000 1.000000
0.994679 -0.032993 0.097600 0.879800 0.041118 0.995748 -0.082439 30.689800 -0.094465 0.086013 0.991805 2.800200 0.000000 0.000000 0.000000 1.000000</float_array><technique_common><accessor source="#mixamorig_Neck-Matrix-animation-output-transform-array" count="32" stride="16"><param type="float4x4"/></accessor></technique_common></source><source id="mixamorig_Neck-Interpolations"><Name_array id="mixamorig_Neck-Interpolations-array" count="32">
 LINEAR LINEAR LINEAR LINEAR LINEAR LINEAR LINEAR LINEAR LINEAR LINEAR LINEAR
LINEAR LINEAR LINEAR LINEAR LINEAR LINEAR LINEAR LINEAR LINEAR LINEAR LINEAR LINEAR
LINEAR LINEAR LINEAR LINEAR LINEAR LINEAR LINEAR LINEAR LINEAR</Name_array><technique_common><accessor source="#mixamorig_Neck-Interpolations-array" count="32"><param type="name"/></accessor></technique_common></source><sampler id="mixamorig_Neck-Matrix-animation-transform"><input semantic="INPUT" source="#mixamorig_Neck-Matrix-animation-input"/><input semantic="OUTPUT" source="#mixamorig_Neck-Matrix-animation-output-transform"/><input semantic="INTERPOLATION" source="#mixamorig_Neck-Interpolations"/></sampler><channel source="#mixamorig_Neck-Matrix-animation-transform" target="mixamorig_Neck/matrix"/></animation>
    <animation id="mixamorig_Head-anim" name="mixamorig_Head"><source id="mixamorig_Head-Matrix-animation-input"><float_array id="mixamorig_Head-Matrix-animation-input-array" count="32">

0.000000 0.033333 0.066667 0.100000 0.133333 0.166667 0.200000 0.233333 0.266667 0.300000 0.333333 0.366667 0.400000 0.433333 0.466667 0.500000
0.533333 0.566667 0.600000 0.633333 0.666667 0.700000 0.733333 0.766667 0.800000 0.833333 0.866667 0.900000 0.933333 0.966667 1.000000 1.033333</float_array><technique_common><accessor source="#mixamorig_Head-Matrix-animation-input-array" count="32"><param name="TIME" type="float"/></accessor></technique_common></source><source id="mixamorig_Head-Matrix-animation-output-transform"><float_array id="mixamorig_Head-Matrix-animation-output-transform-array" count="512">

0.810834 0.104857 0.575806 0.154400 -0.177512 0.981538 0.071226 19.089399 -0.557707 -0.159965 0.814478 6.327400 0.000000 0.000000 0.000000 1.000000
0.812518 0.100175 0.574265 0.154400 -0.171686 0.982552 0.071520 19.089399 -0.557081 -0.156705 0.815540 6.327400 0.000000 0.000000 0.000000 1.000000
0.811887 0.104609 0.574366 0.154400 -0.176555 0.981744 0.070763 19.089399 -0.556478 -0.158859 0.815534 6.327400 0.000000 0.000000 0.000000 1.000000
0.807098 0.115988 0.578912 0.154400 -0.188831 0.979724 0.066968 19.089399 -0.559407 -0.163366 0.812635 6.327400 0.000000 0.000000 0.000000 1.000000
0.799238 0.123391 0.588212 0.154400 -0.197259 0.978338 0.062798 19.089399 -0.567722 -0.166221 0.806265 6.327400 0.000000 0.000000 0.000000 1.000000
0.792402 0.123087 0.597451 0.154400 -0.203168 0.976764 0.068230 19.089399 -0.575170 -0.175449 0.798997 6.327400 0.000000 0.000000 0.000000 1.000000
0.790799 0.114351 0.601299 0.154400 -0.207904 0.974168 0.088165 19.089399 -0.575685 -0.194733 0.794145 6.327400 0.000000 0.000000 0.000000 1.000000
0.796230 0.096576 0.597235 0.154400 -0.201507 0.973145 0.111285 19.089399 -0.570449 -0.208956 0.794308 6.327400 0.000000 0.000000 0.000000 1.000000
0.808659 0.076491 0.583283 0.154400 -0.181683 0.975513 0.123957 19.089399 -0.559519 -0.206211 0.802755 6.327400 0.000000 0.000000 0.000000 1.000000
0.822140 0.061417 0.565963 0.154400 -0.164540 0.977369 0.132956 19.089399 -0.544989 -0.202432 0.813639 6.327400 0.000000 0.000000 0.000000 1.000000
0.828030 0.057572 0.557720 0.154400 -0.161911 0.976889 0.139544 19.089399 -0.536796 -0.205848 0.818215 6.327400 0.000000 0.000000 0.000000 1.000000
0.823925 0.063034 0.563182 0.154400 -0.164553 0.977587 0.131321 19.089399 -0.542282 -0.200872 0.815831 6.327400 0.000000 0.000000 0.000000 1.000000
0.818552 0.073703 0.569685 0.154400 -0.166407 0.979634 0.112362 19.089399 -0.549801 -0.186773 0.814146 6.327400 0.000000 0.000000 0.000000 1.000000
0.816499 0.078880 0.571934 0.154400 -0.163946 0.981521 0.098683 19.089399 -0.553581 -0.174341 0.814342 6.327400 0.000000 0.000000 0.000000 1.000000
0.813504 0.081262 0.575854 0.154400 -0.162716 0.982446 0.091230 19.089399 -0.558332 -0.167917 0.812446 6.327400 0.000000 0.000000 0.000000 1.000000
0.810361 0.087226 0.579403 0.154400 -0.165953 0.982533 0.084188 19.089399 -0.561939 -0.164377 0.810682 6.327400 0.000000 0.000000 0.000000 1.000000
0.807139 0.092664 0.583044 0.154400 -0.172623 0.981486 0.082982 19.089399 -0.564560 -0.167625 0.808191 6.327400 0.000000 0.000000 0.000000 1.000000
0.803453 0.096705 0.587462 0.154400 -0.182271 0.979295 0.088080 19.089399 -0.566781 -0.177845 0.804444 6.327400 0.000000 0.000000 0.000000 1.000000
0.800005 0.095650 0.592320 0.154400 -0.188147 0.977410 0.096281 19.089399 -0.569730 -0.188469 0.799930 6.327400 0.000000 0.000000 0.000000 1.000000
0.797673 0.090048 0.596330 0.154400 -0.191249 0.975525 0.108514 19.089399 -0.571963 -0.200607 0.795371 6.327400 0.000000 0.000000 0.000000 1.000000
0.795947 0.093533 0.598097 0.154400 -0.203536 0.971823 0.118887 19.089399 -0.570125 -0.216362 0.792556 6.327400 0.000000 0.000000 0.000000 1.000000
0.793139 0.103928 0.600108 0.154400 -0.219227 0.968003 0.122102 19.089399 -0.568217 -0.228404 0.790545 6.327400 0.000000 0.000000 0.000000 1.000000
0.788913 0.117173 0.603230 0.154400 -0.230125 0.966553 0.113215 19.089399 -0.569788 -0.228135 0.789491 6.327400 0.000000 0.000000 0.000000 1.000000
0.787910 0.129275 0.602068 0.154400 -0.228019 0.969466 0.090240 19.089399 -0.572018 -0.208383 0.793329 6.327400 0.000000 0.000000 0.000000 1.000000
0.787729 0.141765 0.599487 0.154400 -0.228054 0.971128 0.070015 19.089399 -0.572253 -0.191868 0.797316 6.327400 0.000000 0.000000 0.000000 1.000000
0.781999 0.157661 0.603010 0.154400 -0.248477 0.966132 0.069629 19.089399 -0.571609 -0.204284 0.794689 6.327400 0.000000 0.000000 0.000000 1.000000
0.780956 0.164697 0.602480 0.154400 -0.263686 0.961369 0.078995 19.089399 -0.566195 -0.220557 0.794215 6.327400 0.000000 0.000000 0.000000 1.000000
0.792831 0.151519 0.590306 0.154400 -0.248521 0.964788 0.086144 19.089399 -0.556468 -0.215002 0.802570 6.327400 0.000000 0.000000 0.000000 1.000000
0.804710 0.132697 0.578648 0.154400 -0.222081 0.971218 0.086119 19.089399 -0.550566 -0.197807 0.811018 6.327400 0.000000 0.000000 0.000000 1.000000
0.808599 0.120789 0.575828 0.154400 -0.202442 0.976059 0.079533 19.089399 -0.552436 -0.180882 0.813693 6.327400 0.000000 0.000000 0.000000 1.000000
0.809387 0.112813 0.576339 0.154400 -0.188873 0.979242 0.073568 19.089399 -0.556076 -0.168400 0.813893 6.327400 0.000000 0.000000 0.000000 1.000000
0.810834 0.104857 0.575806 0.154400 -0.177512 0.981538 0.071226 19.089399 -0.557707 -0.159965 0.814478 6.327400 0.000000 0.000000 0.000000 1.000000</float_array><technique_common><accessor source="#mixamorig_Head-Matrix-animation-output-transform-array" count="32" stride="16"><param type="float4x4"/></accessor></technique_common></source><source id="mixamorig_Head-Interpolations"><Name_array id="mixamorig_Head-Interpolations-array" count="32">
 LINEAR LINEAR LINEAR LINEAR LINEAR LINEAR LINEAR LINEAR LINEAR LINEAR LINEAR
LINEAR LINEAR LINEAR LINEAR LINEAR LINEAR LINEAR LINEAR LINEAR LINEAR LINEAR LINEAR
