<?xml version="1.0" encoding="utf-8"?>
<COLLADA xmlns="http://www.collada.org/2005/11/COLLADASchema" version="1.4.1">
  <asset><contributor><author>Mixamo</author><authoring_tool>COLLADA Mixamo exporter</authoring_tool><comments></comments></contributor><created>2018-02-10T11:48:45Z</created><modified>2018-02-10T11:48:45Z</modified><revision></revision><title></title><unit meter="0.010000"/><up_axis>Y_UP</up_axis></asset>
  <library_animations>
    <animation id="mixamorig_Hips-anim" name="mixamorig_Hips"><source id="mixamorig_Hips-Matrix-animation-input"><float_array id="mixamorig_Hips-Matrix-animation-input-array" count="56">

0.000000 0.033333 0.066667 0.100000 0.133333 0.166667 0.200000 0.233333 0.266667 0.300000 0.333333 0.366667 0.400000 0.433333 0.466667 0.500000
0.533333 0.566667 0.600000 0.633333 0.666667 0.700000 0.733333 0.766667 0.800000 0.833333 0.866667 0.900000 0.933333 0.966667 1.000000 1.033333
1.066667 1.100000 1.133333 1.166667 1.200000 1.233333 1.266667 1.300000 1.333333 1.366667 1.400000 1.433333 1.466667 1.500000 1.533333 1.566667
1.600000 1.633333 1.666667 1.700000 1.733333 1.766667 1.800000 1.833333</float_array><technique_common><accessor source="#mixamorig_Hips-Matrix-animation-input-array" count="56"><param name="TIME" type="float"/></accessor></technique_common></source><source id="mixamorig_Hips-Matrix-animation-output-transform"><float_array id="mixamorig_Hips-Matrix-animation-output-transform-array" count="896">

0.910969 -0.123830 -0.393449 0.845613 -0.105768 0.851854 -0.512990 197.362000 0.398685 0.508932 0.762915 -2.069107 0.000000 0.000000 0.000000 1.000000
0.929591 -0.112318 -0.351062 -0.945891 -0.070757 0.880350 -0.469018 199.853607 0.361736 0.460835 0.810418 25.618555 0.000000 0.000000 0.000000 1.000000
0.945711 -0.105281 -0.307483 -2.903595 -0.035329 0.907172 -0.419274 202.590744 0.323081 0.407376 0.854203 53.517372 0.000000 0.000000 0.000000 1.000000
0.959082 -0.101087 -0.264467 -4.780940 -0.002965 0.930453 -0.366398 204.798477 0.283112 0.352190 0.892082 80.295586 0.000000 0.000000 0.000000 1.000000
0.969878 -0.099241 -0.222459 -6.352828 0.025164 0.949180 -0.313726 205.880493 0.242288 0.298678 0.923086 104.646751 0.000000 0.000000 0.000000 1.000000
0.979053 -0.089926 -0.182671 -7.085441 0.039226 0.963679 -0.264168 205.349411 0.199792 0.251469 0.947020 128.401535 0.000000 0.000000 0.000000 1.000000
0.987221 -0.070770 -0.142781 -6.757239 0.037873 0.974504 -0.221152 202.464340 0.154792 0.212918 0.964731 153.777954 0.000000 0.000000 0.000000 1.000000
0.992822 -0.083551 -0.085574 -7.164831 0.065194 0.977941 -0.198445 197.173691 0.100266 0.191441 0.976369 177.706009 0.000000 0.000000 0.000000 1.000000
0.994147 -0.106269 -0.019432 -7.895303 0.100913 0.977706 -0.184140 191.420395 0.038567 0.181101 0.982708 200.869980 0.000000 0.000000 0.000000 1.000000
0.995430 -0.085596 0.042331 -7.915549 0.091539 0.981563 -0.167795 189.329193 -0.027188 0.170904 0.984913 225.525558 0.000000 0.000000 0.000000 1.000000
0.996839 -0.035418 0.071112 -7.994854 0.044303 0.990844 -0.127534 190.392746 -0.065944 0.130282 0.989282 253.215012 0.000000 0.000000 0.000000 1.000000
0.999486 -0.027549 0.016411 -8.419587 0.029179 0.993593 -0.109188 191.175964 -0.013298 0.109610 0.993886 285.065094 0.000000 0.000000 0.000000 1.000000
0.997188 -0.032199 -0.067677 -8.928922 0.025565 0.994984 -0.096710 191.378036 0.070452 0.094708 0.993009 318.605560 0.000000 0.000000 0.000000 1.000000
0.988428 -0.039432 -0.146475 -9.509963 0.029011 0.996938 -0.072614 191.258652 0.148890 0.067524 0.986546 348.523376 0.000000 0.000000 0.000000 1.000000
0.976194 -0.043104 -0.212571 -10.055137 0.036084 0.998671 -0.036792 191.376114 0.213874 0.028246 0.976453 375.079132 0.000000 0.000000 0.000000 1.000000
0.960563 -0.045959 -0.274238 -10.444112 0.048249 0.998834 0.001604 192.885727 0.273844 -0.014773 0.961661 399.913239 0.000000 0.000000 0.000000 1.000000
0.944200 -0.051834 -0.325268 -10.681574 0.068234 0.996899 0.039209 196.284409 0.322227 -0.059215 0.944809 422.438019 0.000000 0.000000 0.000000 1.000000
0.932100 -0.074657 -0.354425 -10.796469 0.104805 0.992259 0.066614 201.366440 0.346708 -0.099236 0.932709 442.359375 0.000000 0.000000 0.000000 1.000000
0.913212 -0.139259 -0.382951 -11.021902 0.179526 0.981165 0.071313 209.844147 0.365807 -0.133873 0.921012 461.579742 0.000000 0.000000 0.000000 1.000000
0.882738 -0.210394 -0.420129 -12.137248 0.251202 0.966953 0.043570 223.470779 0.397078 -0.143998 0.906418 481.991333 0.000000 0.000000 0.000000 1.000000
0.862678 -0.237287 -0.446634 -14.143418 0.265634 0.964074 0.000883 238.373383 0.430379 -0.119403 0.894716 503.082489 0.000000 0.000000 0.000000 1.000000
0.852708 -0.234090 -0.467002 -15.417819 0.240193 0.969566 -0.047433 251.809158 0.463892 -0.071724 0.882983 523.398438 0.000000 0.000000 0.000000 1.000000
0.847924 -0.204637 -0.489028 -15.587540 0.205203 0.977275 -0.053147 262.338135 0.488790 -0.055285 0.870648 542.175842 0.000000 0.000000 0.000000 1.000000
0.834155 -0.181543 -0.520795 -14.308404 0.214863 0.976637 0.003701 269.760773 0.507956 -0.114987 0.853674 558.370483 0.000000 0.000000 0.000000 1.000000
0.813226 -0.175963 -0.554707 -11.959675 0.241226 0.969371 0.046147 275.334320 0.529597 -0.171338 0.830765 573.875854 0.000000 0.000000 0.000000 1.000000
0.785076 -0.192282 -0.588798 -8.459627 0.258914 0.965436 0.029944 279.391327 0.562690 -0.175956 0.807725 589.479919 0.000000 0.000000 0.000000 1.000000
0.758666 -0.226431 -0.610865 -4.720151 0.262837 0.964341 -0.031023 281.275208 0.596107 -0.137022 0.791127 606.142944 0.000000 0.000000 0.000000 1.000000
0.750657 -0.247546 -0.612565 -2.868514 0.256731 0.963585 -0.074791 280.260071 0.608772 -0.101122 0.786874 625.669250 0.000000 0.000000 0.000000 1.000000
0.749961 -0.263898 -0.606562 -1.653887 0.243838 0.962689 -0.117354 278.556061 0.614900 -0.059892 0.786327 646.322876 0.000000 0.000000 0.000000 1.000000
0.755409 -0.276529 -0.594044 -0.928216 0.229062 0.960832 -0.155987 275.707733 0.613912 -0.018239 0.789164 667.993042 0.000000 0.000000 0.000000 1.000000
0.765108 -0.286721 -0.576542 -0.557405 0.217165 0.957831 -0.188148 271.323120 0.606175 0.018749 0.795110 690.433533 0.000000 0.000000 0.000000 1.000000
0.777009 -0.296069 -0.555518 -0.360368 0.212555 0.954058 -0.211171 264.965454 0.592517 0.046004 0.804243 713.480530 0.000000 0.000000 0.000000 1.000000
0.789434 -0.307932 -0.531010 -0.208218 0.221300 0.949668 -0.221713 256.000946 0.572556 0.057515 0.817846 737.113403 0.000000 0.000000 0.000000 1.000000
0.812265 -0.311681 -0.493033 -0.396646 0.250376 0.949738 -0.187906 239.273300 0.526819 0.029186 0.849476 762.780518 0.000000 0.000000 0.000000 1.000000
0.842413 -0.273023 -0.464542 0.257211 0.237133 0.962000 -0.135367 222.636368 0.483847 0.003877 0.875144 788.309631 0.000000 0.000000 0.000000 1.000000
0.847354 -0.167233 -0.504009 2.542427 0.142239 0.985913 -0.087995 209.444046 0.511625 0.002873 0.859204 813.555969 0.000000 0.000000 0.000000 1.000000
0.824444 -0.023999 -0.565434 5.576415 0.023737 0.999688 -0.007819 201.980621 0.565445 -0.006975 0.824756 839.023438 0.000000 0.000000 0.000000 1.000000
0.840036 0.019988 -0.542163 6.208231 -0.013595 0.999783 0.015794 198.167297 0.542361 -0.005897 0.840125 866.002869 0.000000 0.000000 0.000000 1.000000
0.866758 0.028057 -0.497939 6.136181 -0.030201 0.999537 0.003751 195.653000 0.497814 0.011787 0.867204 892.939819 0.000000 0.000000 0.000000 1.000000
0.891630 0.019117 -0.452361 6.223417 -0.031352 0.999317 -0.019564 194.261536 0.451678 0.031626 0.891620 917.696289 0.000000 0.000000 0.000000 1.000000
0.914724 -0.002100 -0.404075 6.436916 -0.019286 0.998620 -0.048850 193.448456 0.403620 0.052477 0.913421 940.476135 0.000000 0.000000 0.000000 1.000000
0.935401 -0.020365 -0.353002 6.814749 -0.009571 0.996516 -0.082850 193.127228 0.353459 0.080877 0.931947 962.919373 0.000000 0.000000 0.000000 1.000000
0.954114 -0.026796 -0.298243 7.427602 -0.011260 0.992073 -0.125159 192.938751 0.299232 0.122774 0.946249 985.398865 0.000000 0.000000 0.000000 1.000000
0.969916 -0.021965 -0.242447 8.438385 -0.024986 0.981679 -0.188896 193.712433 0.242154 0.189271 0.951598 1008.319092 0.000000 0.000000 0.000000 1.000000
0.973454 -0.026719 -0.227318 8.954766 -0.023820 0.975943 -0.216719 197.439713 0.227640 0.216381 0.949399 1031.449829 0.000000 0.000000 0.000000 1.000000
0.967149 -0.028732 -0.252580 8.839147 -0.032648 0.971325 -0.235502 201.688797 0.252104 0.236012 0.938479 1054.476807 0.000000 0.000000 0.000000 1.000000
0.954468 -0.019179 -0.297697 8.445271 -0.063253 0.962229 -0.264791 206.285477 0.291531 0.271565 0.917204 1079.131958 0.000000 0.000000 0.000000 1.000000
0.935186 -0.017294 -0.353736 7.666424 -0.094278 0.950611 -0.295722 209.417511 0.341379 0.309904 0.887367 1105.243042 0.000000 0.000000 0.000000 1.000000
0.911371 -0.042346 -0.409403 6.493971 -0.104625 0.938184 -0.329945 209.681137 0.398067 0.343536 0.850603 1131.588623 0.000000 0.000000 0.000000 1.000000
0.894555 -0.075176 -0.440590 5.224260 -0.098288 0.928536 -0.357994 207.150162 0.436016 0.363550 0.823238 1158.604004 0.000000 0.000000 0.000000 1.000000
0.884034 -0.092717 -0.458134 4.415518 -0.095446 0.923671 -0.371109 204.133575 0.457573 0.371800 0.807708 1184.651611 0.000000 0.000000 0.000000 1.000000
0.880596 -0.102904 -0.462560 3.711004 -0.097166 0.916185 -0.388798 201.866821 0.463800 0.387319 0.796790 1209.593750 0.000000 0.000000 0.000000 1.000000
0.881614 -0.112403 -0.458392 2.938439 -0.100961 0.903832 -0.415806 199.671219 0.461047 0.412860 0.785482 1232.057129 0.000000 0.000000 0.000000 1.000000
0.889177 -0.119316 -0.441733 2.169436 -0.103925 0.887509 -0.448917 198.388718 0.445606 0.445074 0.776753 1250.780396 0.000000 0.000000 0.000000 1.000000
0.899323 -0.123460 -0.419494 1.447636 -0.105897 0.869272 -0.482858 197.620544 0.424268 0.478669 0.768683 1267.878418 0.000000 0.000000 0.000000 1.000000
0.910969 -0.123830 -0.393449 0.845599 -0.105767 0.851854 -0.512990 197.362030 0.398685 0.508932 0.762915 1285.203979 0.000000 0.000000 0.000000 1.000000</float_array><technique_common><accessor source="#mixamorig_Hips-Matrix-animation-output-transform-array" count="56" stride="16"><param type="float4x4"/></accessor></technique_common></source><source id="mixamorig_Hips-Interpolations"><Name_array id="mixamorig_Hips-Interpolations-array" count="56">
 LINEAR LINEAR LINEAR LINEAR LINEAR LINEAR LINEAR LINEAR LINEAR LINEAR LINEAR
LINEAR LINEAR LINEAR LINEAR LINEAR LINEAR LINEAR LINEAR LINEAR LINEAR LINEAR LINEAR
LINEAR LINEAR LINEAR LINEAR LINEAR LINEAR LINEAR LINEAR LINEAR LINEAR LINEAR LINEAR
LINEAR LINEAR LINEAR LINEAR LINEAR LINEAR LINEAR LINEAR LINEAR LINEAR LINEAR LINEAR
LINEAR LINEAR LINEAR LINEAR LINEAR LINEAR LINEAR LINEAR LINEAR</Name_array><technique_common><accessor source="#mixamorig_Hips-Interpolations-array" count="56"><param type="name"/></accessor></technique_common></source><sampler id="mixamorig_Hips-Matrix-animation-transform"><input semantic="INPUT" source="#mixamorig_Hips-Matrix-animation-input"/><input semantic="OUTPUT" source="#mixamorig_Hips-Matrix-animation-output-transform"/><input semantic="INTERPOLATION" source="#mixamorig_Hips-Interpolations"/></sampler><channel source="#mixamorig_Hips-Matrix-animation-transform" target="mixamorig_Hips/matrix"/></animation>
    <animation id="mixamorig_Spine-anim" name="mixamorig_Spine"><source id="mixamorig_Spine-Matrix-animation-input"><float_array id="mixamorig_Spine-Matrix-animation-input-array" count="56">

0.000000 0.033333 0.066667 0.100000 0.133333 0.166667 0.200000 0.233333 0.266667 0.300000 0.333333 0.366667 0.400000 0.433333 0.466667 0.500000
0.533333 0.566667 0.600000 0.633333 0.666667 0.700000 0.733333 0.766667 0.800000 0.833333 0.866667 0.900000 0.933333 0.966667 1.000000 1.033333
1.066667 1.100000 1.133333 1.166667 1.200000 1.233333 1.266667 1.300000 1.333333 1.366667 1.400000 1.433333 1.466667 1.500000 1.533333 1.566667
1.600000 1.633333 1.666667 1.700000 1.733333 1.766667 1.800000 1.833333</float_array><technique_common><accessor source="#mixamorig_Spine-Matrix-animation-input-array" count="56"><param name="TIME" type="float"/></accessor></technique_common></source><source id="mixamorig_Spine-Matrix-animation-output-transform"><float_array id="mixamorig_Spine-Matrix-animation-output-transform-array" count="896">

0.996882 0.046626 0.063662 -0.057500 -0.032890 0.978857 -0.201884 18.534300 -0.071729 0.199161 0.977338 -2.042900 0.000000 0.000000 0.000000 1.000000
0.989494 0.118161 0.083307 -0.057500 -0.092090 0.959322 -0.266872 18.534300 -0.111452 0.256397 0.960125 -2.042900 0.000000 0.000000 0.000000 1.000000
0.974068 0.198302 0.108940 -0.057500 -0.151640 0.929524 -0.336142 18.534300 -0.167920 0.310905 0.935490 -2.042900 0.000000 0.000000 0.000000 1.000000
0.953785 0.268012 0.135884 -0.057500 -0.193014 0.893009 -0.406548 18.534300 -0.230306 0.361532 0.903468 -2.042900 0.000000 0.000000 0.000000 1.000000
0.937118 0.310938 0.158516 -0.057500 -0.204856 0.857758 -0.471472 18.534300 -0.282567 0.409352 0.867518 -2.042900 0.000000 0.000000 0.000000 1.000000
0.938692 0.296680 0.175608 -0.057500 -0.166396 0.835991 -0.522907 18.534300 -0.301942 0.461628 0.834104 -2.042900 0.000000 0.000000 0.000000 1.000000
0.961316 0.209878 0.178387 -0.057500 -0.077102 0.826772 -0.557228 18.534300 -0.264435 0.521918 0.810972 -2.042900 0.000000 0.000000 0.000000 1.000000
0.972686 0.181230 0.145042 -0.057500 -0.069139 0.822684 -0.564279 18.534300 -0.221588 0.538839 0.812743 -2.042900 0.000000 0.000000 0.000000 1.000000
0.978204 0.181334 0.101164 -0.057500 -0.094962 0.823942 -0.558661 18.534300 -0.184657 0.536878 0.823204 -2.042900 0.000000 0.000000 0.000000 1.000000
0.991223 0.099303 0.087271 -0.057500 -0.031041 0.816498 -0.576513 18.534300 -0.128506 0.568744 0.812414 -2.042900 0.000000 0.000000 0.000000 1.000000
0.994238 -0.044909 0.097333 -0.057500 0.094536 0.795392 -0.598677 18.534300 -0.050532 0.604429 0.795055 -2.042900 0.000000 0.000000 0.000000 1.000000
0.991469 -0.099877 0.083744 -0.057500 0.129385 0.831805 -0.539778 18.534300 -0.015747 0.546009 0.837631 -2.042900 0.000000 0.000000 0.000000 1.000000
0.990241 -0.126806 0.057822 -0.057500 0.139283 0.886045 -0.442183 18.534300 0.004838 0.445921 0.895059 -2.042900 0.000000 0.000000 0.000000 1.000000
0.992627 -0.110520 0.049777 -0.057500 0.121212 0.905015 -0.407745 18.534300 0.000015 0.410772 0.911738 -2.042900 0.000000 0.000000 0.000000 1.000000
0.995762 -0.068403 0.061482 -0.057500 0.088503 0.894525 -0.438169 18.534300 -0.025025 0.441753 0.896788 -2.042900 0.000000 0.000000 0.000000 1.000000
0.996515 -0.018343 0.081366 -0.057500 0.055790 0.871761 -0.486744 18.534300 -0.062003 0.489588 0.869747 -2.042900 0.000000 0.000000 0.000000 1.000000
0.993151 0.036544 0.110971 -0.057500 0.031020 0.833257 -0.552015 18.534300 -0.112641 0.551677 0.826417 -2.042900 0.000000 0.000000 0.000000 1.000000
0.985668 0.101740 0.134568 -0.057500 0.002956 0.787137 -0.616771 18.534300 -0.168673 0.608329 0.775555 -2.042900 0.000000 0.000000 0.000000 1.000000
0.971878 0.196887 0.129185 -0.057500 -0.064107 0.749081 -0.659370 18.534300 -0.226591 0.632545 0.740637 -2.042900 0.000000 0.000000 0.000000 1.000000
0.955814 0.273415 0.107999 -0.057500 -0.155517 0.782045 -0.603507 18.534300 -0.249468 0.560045 0.790010 -2.042900 0.000000 0.000000 0.000000 1.000000
0.935617 0.328388 0.129546 -0.057500 -0.239845 0.860588 -0.449292 18.534300 -0.259028 0.389294 0.883943 -2.042900 0.000000 0.000000 0.000000 1.000000
0.917151 0.353686 0.183683 -0.057500 -0.294056 0.911641 -0.287127 18.534300 -0.269006 0.209326 0.940116 -2.042900 0.000000 0.000000 0.000000 1.000000
0.911810 0.353786 0.208418 -0.057500 -0.306314 0.924092 -0.228531 18.534300 -0.273449 0.144536 0.950965 -2.042900 0.000000 0.000000 0.000000 1.000000
0.899968 0.395326 0.183781 -0.057500 -0.321857 0.886842 -0.331542 18.534300 -0.294052 0.239226 0.925367 -2.042900 0.000000 0.000000 0.000000 1.000000
0.883292 0.446171 0.143967 -0.057500 -0.338855 0.819795 -0.461642 18.534300 -0.323995 0.358981 0.875306 -2.042900 0.000000 0.000000 0.000000 1.000000
0.872232 0.474503 0.118565 -0.057500 -0.342305 0.765398 -0.544970 18.534300 -0.349340 0.434755 0.830030 -2.042900 0.000000 0.000000 0.000000 1.000000
0.870866 0.479721 0.107053 -0.057500 -0.334795 0.738406 -0.585379 18.534300 -0.359867 0.473946 0.803661 -2.042900 0.000000 0.000000 0.000000 1.000000
0.875030 0.472136 0.106824 -0.057500 -0.325070 0.736644 -0.593030 18.534300 -0.358682 0.484194 0.798063 -2.042900 0.000000 0.000000 0.000000 1.000000
0.881993 0.457493 0.113084 -0.057500 -0.311868 0.746523 -0.587742 18.534300 -0.353308 0.483118 0.801106 -2.042900 0.000000 0.000000 0.000000 1.000000
0.890617 0.437947 0.122489 -0.057500 -0.297722 0.765130 -0.570909 18.534300 -0.343748 0.471994 0.811825 -2.042900 0.000000 0.000000 0.000000 1.000000
0.899664 0.416114 0.132112 -0.057500 -0.285170 0.789228 -0.543872 18.534300 -0.330579 0.451627 0.828704 -2.042900 0.000000 0.000000 0.000000 1.000000
0.908248 0.394660 0.139028 -0.057500 -0.276614 0.815608 -0.508201 18.534300 -0.313959 0.423116 0.849943 -2.042900 0.000000 0.000000 0.000000 1.000000
0.915885 0.377022 0.137874 -0.057500 -0.275875 0.840621 -0.466099 18.534300 -0.291629 0.388857 0.873924 -2.042900 0.000000 0.000000 0.000000 1.000000
0.928345 0.351956 0.119592 -0.057500 -0.278837 0.872108 -0.402092 18.534300 -0.245816 0.339933 0.907755 -2.042900 0.000000 0.000000 0.000000 1.000000
0.958966 0.263064 0.105739 -0.057500 -0.206069 0.902865 -0.377320 18.534300 -0.194728 0.340048 0.920026 -2.042900 0.000000 0.000000 0.000000 1.000000
0.981420 0.135297 0.136052 -0.057500 -0.069325 0.911209 -0.406068 18.534300 -0.178911 0.389092 0.903658 -2.042900 0.000000 0.000000 0.000000 1.000000
0.980616 0.041177 0.191564 -0.057500 0.062110 0.861928 -0.503212 18.534300 -0.185835 0.505356 0.842663 -2.042900 0.000000 0.000000 0.000000 1.000000
0.977941 0.055891 0.201264 -0.057500 0.057386 0.854572 -0.516152 18.534300 -0.200843 0.516316 0.832514 -2.042900 0.000000 0.000000 0.000000 1.000000
0.975910 0.099205 0.194312 -0.057500 0.010672 0.867865 -0.496686 18.534300 -0.217910 0.486795 0.845899 -2.042900 0.000000 0.000000 0.000000 1.000000
0.973236 0.153162 0.171325 -0.057500 -0.046601 0.861567 -0.505500 18.534300 -0.225032 0.483987 0.845646 -2.042900 0.000000 0.000000 0.000000 1.000000
0.966927 0.215823 0.135915 -0.057500 -0.111192 0.836279 -0.536911 18.534300 -0.229541 0.504041 0.832619 -2.042900 0.000000 0.000000 0.000000 1.000000
0.959254 0.263648 0.101596 -0.057500 -0.162841 0.809723 -0.563765 18.534300 -0.230900 0.524249 0.819663 -2.042900 0.000000 0.000000 0.000000 1.000000
0.959066 0.272563 0.076822 -0.057500 -0.182810 0.803095 -0.567114 18.534300 -0.216269 0.529856 0.820049 -2.042900 0.000000 0.000000 0.000000 1.000000
0.976895 0.203570 0.065083 -0.057500 -0.141572 0.844508 -0.516491 18.534300 -0.160106 0.495344 0.853815 -2.042900 0.000000 0.000000 0.000000 1.000000
0.984774 0.166667 0.049413 -0.057500 -0.114333 0.835089 -0.538102 18.534300 -0.130949 0.524259 0.841430 -2.042900 0.000000 0.000000 0.000000 1.000000
0.990479 0.132160 0.038546 -0.057500 -0.087156 0.818722 -0.567537 18.534300 -0.106564 0.558773 0.822445 -2.042900 0.000000 0.000000 0.000000 1.000000
0.997191 0.068403 0.030505 -0.057500 -0.039269 0.824327 -0.564751 18.534300 -0.063777 0.561966 0.824698 -2.042900 0.000000 0.000000 0.000000 1.000000
0.999456 0.027268 0.018574 -0.057500 -0.013160 0.845723 -0.533461 18.534300 -0.030255 0.532926 0.845621 -2.042900 0.000000 0.000000 0.000000 1.000000
0.999393 0.034599 0.003960 -0.057500 -0.028809 0.885284 -0.464157 18.534300 -0.019565 0.463761 0.885744 -2.042900 0.000000 0.000000 0.000000 1.000000
0.997868 0.065163 0.003695 -0.057500 -0.058312 0.915529 -0.398003 18.534300 -0.029318 0.396939 0.917377 -2.042900 0.000000 0.000000 0.000000 1.000000
0.995845 0.087019 0.026844 -0.057500 -0.071387 0.928987 -0.363162 18.534300 -0.056540 0.359737 0.931339 -2.042900 0.000000 0.000000 0.000000 1.000000
0.994226 0.095599 0.048733 -0.057500 -0.074026 0.939852 -0.333464 18.534300 -0.077681 0.327931 0.941502 -2.042900 0.000000 0.000000 0.000000 1.000000
0.994100 0.090816 0.059313 -0.057500 -0.069556 0.953309 -0.293876 18.534300 -0.083232 0.288017 0.954001 -2.042900 0.000000 0.000000 0.000000 1.000000
0.995118 0.076511 0.062339 -0.057500 -0.058117 0.964811 -0.256442 18.534300 -0.079766 0.251567 0.964547 -2.042900 0.000000 0.000000 0.000000 1.000000
0.996277 0.059368 0.062517 -0.057500 -0.043997 0.973705 -0.223522 18.534300 -0.074143 0.219940 0.972692 -2.042900 0.000000 0.000000 0.000000 1.000000
0.996882 0.046625 0.063662 -0.057500 -0.032889 0.978857 -0.201883 18.534300 -0.071729 0.199159 0.977339 -2.042900 0.000000 0.000000 0.000000 1.000000</float_array><technique_common><accessor source="#mixamorig_Spine-Matrix-animation-output-transform-array" count="56" stride="16"><param type="float4x4"/></accessor></technique_common></source><source id="mixamorig_Spine-Interpolations"><Name_array id="mixamorig_Spine-Interpolations-array" count="56">
 LINEAR LINEAR LINEAR LINEAR LINEAR LINEAR LINEAR LINEAR LINEAR LINEAR LINEAR
LINEAR LINEAR LINEAR LINEAR LINEAR LINEAR LINEAR LINEAR LINEAR LINEAR LINEAR LINEAR
LINEAR LINEAR LINEAR LINEAR LINEAR LINEAR LINEAR LINEAR LINEAR LINEAR LINEAR LINEAR
LINEAR LINEAR LINEAR LINEAR LINEAR LINEAR LINEAR LINEAR LINEAR LINEAR LINEAR LINEAR
LINEAR LINEAR LINEAR LINEAR LINEAR LINEAR LINEAR LINEAR LINEAR</Name_array><technique_common><accessor source="#mixamorig_Spine-Interpolations-array" count="56"><param type="name"/></accessor></technique_common></source><sampler id="mixamorig_Spine-Matrix-animation-transform"><input semantic="INPUT" source="#mixamorig_Spine-Matrix-animation-input"/><input semantic="OUTPUT" source="#mixamorig_Spine-Matrix-animation-output-transform"/><input semantic="INTERPOLATION" source="#mixamorig_Spine-Interpolations"/></sampler><channel source="#mixamorig_Spine-Matrix-animation-transform" target="mixamorig_Spine/matrix"/></animation>
    <animation id="mixamorig_Spine1-anim" name="mixamorig_Spine1"><source id="mixamorig_Spine1-Matrix-animation-input"><float_array id="mixamorig_Spine1-Matrix-animation-input-array" count="56">

0.000000 0.033333 0.066667 0.100000 0.133333 0.166667 0.200000 0.233333 0.266667 0.300000 0.333333 0.366667 0.400000 0.433333 0.466667 0.500000
0.533333 0.566667 0.600000 0.633333 0.666667 0.700000 0.733333 0.766667 0.800000 0.833333 0.866667 0.900000 0.933333 0.966667 1.000000 1.033333
1.066667 1.100000 1.133333 1.166667 1.200000 1.233333 1.266667 1.300000 1.333333 1.366667 1.400000 1.433333 1.466667 1.500000 1.533333 1.566667
1.600000 1.633333 1.666667 1.700000 1.733333 1.766667 1.800000 1.833333</float_array><technique_common><accessor source="#mixamorig_Spine1-Matrix-animation-input-array" count="56"><param name="TIME" type="float"/></accessor></technique_common></source><source id="mixamorig_Spine1-Matrix-animation-output-transform"><float_array id="mixamorig_Spine1-Matrix-animation-output-transform-array" count="896">

0.998788 0.049017 0.004533 0.305500 -0.048306 0.993675 -0.101377 19.736099 -0.009474 0.101035 0.994838 -0.783400 0.000000 0.000000 0.000000 1.000000
0.999716 0.010460 0.021418 0.305500 -0.008931 0.997489 -0.070258 19.736099 -0.022099 0.070047 0.997299 -0.783400 0.000000 0.000000 0.000000 1.000000
0.998425 -0.034261 0.044429 0.305500 0.035900 0.998683 -0.036651 19.736099 -0.043115 0.038189 0.998340 -0.783400 0.000000 0.000000 0.000000 1.000000
0.994970 -0.073642 0.067912 0.305500 0.074017 0.997252 -0.003020 19.736099 -0.067503 0.008032 0.997687 -0.783400 0.000000 0.000000 0.000000 1.000000
0.991651 -0.096518 0.085518 0.305500 0.094583 0.995167 0.026414 19.736099 -0.087655 -0.018105 0.995986 -0.783400 0.000000 0.000000 0.000000 1.000000
0.992159 -0.087077 0.089651 0.305500 0.083174 0.995454 0.046396 19.736099 -0.093284 -0.038575 0.994892 -0.783400 0.000000 0.000000 0.000000 1.000000
0.996677 -0.036761 0.072683 0.305500 0.032864 0.997994 0.054105 19.736099 -0.074526 -0.051536 0.995886 -0.783400 0.000000 0.000000 0.000000 1.000000
0.999232 -0.013147 0.036923 0.305500 0.011327 0.998730 0.049085 19.736099 -0.037521 -0.048629 0.998112 -0.783400 0.000000 0.000000 0.000000 1.000000
0.999836 -0.016934 -0.006393 0.305500 0.017183 0.999000 0.041272 19.736099 0.005688 -0.041375 0.999127 -0.783400 0.000000 0.000000 0.000000 1.000000
0.998561 -0.012881 -0.052053 0.305500 0.015494 0.998623 0.050126 19.736099 0.051335 -0.050860 0.997386 -0.783400 0.000000 0.000000 0.000000 1.000000
0.995339 0.010062 -0.095907 0.305500 -0.002540 0.996932 0.078238 19.736099 0.096400 -0.077629 0.992311 -0.783400 0.000000 0.000000 0.000000 1.000000
0.992677 0.007466 -0.120567 0.305500 0.001205 0.997426 0.071690 19.736099 0.120792 -0.071310 0.990113 -0.783400 0.000000 0.000000 0.000000 1.000000
0.990206 -0.003832 -0.139562 0.305500 0.010373 0.998880 0.046172 19.736099 0.139229 -0.047168 0.989136 -0.783400 0.000000 0.000000 0.000000 1.000000
0.990870 -0.021419 -0.133105 0.305500 0.027012 0.998820 0.040354 19.736099 0.132084 -0.043581 0.990280 -0.783400 0.000000 0.000000 0.000000 1.000000
0.993346 -0.040499 -0.107814 0.305500 0.046747 0.997332 0.056069 19.736099 0.105255 -0.060736 0.992589 -0.783400 0.000000 0.000000 0.000000 1.000000
0.995462 -0.057127 -0.076109 0.305500 0.063050 0.994970 0.077844 19.736099 0.071279 -0.082289 0.994056 -0.783400 0.000000 0.000000 0.000000 1.000000
0.997409 -0.063431 -0.033931 0.305500 0.066611 0.992482 0.102672 19.736099 0.027164 -0.104666 0.994136 -0.783400 0.000000 0.000000 0.000000 1.000000
0.998369 -0.053503 0.019904 0.305500 0.050594 0.990793 0.125576 19.736099 -0.026440 -0.124364 0.991884 -0.783400 0.000000 0.000000 0.000000 1.000000
0.996496 -0.034263 0.076303 0.305500 0.023418 0.990052 0.138743 19.736099 -0.080298 -0.136470 0.987385 -0.783400 0.000000 0.000000 0.000000 1.000000
0.992529 0.014761 0.121109 0.305500 -0.026994 0.994621 0.100000 19.736099 -0.118982 -0.102523 0.987589 -0.783400 0.000000 0.000000 0.000000 1.000000
0.989642 0.043415 0.136838 0.305500 -0.044777 0.998973 0.006895 19.736099 -0.136398 -0.012950 0.990570 -0.783400 0.000000 0.000000 0.000000 1.000000
0.989393 0.046532 0.137611 0.305500 -0.036850 0.996717 -0.072089 19.736099 -0.140514 0.066253 0.987860 -0.783400 0.000000 0.000000 0.000000 1.000000
0.990065 0.057476 0.128330 0.305500 -0.040991 0.990979 -0.127592 19.736099 -0.134506 0.121064 0.983490 -0.783400 0.000000 0.000000 0.000000 1.000000
0.991088 0.064946 0.116307 0.305500 -0.047632 0.988153 -0.145897 19.736099 -0.124404 0.139056 0.982439 -0.783400 0.000000 0.000000 0.000000 1.000000
0.992090 0.070997 0.103519 0.305500 -0.054793 0.986901 -0.151736 19.736099 -0.112936 0.144864 0.982985 -0.783400 0.000000 0.000000 0.000000 1.000000
0.992130 0.083050 0.093711 0.305500 -0.067513 0.985088 -0.158250 19.736099 -0.105456 0.150678 0.982942 -0.783400 0.000000 0.000000 0.000000 1.000000
0.991672 0.094849 0.087127 0.305500 -0.079764 0.983441 -0.162734 19.736099 -0.101119 0.154430 0.982816 -0.783400 0.000000 0.000000 0.000000 1.000000
0.991922 0.097727 0.080873 0.305500 -0.082865 0.981921 -0.170191 19.736099 -0.096044 0.162115 0.982087 -0.783400 0.000000 0.000000 0.000000 1.000000
0.992306 0.097951 0.075728 0.305500 -0.082987 0.980106 -0.180295 19.736099 -0.091882 0.172623 0.980693 -0.783400 0.000000 0.000000 0.000000 1.000000
0.992936 0.095409 0.070540 0.305500 -0.080463 0.978354 -0.190653 19.736099 -0.087203 0.183631 0.979120 -0.783400 0.000000 0.000000 0.000000 1.000000
0.993874 0.089987 0.064155 0.305500 -0.075629 0.977098 -0.198897 19.736099 -0.080584 0.192826 0.977918 -0.783400 0.000000 0.000000 0.000000 1.000000
0.995126 0.081570 0.055410 0.305500 -0.068784 0.976822 -0.202699 19.736099 -0.070660 0.197900 0.977672 -0.783400 0.000000 0.000000 0.000000 1.000000
0.996611 0.070040 0.043137 0.305500 -0.060084 0.977995 -0.199791 19.736099 -0.056181 0.196523 0.978888 -0.783400 0.000000 0.000000 0.000000 1.000000
0.998553 0.050016 0.019757 0.305500 -0.045779 0.983374 -0.175725 19.736099 -0.028218 0.174567 0.984241 -0.783400 0.000000 0.000000 0.000000 1.000000
0.999115 0.042063 0.000795 0.305500 -0.041551 0.989547 -0.138096 19.736099 -0.006596 0.137941 0.990419 -0.783400 0.000000 0.000000 0.000000 1.000000
0.999105 0.039227 0.015807 0.305500 -0.037427 0.994137 -0.101440 19.736099 -0.019693 0.100758 0.994716 -0.783400 0.000000 0.000000 0.000000 1.000000
0.998630 0.021679 0.047627 0.305500 -0.019072 0.998330 -0.054522 19.736099 -0.048729 0.053539 0.997376 -0.783400 0.000000 0.000000 0.000000 1.000000
0.998512 -0.012690 0.053043 0.305500 0.013229 0.999864 -0.009812 19.736099 -0.052912 0.010499 0.998544 -0.783400 0.000000 0.000000 0.000000 1.000000
0.997514 -0.048511 0.051107 0.305500 0.047118 0.998493 0.028120 19.736099 -0.052395 -0.025642 0.998297 -0.783400 0.000000 0.000000 0.000000 1.000000
0.995788 -0.082890 0.039184 0.305500 0.080739 0.995292 0.053625 19.736099 -0.043444 -0.050235 0.997792 -0.783400 0.000000 0.000000 0.000000 1.000000
0.992940 -0.117035 0.019319 0.305500 0.115428 0.990851 0.069932 19.736099 -0.027327 -0.067208 0.997365 -0.783400 0.000000 0.000000 0.000000 1.000000
0.989058 -0.147449 -0.004757 0.305500 0.147359 0.985897 0.079328 19.736099 -0.007007 -0.079161 0.996837 -0.783400 0.000000 0.000000 0.000000 1.000000
0.985161 -0.168487 -0.032716 0.305500 0.170635 0.982002 0.080971 19.736099 0.018485 -0.085352 0.996179 -0.783400 0.000000 0.000000 0.000000 1.000000
0.983794 -0.165238 -0.069608 0.305500 0.169807 0.983279 0.065793 19.736099 0.057572 -0.076547 0.995402 -0.783400 0.000000 0.000000 0.000000 1.000000
0.981556 -0.163645 -0.098837 0.305500 0.171984 0.981622 0.082699 19.736099 0.083488 -0.098172 0.991661 -0.783400 0.000000 0.000000 0.000000 1.000000
0.981836 -0.152056 -0.113478 0.305500 0.163999 0.980900 0.104588 19.736099 0.095407 -0.121299 0.988020 -0.783400 0.000000 0.000000 0.000000 1.000000
0.984991 -0.123898 -0.120178 0.305500 0.137734 0.983815 0.114617 19.736099 0.104032 -0.129450 0.986114 -0.783400 0.000000 0.000000 0.000000 1.000000
0.988012 -0.101567 -0.116257 0.305500 0.114119 0.987693 0.106953 19.736099 0.103964 -0.118938 0.987444 -0.783400 0.000000 0.000000 0.000000 1.000000
0.990684 -0.093633 -0.098881 0.305500 0.101276 0.992003 0.075322 19.736099 0.091038 -0.084634 0.992245 -0.783400 0.000000 0.000000 0.000000 1.000000
0.992529 -0.098133 -0.072504 0.305500 0.101382 0.993936 0.042573 19.736099 0.067886 -0.049605 0.996459 -0.783400 0.000000 0.000000 0.000000 1.000000
0.994109 -0.101931 -0.036849 0.305500 0.102717 0.994507 0.020108 19.736099 0.034597 -0.023774 0.999119 -0.783400 0.000000 0.000000 0.000000 1.000000
0.995575 -0.093429 -0.010072 0.305500 0.093408 0.995625 -0.002484 19.736099 0.010260 0.001533 0.999946 -0.783400 0.000000 0.000000 0.000000 1.000000
0.997701 -0.067757 0.001557 0.305500 0.067772 0.997201 -0.031574 19.736099 0.000586 0.031606 0.999500 -0.783400 0.000000 0.000000 0.000000 1.000000
0.999542 -0.030079 0.003354 0.305500 0.030224 0.997798 -0.059039 19.736099 -0.001570 0.059114 0.998250 -0.783400 0.000000 0.000000 0.000000 1.000000
0.999933 0.011392 0.002250 0.305500 -0.011166 0.996502 -0.082819 19.736099 -0.003186 0.082788 0.996562 -0.783400 0.000000 0.000000 0.000000 1.000000
0.998788 0.049017 0.004533 0.305500 -0.048306 0.993675 -0.101377 19.736099 -0.009473 0.101035 0.994838 -0.783400 0.000000 0.000000 0.000000 1.000000</float_array><technique_common><accessor source="#mixamorig_Spine1-Matrix-animation-output-transform-array" count="56" stride="16"><param type="float4x4"/></accessor></technique_common></source><source id="mixamorig_Spine1-Interpolations"><Name_array id="mixamorig_Spine1-Interpolations-array" count="56">
 LINEAR LINEAR LINEAR LINEAR LINEAR LINEAR LINEAR LINEAR LINEAR LINEAR LINEAR
LINEAR LINEAR LINEAR LINEAR LINEAR LINEAR LINEAR LINEAR LINEAR LINEAR LINEAR LINEAR
LINEAR LINEAR LINEAR LINEAR LINEAR LINEAR LINEAR LINEAR LINEAR LINEAR LINEAR LINEAR
LINEAR LINEAR LINEAR LINEAR LINEAR LINEAR LINEAR LINEAR LINEAR LINEAR LINEAR LINEAR
LINEAR LINEAR LINEAR LINEAR LINEAR LINEAR LINEAR LINEAR LINEAR</Name_array><technique_common><accessor source="#mixamorig_Spine1-Interpolations-array" count="56"><param type="name"/></accessor></technique_common></source><sampler id="mixamorig_Spine1-Matrix-animation-transform"><input semantic="INPUT" source="#mixamorig_Spine1-Matrix-animation-input"/><input semantic="OUTPUT" source="#mixamorig_Spine1-Matrix-animation-output-transform"/><input semantic="INTERPOLATION" source="#mixamorig_Spine1-Interpolations"/></sampler><channel source="#mixamorig_Spine1-Matrix-animation-transform" target="mixamorig_Spine1/matrix"/></animation>
    <animation id="mixamorig_Spine2-anim" name="mixamorig_Spine2"><source id="mixamorig_Spine2-Matrix-animation-input"><float_array id="mixamorig_Spine2-Matrix-animation-input-array" count="56">

0.000000 0.033333 0.066667 0.100000 0.133333 0.166667 0.200000 0.233333 0.266667 0.300000 0.333333 0.366667 0.400000 0.433333 0.466667 0.500000
0.533333 0.566667 0.600000 0.633333 0.666667 0.700000 0.733333 0.766667 0.800000 0.833333 0.866667 0.900000 0.933333 0.966667 1.000000 1.033333
1.066667 1.100000 1.133333 1.166667 1.200000 1.233333 1.266667 1.300000 1.333333 1.366667 1.400000 1.433333 1.466667 1.500000 1.533333 1.566667
1.600000 1.633333 1.666667 1.700000 1.733333 1.766667 1.800000 1.833333</float_array><technique_common><accessor source="#mixamorig_Spine2-Matrix-animation-input-array" count="56"><param name="TIME" type="float"/></accessor></technique_common></source><source id="mixamorig_Spine2-Matrix-animation-output-transform"><float_array id="mixamorig_Spine2-Matrix-animation-output-transform-array" count="896">

0.998349 -0.055752 0.013849 0.152700 0.052123 0.980473 0.189622 25.612801 -0.024150 -0.188587 0.981760 -0.124700 0.000000 0.000000 0.000000 1.000000
0.997568 -0.068414 0.013300 0.152700 0.064951 0.981788 0.178534 25.612801 -0.025272 -0.177236 0.983844 -0.124700 0.000000 0.000000 0.000000 1.000000
0.996275 -0.084631 0.016535 0.152700 0.080861 0.983502 0.161819 25.612801 -0.029957 -0.159880 0.986682 -0.124700 0.000000 0.000000 0.000000 1.000000
0.995187 -0.095693 0.021119 0.152700 0.091774 0.985667 0.141557 25.612801 -0.034362 -0.138937 0.989705 -0.124700 0.000000 0.000000 0.000000 1.000000
0.995365 -0.093596 0.022103 0.152700 0.090318 0.988720 0.119477 25.612801 -0.033037 -0.116927 0.992591 -0.124700 0.000000 0.000000 0.000000 1.000000
0.997729 -0.066286 0.011980 0.152700 0.064819 0.993173 0.096988 25.612801 -0.018327 -0.095991 0.995213 -0.124700 0.000000 0.000000 0.000000 1.000000
0.999830 -0.008991 -0.016085 0.152700 0.010229 0.996851 0.078641 25.612801 0.015328 -0.078792 0.996773 -0.124700 0.000000 0.000000 0.000000 1.000000
0.998566 0.009789 -0.052628 0.152700 -0.006181 0.997647 0.068288 25.612801 0.053173 -0.067864 0.996277 -0.124700 0.000000 0.000000 0.000000 1.000000
0.995714 -0.002815 -0.092443 0.152700 0.008143 0.998323 0.057312 25.612801 0.092127 -0.057820 0.994067 -0.124700 0.000000 0.000000 0.000000 1.000000
0.990951 -0.008043 -0.133985 0.152700 0.016611 0.997879 0.062947 25.612801 0.133195 -0.064603 0.988982 -0.124700 0.000000 0.000000 0.000000 1.000000
0.984189 0.003814 -0.177080 0.152700 0.012755 0.995646 0.092336 25.612801 0.176662 -0.093135 0.979855 -0.124700 0.000000 0.000000 0.000000 1.000000
0.979043 0.000059 -0.203655 0.152700 0.018183 0.995981 0.087701 25.612801 0.202841 -0.089567 0.975107 -0.124700 0.000000 0.000000 0.000000 1.000000
0.974199 -0.008108 -0.225545 0.152700 0.023269 0.997637 0.064644 25.612801 0.224488 -0.068224 0.972086 -0.124700 0.000000 0.000000 0.000000 1.000000
0.975015 -0.021259 -0.221121 0.152700 0.035217 0.997614 0.059372 25.612801 0.219332 -0.065676 0.973437 -0.124700 0.000000 0.000000 0.000000 1.000000
0.979781 -0.036169 -0.196774 0.152700 0.051577 0.995942 0.073748 25.612801 0.193309 -0.082405 0.977671 -0.124700 0.000000 0.000000 0.000000 1.000000
0.984956 -0.049008 -0.165712 0.152700 0.065135 0.993502 0.093331 25.612801 0.160061 -0.102720 0.981748 -0.124700 0.000000 0.000000 0.000000 1.000000
0.990839 -0.053677 -0.123920 0.152700 0.067889 0.991219 0.113474 25.612801 0.116741 -0.120847 0.985783 -0.124700 0.000000 0.000000 0.000000 1.000000
0.996332 -0.043216 -0.073851 0.152700 0.052457 0.990366 0.128157 25.612801 0.067601 -0.131561 0.989000 -0.124700 0.000000 0.000000 0.000000 1.000000
0.999385 -0.023202 -0.026301 0.152700 0.026456 0.991023 0.131044 25.612801 0.023024 -0.131660 0.991028 -0.124700 0.000000 0.000000 0.000000 1.000000
0.999785 0.020616 0.002098 0.152700 -0.020718 0.996378 0.082474 25.612801 -0.000390 -0.082500 0.996591 -0.124700 0.000000 0.000000 0.000000 1.000000
0.999361 0.029776 0.019770 0.152700 -0.029315 0.999301 -0.023215 25.612801 -0.020447 0.022621 0.999535 -0.124700 0.000000 0.000000 0.000000 1.000000
0.999327 0.010757 0.035074 0.152700 -0.006563 0.993042 -0.117579 25.612801 -0.036095 0.117269 0.992444 -0.124700 0.000000 0.000000 0.000000 1.000000
0.999406 0.002175 0.034384 0.152700 0.004421 0.981659 -0.190596 25.612801 -0.034168 0.190635 0.981066 -0.124700 0.000000 0.000000 0.000000 1.000000
0.999696 -0.005053 0.024133 0.152700 0.010387 0.973996 -0.226329 25.612801 -0.022362 0.226511 0.973752 -0.124700 0.000000 0.000000 0.000000 1.000000
0.999811 -0.013906 0.013591 0.152700 0.016852 0.968385 -0.248892 25.612801 -0.009701 0.249074 0.968436 -0.124700 0.000000 0.000000 0.000000 1.000000
0.999849 -0.016597 0.005243 0.152700 0.017396 0.962667 -0.270128 25.612801 -0.000564 0.270179 0.962810 -0.124700 0.000000 0.000000 0.000000 1.000000
0.999878 -0.015619 0.000125 0.152700 0.015010 0.958562 -0.284487 25.612801 0.004323 0.284454 0.958680 -0.124700 0.000000 0.000000 0.000000 1.000000
0.999874 -0.015499 -0.003405 0.152700 0.013816 0.955813 -0.293650 25.612801 0.007806 0.293566 0.955907 -0.124700 0.000000 0.000000 0.000000 1.000000
0.999877 -0.014772 -0.005250 0.152700 0.012495 0.953162 -0.302201 25.612801 0.009469 0.302098 0.953230 -0.124700 0.000000 0.000000 0.000000 1.000000
0.999873 -0.014373 -0.006816 0.152700 0.011571 0.951183 -0.308409 25.612801 0.010916 0.308291 0.951229 -0.124700 0.000000 0.000000 0.000000 1.000000
0.999839 -0.015235 -0.009510 0.152700 0.011529 0.950486 -0.310554 25.612801 0.013770 0.310395 0.950508 -0.124700 0.000000 0.000000 0.000000 1.000000
0.999724 -0.018291 -0.014736 0.152700 0.012887 0.951648 -0.306922 25.612801 0.019637 0.306647 0.951621 -0.124700 0.000000 0.000000 0.000000 1.000000
0.999415 -0.024474 -0.023899 0.152700 0.016315 0.955109 -0.295803 25.612801 0.030066 0.295240 0.954950 -0.124700 0.000000 0.000000 0.000000 1.000000
0.998245 -0.037286 -0.045999 0.152700 0.024128 0.965558 -0.259068 25.612801 0.054075 0.257503 0.964763 -0.124700 0.000000 0.000000 0.000000 1.000000
0.996902 -0.035934 -0.069961 0.152700 0.020659 0.977928 -0.207917 25.612801 0.075889 0.205828 0.975641 -0.124700 0.000000 0.000000 0.000000 1.000000
0.997728 -0.019265 -0.064550 0.152700 0.008965 0.987682 -0.156218 25.612801 0.066764 0.155285 0.985611 -0.124700 0.000000 0.000000 0.000000 1.000000
0.999243 -0.010327 -0.037494 0.152700 0.006751 0.995521 -0.094297 25.612801 0.038300 0.093972 0.994838 -0.124700 0.000000 0.000000 0.000000 1.000000
0.999132 -0.028343 -0.030543 0.152700 0.027293 0.999040 -0.034256 25.612801 0.031484 0.033392 0.998946 -0.124700 0.000000 0.000000 0.000000 1.000000
0.998179 -0.051979 -0.030620 0.152700 0.052552 0.998452 0.018234 25.612801 0.029625 -0.019810 0.999365 -0.124700 0.000000 0.000000 0.000000 1.000000
0.996071 -0.079451 -0.039122 0.152700 0.081450 0.995295 0.052485 25.612801 0.034768 -0.055465 0.997855 -0.124700 0.000000 0.000000 0.000000 1.000000
0.992375 -0.110847 -0.053898 0.152700 0.114634 0.990711 0.073151 25.612801 0.045289 -0.078772 0.995863 -0.124700 0.000000 0.000000 0.000000 1.000000
0.987411 -0.140320 -0.073004 0.152700 0.146355 0.985556 0.085200 25.612801 0.059994 -0.094812 0.993686 -0.124700 0.000000 0.000000 0.000000 1.000000
