<?xml version="1.0" encoding="utf-8"?>
<COLLADA xmlns="http://www.collada.org/2005/11/COLLADASchema" version="1.4.1">
  <asset><contributor><author>Mixamo</author><authoring_tool>COLLADA Mixamo exporter</authoring_tool><comments></comments></contributor><created>2018-02-10T11:49:05Z</created><modified>2018-02-10T11:49:05Z</modified><revision></revision><title></title><unit meter="0.010000"/><up_axis>Y_UP</up_axis></asset>
  <library_animations>
    <animation id="mixamorig_Hips-anim" name="mixamorig_Hips"><source id="mixamorig_Hips-Matrix-animation-input"><float_array id="mixamorig_Hips-Matrix-animation-input-array" count="53">

0.000000 0.033333 0.066667 0.100000 0.133333 0.166667 0.200000 0.233333 0.266667 0.300000 0.333333 0.366667 0.400000 0.433333 0.466667 0.500000
0.533333 0.566667 0.600000 0.633333 0.666667 0.700000 0.733333 0.766667 0.800000 0.833333 0.866667 0.900000 0.933333 0.966667 1.000000 1.033333
1.066667 1.100000 1.133333 1.166667 1.200000 1.233333 1.266667 1.300000 1.333333 1.366667 1.400000 1.433333 1.466667 1.500000 1.533333 1.566667
1.600000 1.633333 1.666667 1.700000 1.733333</float_array><technique_common><accessor source="#mixamorig_Hips-Matrix-animation-input-array" count="53"><param name="TIME" type="float"/></accessor></technique_common></source><source id="mixamorig_Hips-Matrix-animation-output-transform"><float_array id="mixamorig_Hips-Matrix-animation-output-transform-array" count="848">

0.910969 -0.123830 -0.393449 0.845983 -0.105767 0.851854 -0.512990 197.360977 0.398685 0.508932 0.762915 -2.069121 0.000000 0.000000 0.000000 1.000000
0.939239 -0.105153 -0.326760 0.798288 -0.060315 0.886558 -0.458669 199.084763 0.337922 0.450508 0.826348 27.318867 0.000000 0.000000 0.000000 1.000000
0.958074 -0.077193 -0.275926 -0.138808 -0.029985 0.930724 -0.364491 200.777115 0.284947 0.357483 0.889388 59.056206 0.000000 0.000000 0.000000 1.000000
0.968436 -0.036685 -0.246550 -1.702573 -0.025249 0.969586 -0.243444 201.270447 0.247982 0.241985 0.938056 91.755081 0.000000 0.000000 0.000000 1.000000
0.974143 0.007639 -0.225802 -3.499305 -0.037738 0.990889 -0.129286 197.073975 0.222757 0.134464 0.965556 122.182060 0.000000 0.000000 0.000000 1.000000
0.976799 0.030703 -0.211946 -4.196653 -0.038885 0.998646 -0.034543 190.787369 0.210599 0.041983 0.976671 151.080475 0.000000 0.000000 0.000000 1.000000
0.978968 0.016562 -0.203340 -4.204141 -0.013316 0.999761 0.017320 184.818863 0.203578 -0.014248 0.978955 177.770172 0.000000 0.000000 0.000000 1.000000
0.981604 -0.033558 -0.187955 -4.113197 0.035785 0.999324 0.008467 182.173767 0.187544 -0.015037 0.982141 200.727158 0.000000 0.000000 0.000000 1.000000
0.974005 -0.035044 -0.223799 -3.876737 0.044324 0.998347 0.036576 183.486832 0.222147 -0.045545 0.973949 224.908478 0.000000 0.000000 0.000000 1.000000
0.952812 -0.023824 -0.302623 -3.687871 0.043850 0.997261 0.059555 186.542099 0.300376 -0.070015 0.951248 249.134918 0.000000 0.000000 0.000000 1.000000
0.926195 -0.021617 -0.376426 -4.225791 0.049062 0.996777 0.063475 190.152313 0.373840 -0.077258 0.924270 272.743225 0.000000 0.000000 0.000000 1.000000
0.913243 -0.023127 -0.406758 -5.331716 0.061151 0.994858 0.080731 193.128403 0.402800 -0.098601 0.909962 296.551849 0.000000 0.000000 0.000000 1.000000
0.913265 -0.030154 -0.406249 -6.424195 0.078104 0.991717 0.101970 194.563324 0.399809 -0.124855 0.908055 320.261078 0.000000 0.000000 0.000000 1.000000
0.921852 -0.042042 -0.385255 -7.674222 0.094066 0.988644 0.117195 193.645279 0.375953 -0.144276 0.915338 343.901276 0.000000 0.000000 0.000000 1.000000
0.930956 -0.060580 -0.360071 -8.960562 0.110901 0.986467 0.120765 190.716537 0.347882 -0.152360 0.925076 367.228821 0.000000 0.000000 0.000000 1.000000
0.939294 -0.076311 -0.334519 -9.468778 0.125042 0.984038 0.126627 186.154877 0.319516 -0.160769 0.933843 389.489288 0.000000 0.000000 0.000000 1.000000
0.942161 -0.075471 -0.326554 -8.981642 0.116676 0.987229 0.108468 180.553833 0.314197 -0.140295 0.938934 409.062378 0.000000 0.000000 0.000000 1.000000
0.920115 -0.064255 -0.386341 -7.663167 0.102944 0.991442 0.080279 174.679611 0.377877 -0.113637 0.918856 428.080536 0.000000 0.000000 0.000000 1.000000
0.903844 -0.073124 -0.421567 -6.122738 0.118201 0.989617 0.081768 168.698273 0.411211 -0.123735 0.903103 445.274475 0.000000 0.000000 0.000000 1.000000
0.912612 -0.082737 -0.400368 -4.224648 0.127406 0.988096 0.086220 163.282700 0.388469 -0.129695 0.912289 462.104706 0.000000 0.000000 0.000000 1.000000
0.914256 -0.081643 -0.396825 -1.870274 0.124875 0.988584 0.084311 158.905624 0.385412 -0.126635 0.914014 479.152374 0.000000 0.000000 0.000000 1.000000
0.899013 -0.077891 -0.430938 0.677525 0.123237 0.989285 0.078283 156.320267 0.420223 -0.123485 0.898979 495.166077 0.000000 0.000000 0.000000 1.000000
0.878727 -0.084028 -0.469871 3.100754 0.124185 0.990730 0.055071 156.168945 0.460887 -0.106743 0.881016 508.122742 0.000000 0.000000 0.000000 1.000000
0.872251 -0.091769 -0.480371 5.413507 0.129896 0.990429 0.046655 157.936722 0.471492 -0.103093 0.875824 520.943665 0.000000 0.000000 0.000000 1.000000
0.874294 -0.090709 -0.476846 7.637811 0.118505 0.992545 0.028471 160.584534 0.470708 -0.081401 0.878526 531.570374 0.000000 0.000000 0.000000 1.000000
0.871167 -0.099355 -0.480828 9.653407 0.106639 0.994223 -0.012230 164.606110 0.479265 -0.040621 0.876729 539.485718 0.000000 0.000000 0.000000 1.000000
0.855737 -0.111568 -0.505240 11.504817 0.100527 0.993719 -0.049171 169.720215 0.507552 -0.008713 0.861577 546.234863 0.000000 0.000000 0.000000 1.000000
0.835531 -0.119173 -0.536363 13.114753 0.089054 0.992660 -0.081831 175.135605 0.542178 0.020607 0.840011 552.057556 0.000000 0.000000 0.000000 1.000000
0.816921 -0.130771 -0.561729 14.736967 0.078690 0.990120 -0.116063 180.336884 0.571356 0.050611 0.819140 557.106262 0.000000 0.000000 0.000000 1.000000
0.798509 -0.142812 -0.584798 16.116674 0.070678 0.986974 -0.144520 185.289459 0.597820 0.074068 0.798201 561.453003 0.000000 0.000000 0.000000 1.000000
0.781870 -0.152924 -0.604395 17.175707 0.063807 0.983987 -0.166425 189.885895 0.620168 0.091558 0.779108 565.123779 0.000000 0.000000 0.000000 1.000000
0.766354 -0.159787 -0.622229 17.985559 0.057852 0.981803 -0.180873 193.994629 0.639808 0.102616 0.761653 568.560974 0.000000 0.000000 0.000000 1.000000
0.754513 -0.163906 -0.635488 18.565735 0.053497 0.980449 -0.189363 197.450882 0.654101 0.108880 0.748530 571.750244 0.000000 0.000000 0.000000 1.000000
0.747264 -0.163950 -0.643985 18.792763 0.048112 0.979892 -0.193640 200.260941 0.662783 0.113717 0.740126 574.322327 0.000000 0.000000 0.000000 1.000000
0.746169 -0.159960 -0.646255 18.633591 0.043054 0.980269 -0.192924 202.519928 0.664363 0.116130 0.738333 576.467163 0.000000 0.000000 0.000000 1.000000
0.753302 -0.153288 -0.639562 18.118773 0.039594 0.981265 -0.188552 204.327896 0.656482 0.116714 0.745258 578.395508 0.000000 0.000000 0.000000 1.000000
0.766336 -0.145174 -0.625823 17.286497 0.037109 0.982510 -0.182475 205.543472 0.641368 0.116614 0.758320 579.836914 0.000000 0.000000 0.000000 1.000000
0.782392 -0.135765 -0.607808 16.222885 0.033434 0.983699 -0.176689 206.546616 0.621888 0.117919 0.774177 580.661682 0.000000 0.000000 0.000000 1.000000
0.797481 -0.125169 -0.590218 15.053940 0.027658 0.984800 -0.171477 207.464783 0.602710 0.120425 0.788821 581.192566 0.000000 0.000000 0.000000 1.000000
0.808441 -0.113447 -0.577541 13.716415 0.019497 0.985872 -0.166364 207.944061 0.588255 0.123235 0.799231 581.234497 0.000000 0.000000 0.000000 1.000000
0.817853 -0.103117 -0.566113 12.410520 0.012143 0.986686 -0.162181 208.292603 0.575299 0.125766 0.808216 581.154968 0.000000 0.000000 0.000000 1.000000
0.827241 -0.092613 -0.554162 11.135872 0.005374 0.987580 -0.157024 208.560898 0.561822 0.126919 0.817464 580.974976 0.000000 0.000000 0.000000 1.000000
0.834864 -0.081218 -0.544432 9.936322 -0.001246 0.988774 -0.149416 208.774765 0.550455 0.125421 0.825390 580.695801 0.000000 0.000000 0.000000 1.000000
0.841160 -0.070025 -0.536234 8.755327 -0.007521 0.989971 -0.141074 208.952591 0.540735 0.122698 0.832197 580.361572 0.000000 0.000000 0.000000 1.000000
0.847565 -0.059724 -0.527319 7.551634 -0.011764 0.991289 -0.131180 209.115967 0.530560 0.117387 0.839480 579.972168 0.000000 0.000000 0.000000 1.000000
0.853112 -0.051690 -0.519162 6.510763 -0.013380 0.992585 -0.120812 209.292603 0.521557 0.110013 0.846094 579.558228 0.000000 0.000000 0.000000 1.000000
0.857603 -0.044086 -0.512419 5.501425 -0.013825 0.993983 -0.108655 209.482651 0.514126 0.100267 0.851834 579.139526 0.000000 0.000000 0.000000 1.000000
0.861142 -0.038114 -0.506933 4.591712 -0.012870 0.995231 -0.096690 209.653564 0.508201 0.089788 0.856545 578.760315 0.000000 0.000000 0.000000 1.000000
0.863458 -0.033049 -0.503337 3.826062 -0.011133 0.996360 -0.084521 209.798874 0.504298 0.078584 0.859946 578.403992 0.000000 0.000000 0.000000 1.000000
0.866028 -0.028199 -0.499199 3.124871 -0.009474 0.997304 -0.072773 209.922363 0.499906 0.067753 0.863426 578.070862 0.000000 0.000000 0.000000 1.000000
0.869325 -0.023728 -0.493671 2.440743 -0.008076 0.998032 -0.062191 210.024170 0.494175 0.058051 0.867422 577.786804 0.000000 0.000000 0.000000 1.000000
0.872193 -0.019513 -0.488773 1.833097 -0.007040 0.998600 -0.052429 210.106354 0.489111 0.049169 0.870834 577.560425 0.000000 0.000000 0.000000 1.000000
0.874540 -0.016211 -0.484683 1.335440 -0.006107 0.998994 -0.044433 210.151840 0.484916 0.041819 0.873561 577.416931 0.000000 0.000000 0.000000 1.000000</float_array><technique_common><accessor source="#mixamorig_Hips-Matrix-animation-output-transform-array" count="53" stride="16"><param type="float4x4"/></accessor></technique_common></source><source id="mixamorig_Hips-Interpolations"><Name_array id="mixamorig_Hips-Interpolations-array" count="53">
 LINEAR LINEAR LINEAR LINEAR LINEAR LINEAR LINEAR LINEAR LINEAR LINEAR LINEAR
LINEAR LINEAR LINEAR LINEAR LINEAR LINEAR LINEAR LINEAR LINEAR LINEAR LINEAR LINEAR
LINEAR LINEAR LINEAR LINEAR LINEAR LINEAR LINEAR LINEAR LINEAR LINEAR LINEAR LINEAR
LINEAR LINEAR LINEAR LINEAR LINEAR LINEAR LINEAR LINEAR LINEAR LINEAR LINEAR LINEAR
LINEAR LINEAR LINEAR LINEAR LINEAR LINEAR</Name_array><technique_common><accessor source="#mixamorig_Hips-Interpolations-array" count="53"><param type="name"/></accessor></technique_common></source><sampler id="mixamorig_Hips-Matrix-animation-transform"><input semantic="INPUT" source="#mixamorig_Hips-Matrix-animation-input"/><input semantic="OUTPUT" source="#mixamorig_Hips-Matrix-animation-output-transform"/><input semantic="INTERPOLATION" source="#mixamorig_Hips-Interpolations"/></sampler><channel source="#mixamorig_Hips-Matrix-animation-transform" target="mixamorig_Hips/matrix"/></animation>
    <animation id="mixamorig_Spine-anim" name="mixamorig_Spine"><source id="mixamorig_Spine-Matrix-animation-input"><float_array id="mixamorig_Spine-Matrix-animation-input-array" count="53">

0.000000 0.033333 0.066667 0.100000 0.133333 0.166667 0.200000 0.233333 0.266667 0.300000 0.333333 0.366667 0.400000 0.433333 0.466667 0.500000
0.533333 0.566667 0.600000 0.633333 0.666667 0.700000 0.733333 0.766667 0.800000 0.833333 0.866667 0.900000 0.933333 0.966667 1.000000 1.033333
1.066667 1.100000 1.133333 1.166667 1.200000 1.233333 1.266667 1.300000 1.333333 1.366667 1.400000 1.433333 1.466667 1.500000 1.533333 1.566667
1.600000 1.633333 1.666667 1.700000 1.733333</float_array><technique_common><accessor source="#mixamorig_Spine-Matrix-animation-input-array" count="53"><param name="TIME" type="float"/></accessor></technique_common></source><source id="mixamorig_Spine-Matrix-animation-output-transform"><float_array id="mixamorig_Spine-Matrix-animation-output-transform-array" count="848">

0.996882 0.046626 0.063662 -0.057500 -0.032891 0.978857 -0.201883 18.534300 -0.071729 0.199160 0.977338 -2.042900 0.000000 0.000000 0.000000 1.000000
0.995261 0.055661 0.079732 -0.057500 -0.038297 0.978067 -0.204741 18.534300 -0.089379 0.200718 0.975563 -2.042900 0.000000 0.000000 0.000000 1.000000
0.991947 0.069660 0.105779 -0.057500 -0.044538 0.973676 -0.223544 18.534300 -0.118566 0.217033 0.968937 -2.042900 0.000000 0.000000 0.000000 1.000000
0.986903 0.083826 0.137823 -0.057500 -0.048280 0.968707 -0.243464 18.534300 -0.153919 0.233622 0.960068 -2.042900 0.000000 0.000000 0.000000 1.000000
0.982921 0.094942 0.157648 -0.057500 -0.050547 0.962982 -0.264785 18.534300 -0.176952 0.252294 0.951334 -2.042900 0.000000 0.000000 0.000000 1.000000
0.980513 0.107814 0.164228 -0.057500 -0.057001 0.956124 -0.287363 18.534300 -0.188004 0.272402 0.943637 -2.042900 0.000000 0.000000 0.000000 1.000000
0.980074 0.126951 0.152767 -0.057500 -0.075864 0.950035 -0.302785 18.534300 -0.183573 0.285162 0.940736 -2.042900 0.000000 0.000000 0.000000 1.000000
0.982523 0.148459 0.112284 -0.057500 -0.106288 0.942677 -0.316327 18.534300 -0.152809 0.298865 0.941982 -2.042900 0.000000 0.000000 0.000000 1.000000
0.985130 0.142679 0.095712 -0.057500 -0.103766 0.938110 -0.330426 18.534300 -0.136933 0.315581 0.938966 -2.042900 0.000000 0.000000 0.000000 1.000000
0.987932 0.126968 0.088706 -0.057500 -0.091850 0.941408 -0.324521 18.534300 -0.124712 0.312457 0.941710 -2.042900 0.000000 0.000000 0.000000 1.000000
0.990765 0.111273 0.077479 -0.057500 -0.082216 0.947406 -0.309293 18.534300 -0.107820 0.300066 0.947805 -2.042900 0.000000 0.000000 0.000000 1.000000
0.992611 0.107111 0.057019 -0.057500 -0.084435 0.947178 -0.309393 18.534300 -0.087147 0.302292 0.949223 -2.042900 0.000000 0.000000 0.000000 1.000000
0.993401 0.106813 0.041780 -0.057500 -0.088858 0.947073 -0.308475 18.534300 -0.072518 0.302727 0.950315 -2.042900 0.000000 0.000000 0.000000 1.000000
0.993209 0.110984 0.034908 -0.057500 -0.095099 0.947285 -0.305953 18.534300 -0.067024 0.300555 0.951407 -2.042900 0.000000 0.000000 0.000000 1.000000
0.991959 0.120478 0.038763 -0.057500 -0.103479 0.948411 -0.299681 18.534300 -0.072868 0.293260 0.953252 -2.042900 0.000000 0.000000 0.000000 1.000000
0.991003 0.125661 0.046059 -0.057500 -0.106533 0.948963 -0.296849 18.534300 -0.081011 0.289272 0.953813 -2.042900 0.000000 0.000000 0.000000 1.000000
0.991023 0.119269 0.060406 -0.057500 -0.096686 0.951424 -0.292309 18.534300 -0.092335 0.283845 0.954414 -2.042900 0.000000 0.000000 0.000000 1.000000
0.990559 0.108922 0.083236 -0.057500 -0.079922 0.952181 -0.294896 18.534300 -0.111377 0.285460 0.951897 -2.042900 0.000000 0.000000 0.000000 1.000000
0.989861 0.114292 0.084333 -0.057500 -0.083953 0.949704 -0.301686 18.534300 -0.114572 0.291548 0.949670 -2.042900 0.000000 0.000000 0.000000 1.000000
0.990505 0.111719 0.080123 -0.057500 -0.083052 0.950676 -0.298860 18.534300 -0.109559 0.289368 0.950928 -2.042900 0.000000 0.000000 0.000000 1.000000
0.990710 0.105658 0.085610 -0.057500 -0.076476 0.953446 -0.291706 18.534300 -0.112446 0.282449 0.952669 -2.042900 0.000000 0.000000 0.000000 1.000000
0.990271 0.100812 0.095914 -0.057500 -0.069654 0.955844 -0.285501 18.534300 -0.120461 0.276043 0.953567 -2.042900 0.000000 0.000000 0.000000 1.000000
0.989667 0.099802 0.102946 -0.057500 -0.067901 0.958596 -0.276557 18.534300 -0.126284 0.266709 0.955468 -2.042900 0.000000 0.000000 0.000000 1.000000
0.989900 0.102157 0.098292 -0.057500 -0.071689 0.958881 -0.274606 18.534300 -0.122303 0.264786 0.956520 -2.042900 0.000000 0.000000 0.000000 1.000000
0.991081 0.095426 0.093017 -0.057500 -0.067633 0.961623 -0.265909 18.534300 -0.114822 0.257246 0.959500 -2.042900 0.000000 0.000000 0.000000 1.000000
0.991334 0.091609 0.094154 -0.057500 -0.064697 0.964245 -0.256994 18.534300 -0.114330 0.248675 0.961816 -2.042900 0.000000 0.000000 0.000000 1.000000
0.991061 0.091454 0.097130 -0.057500 -0.064328 0.965421 -0.252636 18.534300 -0.116876 0.244129 0.962674 -2.042900 0.000000 0.000000 0.000000 1.000000
0.991153 0.088833 0.098617 -0.057500 -0.062072 0.966979 -0.247183 18.534300 -0.117319 0.238875 0.963937 -2.042900 0.000000 0.000000 0.000000 1.000000
0.991809 0.085012 0.095329 -0.057500 -0.060174 0.969312 -0.238356 18.534300 -0.112666 0.230667 0.966488 -2.042900 0.000000 0.000000 0.000000 1.000000
0.992587 0.082695 0.089069 -0.057500 -0.060278 0.971308 -0.230060 18.534300 -0.105538 0.222986 0.969092 -2.042900 0.000000 0.000000 0.000000 1.000000
0.993450 0.079914 0.081680 -0.057500 -0.059958 0.973031 -0.222746 18.534300 -0.097278 0.216390 0.971449 -2.042900 0.000000 0.000000 0.000000 1.000000
0.994402 0.077386 0.071946 -0.057500 -0.060154 0.974395 -0.216645 18.534300 -0.086869 0.211105 0.973596 -2.042900 0.000000 0.000000 0.000000 1.000000
0.995228 0.074492 0.063032 -0.057500 -0.059686 0.975722 -0.210724 18.534300 -0.077199 0.205956 0.975511 -2.042900 0.000000 0.000000 0.000000 1.000000
0.995931 0.070889 0.055642 -0.057500 -0.058117 0.977111 -0.204637 18.534300 -0.068875 0.200571 0.977255 -2.042900 0.000000 0.000000 0.000000 1.000000
0.996526 0.067542 0.048730 -0.057500 -0.056584 0.978379 -0.198929 18.534300 -0.061113 0.195480 0.978802 -2.042900 0.000000 0.000000 0.000000 1.000000
0.997047 0.064684 0.041400 -0.057500 -0.055523 0.979565 -0.193313 18.534300 -0.053058 0.190443 0.980263 -2.042900 0.000000 0.000000 0.000000 1.000000
0.997509 0.061815 0.033995 -0.057500 -0.054404 0.980827 -0.187134 18.534300 -0.044911 0.184818 0.981746 -2.042900 0.000000 0.000000 0.000000 1.000000
0.997882 0.058893 0.027624 -0.057500 -0.052926 0.981950 -0.181587 18.534300 -0.037820 0.179740 0.982987 -2.042900 0.000000 0.000000 0.000000 1.000000
0.998200 0.056017 0.021411 -0.057500 -0.051390 0.983041 -0.176039 18.534300 -0.030909 0.174622 0.984150 -2.042900 0.000000 0.000000 0.000000 1.000000
0.998400 0.053890 0.017155 -0.057500 -0.050186 0.984074 -0.170529 18.534300 -0.026072 0.169395 0.985203 -2.042900 0.000000 0.000000 0.000000 1.000000
0.998495 0.052922 0.014402 -0.057500 -0.049824 0.984999 -0.165211 18.534300 -0.022929 0.164244 0.986153 -2.042900 0.000000 0.000000 0.000000 1.000000
0.998608 0.051481 0.011483 -0.057500 -0.048968 0.985752 -0.160919 18.534300 -0.019604 0.160133 0.986901 -2.042900 0.000000 0.000000 0.000000 1.000000
0.998746 0.049371 0.008292 -0.057500 -0.047452 0.986386 -0.157453 18.534300 -0.015953 0.156862 0.987492 -2.042900 0.000000 0.000000 0.000000 1.000000
0.998857 0.047449 0.005714 -0.057500 -0.045999 0.986937 -0.154402 18.534300 -0.012966 0.153963 0.987992 -2.042900 0.000000 0.000000 0.000000 1.000000
0.998890 0.046917 0.004183 -0.057500 -0.045741 0.987364 -0.151725 18.534300 -0.011248 0.151365 0.988414 -2.042900 0.000000 0.000000 0.000000 1.000000
0.998926 0.046286 0.002184 -0.057500 -0.045445 0.987797 -0.148968 18.534300 -0.009052 0.148709 0.988840 -2.042900 0.000000 0.000000 0.000000 1.000000
0.998947 0.045870 0.000300 -0.057500 -0.045333 0.988211 -0.146232 18.534300 -0.007005 0.146065 0.989250 -2.042900 0.000000 0.000000 0.000000 1.000000
0.998943 0.045943 -0.001478 -0.057500 -0.045680 0.988587 -0.143558 18.534300 -0.005134 0.143474 0.989641 -2.042900 0.000000 0.000000 0.000000 1.000000
0.998945 0.045801 -0.003225 -0.057500 -0.045796 0.988873 -0.141540 18.534300 -0.003293 0.141538 0.989927 -2.042900 0.000000 0.000000 0.000000 1.000000
0.998949 0.045613 -0.004580 -0.057500 -0.045805 0.989120 -0.139799 18.534300 -0.001846 0.139862 0.990169 -2.042900 0.000000 0.000000 0.000000 1.000000
0.998963 0.045203 -0.005498 -0.057500 -0.045529 0.989381 -0.138030 18.534300 -0.000799 0.138137 0.990413 -2.042900 0.000000 0.000000 0.000000 1.000000
0.998981 0.044731 -0.005935 -0.057500 -0.045123 0.989567 -0.136825 18.534300 -0.000248 0.136954 0.990577 -2.042900 0.000000 0.000000 0.000000 1.000000
0.998987 0.044588 -0.006005 -0.057500 -0.044991 0.989637 -0.136361 18.534300 -0.000138 0.136493 0.990641 -2.042900 0.000000 0.000000 0.000000 1.000000</float_array><technique_common><accessor source="#mixamorig_Spine-Matrix-animation-output-transform-array" count="53" stride="16"><param type="float4x4"/></accessor></technique_common></source><source id="mixamorig_Spine-Interpolations"><Name_array id="mixamorig_Spine-Interpolations-array" count="53">
 LINEAR LINEAR LINEAR LINEAR LINEAR LINEAR LINEAR LINEAR LINEAR LINEAR LINEAR
LINEAR LINEAR LINEAR LINEAR LINEAR LINEAR LINEAR LINEAR LINEAR LINEAR LINEAR LINEAR
LINEAR LINEAR LINEAR LINEAR LINEAR LINEAR LINEAR LINEAR LINEAR LINEAR LINEAR LINEAR
LINEAR LINEAR LINEAR LINEAR LINEAR LINEAR LINEAR LINEAR LINEAR LINEAR LINEAR LINEAR
LINEAR LINEAR LINEAR LINEAR LINEAR LINEAR</Name_array><technique_common><accessor source="#mixamorig_Spine-Interpolations-array" count="53"><param type="name"/></accessor></technique_common></source><sampler id="mixamorig_Spine-Matrix-animation-transform"><input semantic="INPUT" source="#mixamorig_Spine-Matrix-animation-input"/><input semantic="OUTPUT" source="#mixamorig_Spine-Matrix-animation-output-transform"/><input semantic="INTERPOLATION" source="#mixamorig_Spine-Interpolations"/></sampler><channel source="#mixamorig_Spine-Matrix-animation-transform" target="mixamorig_Spine/matrix"/></animation>
    <animation id="mixamorig_Spine1-anim" name="mixamorig_Spine1"><source id="mixamorig_Spine1-Matrix-animation-input"><float_array id="mixamorig_Spine1-Matrix-animation-input-array" count="53">

0.000000 0.033333 0.066667 0.100000 0.133333 0.166667 0.200000 0.233333 0.266667 0.300000 0.333333 0.366667 0.400000 0.433333 0.466667 0.500000
0.533333 0.566667 0.600000 0.633333 0.666667 0.700000 0.733333 0.766667 0.800000 0.833333 0.866667 0.900000 0.933333 0.966667 1.000000 1.033333
1.066667 1.100000 1.133333 1.166667 1.200000 1.233333 1.266667 1.300000 1.333333 1.366667 1.400000 1.433333 1.466667 1.500000 1.533333 1.566667
1.600000 1.633333 1.666667 1.700000 1.733333</float_array><technique_common><accessor source="#mixamorig_Spine1-Matrix-animation-input-array" count="53"><param name="TIME" type="float"/></accessor></technique_common></source><source id="mixamorig_Spine1-Matrix-animation-output-transform"><float_array id="mixamorig_Spine1-Matrix-animation-output-transform-array" count="848">

0.998788 0.049017 0.004533 0.305500 -0.048306 0.993675 -0.101378 19.736099 -0.009473 0.101036 0.994838 -0.783400 0.000000 0.000000 0.000000 1.000000
0.999165 0.034562 0.021771 0.305500 -0.032406 0.995177 -0.092592 19.736099 -0.024866 0.091809 0.995466 -0.783400 0.000000 0.000000 0.000000 1.000000
0.998797 0.016418 0.046198 0.305500 -0.012705 0.996751 -0.079542 19.736099 -0.047353 0.078860 0.995760 -0.783400 0.000000 0.000000 0.000000 1.000000
0.997037 -0.011011 0.076137 0.305500 0.014976 0.998550 -0.051702 19.736099 -0.075457 0.052689 0.995756 -0.783400 0.000000 0.000000 0.000000 1.000000
0.994113 -0.044431 0.098822 0.305500 0.047563 0.998431 -0.029559 19.736099 -0.097354 0.034085 0.994666 -0.783400 0.000000 0.000000 0.000000 1.000000
0.990420 -0.077575 0.114241 0.305500 0.079462 0.996765 -0.012054 19.736099 -0.112936 0.021016 0.993380 -0.783400 0.000000 0.000000 0.000000 1.000000
0.989107 -0.089973 0.116503 0.305500 0.090846 0.995863 -0.002189 19.736099 -0.115824 0.012749 0.993188 -0.783400 0.000000 0.000000 0.000000 1.000000
0.992848 -0.071509 0.095595 0.305500 0.071558 0.997432 0.002924 19.736099 -0.095558 0.003937 0.995416 -0.783400 0.000000 0.000000 0.000000 1.000000
0.993845 -0.073910 0.082522 0.305500 0.075002 0.997131 -0.010209 19.736099 -0.081531 0.016336 0.996537 -0.783400 0.000000 0.000000 0.000000 1.000000
0.994154 -0.080067 0.072441 0.305500 0.081059 0.996650 -0.010857 19.736099 -0.071329 0.016666 0.997314 -0.783400 0.000000 0.000000 0.000000 1.000000
0.995251 -0.077234 0.059250 0.305500 0.077440 0.996996 -0.001177 19.736099 -0.058981 0.005760 0.998242 -0.783400 0.000000 0.000000 0.000000 1.000000
0.995733 -0.080376 0.045332 0.305500 0.080414 0.996761 0.001000 19.736099 -0.045265 0.002649 0.998971 -0.783400 0.000000 0.000000 0.000000 1.000000
0.995676 -0.085482 0.036370 0.305500 0.085621 0.996325 -0.002290 19.736099 -0.036041 0.005394 0.999336 -0.783400 0.000000 0.000000 0.000000 1.000000
0.995547 -0.088105 0.033508 0.305500 0.088245 0.996095 -0.002719 19.736099 -0.033138 0.005664 0.999435 -0.783400 0.000000 0.000000 0.000000 1.000000
0.995994 -0.081069 0.037725 0.305500 0.081369 0.996663 -0.006490 19.736099 -0.037073 0.009533 0.999267 -0.783400 0.000000 0.000000 0.000000 1.000000
0.996016 -0.077768 0.043633 0.305500 0.078510 0.996792 -0.015561 19.736099 -0.042283 0.018924 0.998926 -0.783400 0.000000 0.000000 0.000000 1.000000
0.994779 -0.087170 0.053064 0.305500 0.088640 0.995724 -0.026012 19.736099 -0.050570 0.030580 0.998252 -0.783400 0.000000 0.000000 0.000000 1.000000
0.993778 -0.089696 0.066024 0.305500 0.091245 0.995611 -0.020823 19.736099 -0.063867 0.026718 0.997601 -0.783400 0.000000 0.000000 0.000000 1.000000
0.994551 -0.080110 0.066713 0.305500 0.081891 0.996342 -0.024403 19.736099 -0.064514 0.029733 0.997474 -0.783400 0.000000 0.000000 0.000000 1.000000
0.994815 -0.079810 0.063035 0.305500 0.081585 0.996325 -0.026101 19.736099 -0.060720 0.031109 0.997670 -0.783400 0.000000 0.000000 0.000000 1.000000
0.993980 -0.087835 0.065495 0.305500 0.089603 0.995674 -0.024570 19.736099 -0.063054 0.030291 0.997550 -0.783400 0.000000 0.000000 0.000000 1.000000
0.993209 -0.091606 0.071717 0.305500 0.093369 0.995397 -0.021628 19.736099 -0.069405 0.028177 0.997191 -0.783400 0.000000 0.000000 0.000000 1.000000
0.993565 -0.083863 0.076128 0.305500 0.085698 0.996096 -0.021164 19.736099 -0.074056 0.027552 0.996873 -0.783400 0.000000 0.000000 0.000000 1.000000
0.994009 -0.080471 0.073968 0.305500 0.082158 0.996418 -0.020042 19.736099 -0.072090 0.025999 0.997059 -0.783400 0.000000 0.000000 0.000000 1.000000
0.993780 -0.086762 0.069812 0.305500 0.088415 0.995863 -0.020950 19.736099 -0.067705 0.026992 0.997340 -0.783400 0.000000 0.000000 0.000000 1.000000
0.993916 -0.085547 0.069367 0.305500 0.087071 0.996016 -0.019246 19.736099 -0.067445 0.025169 0.997406 -0.783400 0.000000 0.000000 0.000000 1.000000
0.994220 -0.080893 0.070591 0.305500 0.082540 0.996372 -0.020735 19.736099 -0.068658 0.026442 0.997290 -0.783400 0.000000 0.000000 0.000000 1.000000
0.994354 -0.079283 0.070532 0.305500 0.080977 0.996484 -0.021480 19.736099 -0.068581 0.027070 0.997278 -0.783400 0.000000 0.000000 0.000000 1.000000
0.994616 -0.078943 0.067133 0.305500 0.080444 0.996559 -0.019962 19.736099 -0.065326 0.025255 0.997544 -0.783400 0.000000 0.000000 0.000000 1.000000
0.995110 -0.076935 0.061938 0.305500 0.078261 0.996747 -0.019272 19.736099 -0.060254 0.024025 0.997894 -0.783400 0.000000 0.000000 0.000000 1.000000
0.995604 -0.075122 0.055940 0.305500 0.076313 0.996894 -0.019471 19.736099 -0.054304 0.023655 0.998244 -0.783400 0.000000 0.000000 0.000000 1.000000
0.996031 -0.074565 0.048600 0.305500 0.075594 0.996944 -0.019686 19.736099 -0.046984 0.023281 0.998624 -0.783400 0.000000 0.000000 0.000000 1.000000
0.996373 -0.074125 0.041784 0.305500 0.074992 0.996992 -0.019579 19.736099 -0.040207 0.022641 0.998935 -0.783400 0.000000 0.000000 0.000000 1.000000
0.996731 -0.072436 0.035773 0.305500 0.073180 0.997119 -0.019939 19.736099 -0.034226 0.022491 0.999161 -0.783400 0.000000 0.000000 0.000000 1.000000
0.997105 -0.069852 0.030051 0.305500 0.070488 0.997299 -0.020663 19.736099 -0.028527 0.022722 0.999335 -0.783400 0.000000 0.000000 0.000000 1.000000
0.997367 -0.068331 0.024283 0.305500 0.068845 0.997406 -0.021007 19.736099 -0.022785 0.022624 0.999484 -0.783400 0.000000 0.000000 0.000000 1.000000
0.997604 -0.066671 0.018474 0.305500 0.067054 0.997530 -0.020924 19.736099 -0.017033 0.022112 0.999610 -0.783400 0.000000 0.000000 0.000000 1.000000
0.997859 -0.064059 0.013175 0.305500 0.064314 0.997731 -0.019913 19.736099 -0.011869 0.020718 0.999715 -0.783400 0.000000 0.000000 0.000000 1.000000
0.998100 -0.061101 0.007944 0.305500 0.061239 0.997952 -0.018480 19.736099 -0.006799 0.018931 0.999798 -0.783400 0.000000 0.000000 0.000000 1.000000
0.998334 -0.057543 0.004132 0.305500 0.057606 0.998189 -0.017327 19.736099 -0.003128 0.017536 0.999841 -0.783400 0.000000 0.000000 0.000000 1.000000
0.998580 -0.053256 0.001476 0.305500 0.053274 0.998439 -0.016783 19.736099 -0.000580 0.016838 0.999858 -0.783400 0.000000 0.000000 0.000000 1.000000
0.998770 -0.049566 -0.001291 0.305500 0.049538 0.998633 -0.016704 19.736099 0.002117 0.016620 0.999860 -0.783400 0.000000 0.000000 0.000000 1.000000
0.998852 -0.047718 -0.004098 0.305500 0.047639 0.998709 -0.017645 19.736099 0.004935 0.017430 0.999836 -0.783400 0.000000 0.000000 0.000000 1.000000
0.998896 -0.046538 -0.006329 0.305500 0.046413 0.998746 -0.018752 19.736099 0.007194 0.018438 0.999804 -0.783400 0.000000 0.000000 0.000000 1.000000
0.998902 -0.046255 -0.007489 0.305500 0.046111 0.998768 -0.018313 19.736099 0.008327 0.017948 0.999804 -0.783400 0.000000 0.000000 0.000000 1.000000
0.998951 -0.044881 -0.009095 0.305500 0.044695 0.998807 -0.019681 19.736099 0.009968 0.019254 0.999765 -0.783400 0.000000 0.000000 0.000000 1.000000
0.998961 -0.044355 -0.010515 0.305500 0.044137 0.998823 -0.020107 19.736099 0.011395 0.019622 0.999743 -0.783400 0.000000 0.000000 0.000000 1.000000
0.998971 -0.043803 -0.011789 0.305500 0.043559 0.998847 -0.020183 19.736099 0.012660 0.019649 0.999727 -0.783400 0.000000 0.000000 0.000000 1.000000
0.998974 -0.043355 -0.013065 0.305500 0.043087 0.998868 -0.020149 19.736099 0.013924 0.019565 0.999712 -0.783400 0.000000 0.000000 0.000000 1.000000
0.998974 -0.043038 -0.014075 0.305500 0.042751 0.998883 -0.020117 19.736099 0.014925 0.019495 0.999699 -0.783400 0.000000 0.000000 0.000000 1.000000
0.998995 -0.042278 -0.014889 0.305500 0.041985 0.998928 -0.019483 19.736099 0.015697 0.018838 0.999699 -0.783400 0.000000 0.000000 0.000000 1.000000
0.999014 -0.041651 -0.015355 0.305500 0.041353 0.998960 -0.019219 19.736099 0.016139 0.018566 0.999697 -0.783400 0.000000 0.000000 0.000000 1.000000
0.999017 -0.041583 -0.015367 0.305500 0.041285 0.998963 -0.019182 19.736099 0.016149 0.018529 0.999698 -0.783400 0.000000 0.000000 0.000000 1.000000</float_array><technique_common><accessor source="#mixamorig_Spine1-Matrix-animation-output-transform-array" count="53" stride="16"><param type="float4x4"/></accessor></technique_common></source><source id="mixamorig_Spine1-Interpolations"><Name_array id="mixamorig_Spine1-Interpolations-array" count="53">
 LINEAR LINEAR LINEAR LINEAR LINEAR LINEAR LINEAR LINEAR LINEAR LINEAR LINEAR
LINEAR LINEAR LINEAR LINEAR LINEAR LINEAR LINEAR LINEAR LINEAR LINEAR LINEAR LINEAR
LINEAR LINEAR LINEAR LINEAR LINEAR LINEAR LINEAR LINEAR LINEAR LINEAR LINEAR LINEAR
LINEAR LINEAR LINEAR LINEAR LINEAR LINEAR LINEAR LINEAR LINEAR LINEAR LINEAR LINEAR
LINEAR LINEAR LINEAR LINEAR LINEAR LINEAR</Name_array><technique_common><accessor source="#mixamorig_Spine1-Interpolations-array" count="53"><param type="name"/></accessor></technique_common></source><sampler id="mixamorig_Spine1-Matrix-animation-transform"><input semantic="INPUT" source="#mixamorig_Spine1-Matrix-animation-input"/><input semantic="OUTPUT" source="#mixamorig_Spine1-Matrix-animation-output-transform"/><input semantic="INTERPOLATION" source="#mixamorig_Spine1-Interpolations"/></sampler><channel source="#mixamorig_Spine1-Matrix-animation-transform" target="mixamorig_Spine1/matrix"/></animation>
    <animation id="mixamorig_Spine2-anim" name="mixamorig_Spine2"><source id="mixamorig_Spine2-Matrix-animation-input"><float_array id="mixamorig_Spine2-Matrix-animation-input-array" count="53">

0.000000 0.033333 0.066667 0.100000 0.133333 0.166667 0.200000 0.233333 0.266667 0.300000 0.333333 0.366667 0.400000 0.433333 0.466667 0.500000
0.533333 0.566667 0.600000 0.633333 0.666667 0.700000 0.733333 0.766667 0.800000 0.833333 0.866667 0.900000 0.933333 0.966667 1.000000 1.033333
1.066667 1.100000 1.133333 1.166667 1.200000 1.233333 1.266667 1.300000 1.333333 1.366667 1.400000 1.433333 1.466667 1.500000 1.533333 1.566667
1.600000 1.633333 1.666667 1.700000 1.733333</float_array><technique_common><accessor source="#mixamorig_Spine2-Matrix-animation-input-array" count="53"><param name="TIME" type="float"/></accessor></technique_common></source><source id="mixamorig_Spine2-Matrix-animation-output-transform"><float_array id="mixamorig_Spine2-Matrix-animation-output-transform-array" count="848">

0.998349 -0.055752 0.013849 0.152700 0.052123 0.980473 0.189622 25.612801 -0.024150 -0.188587 0.981760 -0.124700 0.000000 0.000000 0.000000 1.000000
0.997434 -0.066769 0.025836 0.152700 0.060893 0.980981 0.184306 25.612801 -0.037650 -0.182260 0.982529 -0.124700 0.000000 0.000000 0.000000 1.000000
0.996813 -0.069885 0.038457 0.152700 0.062929 0.985230 0.159254 25.612801 -0.049019 -0.156327 0.986488 -0.124700 0.000000 0.000000 0.000000 1.000000
0.995913 -0.074550 0.050994 0.152700 0.067167 0.988744 0.133693 25.612801 -0.060387 -0.129722 0.989710 -0.124700 0.000000 0.000000 0.000000 1.000000
0.995215 -0.081421 0.054024 0.152700 0.076020 0.992527 0.095447 25.612801 -0.061391 -0.090883 0.993967 -0.124700 0.000000 0.000000 0.000000 1.000000
0.994612 -0.090042 0.051372 0.152700 0.087158 0.994628 0.055851 25.612801 -0.056125 -0.051073 0.997117 -0.124700 0.000000 0.000000 0.000000 1.000000
0.995569 -0.084637 0.040974 0.152700 0.083724 0.996211 0.023523 25.612801 -0.042810 -0.019989 0.998883 -0.124700 0.000000 0.000000 0.000000 1.000000
0.998162 -0.058515 0.015778 0.152700 0.058316 0.998216 0.012786 25.612801 -0.016498 -0.011842 0.999794 -0.124700 0.000000 0.000000 0.000000 1.000000
0.998153 -0.060591 0.004360 0.152700 0.060598 0.998161 -0.001524 25.612801 -0.004260 0.001785 0.999989 -0.124700 0.000000 0.000000 0.000000 1.000000
0.997780 -0.066523 -0.003122 0.152700 0.066513 0.997781 -0.003060 25.612801 0.003319 0.002846 0.999990 -0.124700 0.000000 0.000000 0.000000 1.000000
0.997889 -0.063479 -0.013675 0.152700 0.063579 0.997953 0.006955 25.612801 0.013206 -0.007810 0.999882 -0.124700 0.000000 0.000000 0.000000 1.000000
0.997464 -0.066701 -0.024825 0.152700 0.066942 0.997716 0.009032 25.612801 0.024166 -0.010671 0.999651 -0.124700 0.000000 0.000000 0.000000 1.000000
0.996917 -0.071977 -0.031243 0.152700 0.072176 0.997378 0.005283 25.612801 0.030781 -0.007522 0.999498 -0.124700 0.000000 0.000000 0.000000 1.000000
0.996688 -0.074968 -0.031499 0.152700 0.075141 0.997164 0.004332 25.612801 0.031085 -0.006685 0.999494 -0.124700 0.000000 0.000000 0.000000 1.000000
0.997355 -0.068257 -0.024978 0.152700 0.068297 0.997665 0.000747 25.612801 0.024869 -0.002451 0.999688 -0.124700 0.000000 0.000000 0.000000 1.000000
0.997728 -0.065289 -0.016636 0.152700 0.065154 0.997839 -0.008526 25.612801 0.017156 0.007423 0.999825 -0.124700 0.000000 0.000000 0.000000 1.000000
0.997156 -0.075214 -0.004796 0.152700 0.075104 0.996975 -0.020024 25.612801 0.006287 0.019607 0.999788 -0.124700 0.000000 0.000000 0.000000 1.000000
0.996856 -0.078594 0.010060 0.152700 0.078746 0.996772 -0.015665 25.612801 -0.008796 0.016408 0.999827 -0.124700 0.000000 0.000000 0.000000 1.000000
0.997501 -0.069358 0.013429 0.152700 0.069609 0.997388 -0.019281 25.612801 -0.012057 0.020167 0.999724 -0.124700 0.000000 0.000000 0.000000 1.000000
0.997511 -0.069388 0.012571 0.152700 0.069644 0.997347 -0.021169 25.612801 -0.011069 0.021992 0.999697 -0.124700 0.000000 0.000000 0.000000 1.000000
0.996804 -0.077763 0.018316 0.152700 0.078130 0.996737 -0.020261 25.612801 -0.016680 0.021628 0.999627 -0.124700 0.000000 0.000000 0.000000 1.000000
0.996262 -0.081946 0.027343 0.152700 0.082449 0.996436 -0.017817 25.612801 -0.025785 0.020005 0.999467 -0.124700 0.000000 0.000000 0.000000 1.000000
0.996632 -0.074843 0.033513 0.152700 0.075460 0.996994 -0.017562 25.612801 -0.032098 0.020032 0.999284 -0.124700 0.000000 0.000000 0.000000 1.000000
0.996849 -0.071835 0.033635 0.152700 0.072416 0.997240 -0.016388 25.612801 -0.032365 0.018772 0.999300 -0.124700 0.000000 0.000000 0.000000 1.000000
0.996382 -0.078606 0.032315 0.152700 0.079200 0.996705 -0.017512 25.612801 -0.030832 0.020008 0.999324 -0.124700 0.000000 0.000000 0.000000 1.000000
0.996373 -0.077860 0.034328 0.152700 0.078445 0.996789 -0.016050 25.612801 -0.032968 0.018684 0.999282 -0.124700 0.000000 0.000000 0.000000 1.000000
0.996563 -0.073729 0.037764 0.152700 0.074438 0.997068 -0.017746 25.612801 -0.036345 0.020496 0.999129 -0.124700 0.000000 0.000000 0.000000 1.000000
0.996556 -0.072613 0.040032 0.152700 0.073408 0.997126 -0.018737 25.612801 -0.038556 0.021611 0.999023 -0.124700 0.000000 0.000000 0.000000 1.000000
0.996585 -0.072720 0.039105 0.152700 0.073444 0.997148 -0.017401 25.612801 -0.037728 0.020214 0.999084 -0.124700 0.000000 0.000000 0.000000 1.000000
0.996803 -0.071169 0.036310 0.152700 0.071816 0.997276 -0.016835 25.612801 -0.035013 0.019389 0.999199 -0.124700 0.000000 0.000000 0.000000 1.000000
0.997026 -0.069816 0.032623 0.152700 0.070402 0.997371 -0.017173 25.612801 -0.031339 0.019419 0.999320 -0.124700 0.000000 0.000000 0.000000 1.000000
0.997187 -0.069650 0.027692 0.152700 0.070149 0.997384 -0.017468 25.612801 -0.026402 0.019361 0.999464 -0.124700 0.000000 0.000000 0.000000 1.000000
0.997306 -0.069596 0.023197 0.152700 0.070009 0.997393 -0.017478 25.612801 -0.021921 0.019055 0.999578 -0.124700 0.000000 0.000000 0.000000 1.000000
0.997476 -0.068343 0.019246 0.152700 0.068691 0.997476 -0.017995 25.612801 -0.017968 0.019272 0.999653 -0.124700 0.000000 0.000000 0.000000 1.000000
0.997687 -0.066204 0.015443 0.152700 0.066491 0.997608 -0.018878 25.612801 -0.014156 0.019861 0.999703 -0.124700 0.000000 0.000000 0.000000 1.000000
0.997811 -0.065089 0.011653 0.152700 0.065306 0.997677 -0.019364 25.612801 -0.010366 0.020082 0.999745 -0.124700 0.000000 0.000000 0.000000 1.000000
0.997931 -0.063824 0.007723 0.152700 0.063964 0.997763 -0.019426 25.612801 -0.006466 0.019880 0.999781 -0.124700 0.000000 0.000000 0.000000 1.000000
0.998093 -0.061592 0.004195 0.152700 0.061660 0.997925 -0.018558 25.612801 -0.003043 0.018781 0.999819 -0.124700 0.000000 0.000000 0.000000 1.000000
0.998257 -0.059013 0.000685 0.152700 0.059017 0.998108 -0.017241 25.612801 0.000334 0.017252 0.999851 -0.124700 0.000000 0.000000 0.000000 1.000000
0.998438 -0.055846 -0.001556 0.152700 0.055813 0.998309 -0.016222 25.612801 0.002459 0.016110 0.999867 -0.124700 0.000000 0.000000 0.000000 1.000000
0.998646 -0.051954 -0.002758 0.152700 0.051904 0.998527 -0.015825 25.612801 0.003576 0.015660 0.999871 -0.124700 0.000000 0.000000 0.000000 1.000000
0.998808 -0.048639 -0.004207 0.152700 0.048567 0.998694 -0.015886 25.612801 0.004974 0.015663 0.999865 -0.124700 0.000000 0.000000 0.000000 1.000000
0.998872 -0.047137 -0.005784 0.152700 0.047033 0.998749 -0.016957 25.612801 0.006576 0.016666 0.999839 -0.124700 0.000000 0.000000 0.000000 1.000000
0.998905 -0.046275 -0.006892 0.152700 0.046144 0.998769 -0.018202 25.612801 0.007726 0.017864 0.999811 -0.124700 0.000000 0.000000 0.000000 1.000000
0.998906 -0.046256 -0.006876 0.152700 0.046126 0.998775 -0.017913 25.612801 0.007697 0.017576 0.999816 -0.124700 0.000000 0.000000 0.000000 1.000000
0.998952 -0.045147 -0.007570 0.152700 0.044993 0.998799 -0.019412 25.612801 0.008437 0.019051 0.999783 -0.124700 0.000000 0.000000 0.000000 1.000000
0.998962 -0.044835 -0.008078 0.152700 0.044667 0.998803 -0.019946 25.612801 0.008963 0.019565 0.999768 -0.124700 0.000000 0.000000 0.000000 1.000000
0.998975 -0.044461 -0.008534 0.152700 0.044283 0.998817 -0.020072 25.612801 0.009417 0.019674 0.999762 -0.124700 0.000000 0.000000 0.000000 1.000000
0.998982 -0.044162 -0.009147 0.152700 0.043971 0.998829 -0.020161 25.612801 0.010026 0.019738 0.999755 -0.124700 0.000000 0.000000 0.000000 1.000000
0.998987 -0.043963 -0.009612 0.152700 0.043762 0.998838 -0.020204 25.612801 0.010489 0.019763 0.999750 -0.124700 0.000000 0.000000 0.000000 1.000000
0.999012 -0.043296 -0.010054 0.152700 0.043093 0.998879 -0.019611 25.612801 0.010892 0.019158 0.999757 -0.124700 0.000000 0.000000 0.000000 1.000000
0.999034 -0.042728 -0.010298 0.152700 0.042522 0.998908 -0.019377 25.612801 0.011114 0.018920 0.999759 -0.124700 0.000000 0.000000 0.000000 1.000000
