<?xml version="1.0" encoding="utf-8"?>
<COLLADA xmlns="http://www.collada.org/2005/11/COLLADASchema" version="1.4.1">
  <asset><contributor><author>Mixamo</author><authoring_tool>COLLADA Mixamo exporter</authoring_tool><comments></comments></contributor><created>2018-02-10T11:48:55Z</created><modified>2018-02-10T11:48:55Z</modified><revision></revision><title></title><unit meter="0.010000"/><up_axis>Y_UP</up_axis></asset>
  <library_animations>
    <animation id="mixamorig_Hips-anim" name="mixamorig_Hips"><source id="mixamorig_Hips-Matrix-animation-input"><float_array id="mixamorig_Hips-Matrix-animation-input-array" count="20">

0.000000 0.033333 0.066667 0.100000 0.133333 0.166667 0.200000 0.233333 0.266667 0.300000 0.333333 0.366667 0.400000 0.433333 0.466667 0.500000
0.533333 0.566667 0.600000 0.633333</float_array><technique_common><accessor source="#mixamorig_Hips-Matrix-animation-input-array" count="20"><param name="TIME" type="float"/></accessor></technique_common></source><source id="mixamorig_Hips-Matrix-animation-output-transform"><float_array id="mixamorig_Hips-Matrix-animation-output-transform-array" count="320">

0.601341 -0.217682 -0.768768 2.375094 0.067153 0.972537 -0.222852 194.932724 0.796166 0.082384 0.599444 -2.265383 0.000000 0.000000 0.000000 1.000000
0.570287 -0.251553 -0.781981 -24.292435 0.077493 0.964187 -0.253651 196.712753 0.817782 0.084056 0.569356 -2.785517 0.000000 0.000000 0.000000 1.000000
0.561809 -0.276462 -0.779705 -52.805954 0.091043 0.957444 -0.273883 198.960022 0.822242 0.082883 0.563070 -2.541605 0.000000 0.000000 0.000000 1.000000
0.571910 -0.289593 -0.767499 -82.944855 0.103530 0.953613 -0.282672 201.327789 0.813757 0.082204 0.575363 -1.518431 0.000000 0.000000 0.000000 1.000000
0.587619 -0.287535 -0.756325 -113.416260 0.107680 0.954205 -0.279103 202.453674 0.801940 0.082565 0.591671 0.151689 0.000000 0.000000 0.000000 1.000000
0.593952 -0.263497 -0.760125 -142.028290 0.090587 0.960737 -0.262256 201.977524 0.799384 0.086910 0.594501 2.037277 0.000000 0.000000 0.000000 1.000000
0.587494 -0.223362 -0.777792 -168.157730 0.059339 0.970455 -0.233870 200.729996 0.807050 0.091244 0.583391 3.700633 0.000000 0.000000 0.000000 1.000000
0.582075 -0.188010 -0.791101 -193.187622 0.034978 0.977791 -0.206643 198.491547 0.812382 0.092611 0.575724 5.090272 0.000000 0.000000 0.000000 1.000000
0.592587 -0.178262 -0.785533 -217.662384 0.025597 0.978880 -0.202829 195.378098 0.805099 0.100086 0.584635 5.953167 0.000000 0.000000 0.000000 1.000000
0.631048 -0.199546 -0.749640 -241.089752 0.035157 0.972713 -0.229331 192.592529 0.774947 0.118363 0.620844 5.575686 0.000000 0.000000 0.000000 1.000000
0.684026 -0.227950 -0.692926 -264.027710 0.051349 0.962611 -0.265977 191.538589 0.727648 0.146354 0.670156 4.112793 0.000000 0.000000 0.000000 1.000000
0.714280 -0.240994 -0.657058 -287.528687 0.054098 0.955046 -0.291480 193.151947 0.697766 0.172653 0.695208 2.548666 0.000000 0.000000 0.000000 1.000000
0.696820 -0.238286 -0.676507 -312.559235 0.035100 0.953399 -0.299663 197.830780 0.716387 0.185066 0.672712 1.863629 0.000000 0.000000 0.000000 1.000000
0.649065 -0.220195 -0.728168 -339.670502 0.009350 0.959429 -0.281794 202.609634 0.760675 0.176094 0.624791 2.480983 0.000000 0.000000 0.000000 1.000000
0.597983 -0.193358 -0.777836 -367.938446 -0.006393 0.969283 -0.245864 205.567245 0.801483 0.151995 0.578379 3.780384 0.000000 0.000000 0.000000 1.000000
0.561460 -0.168571 -0.810152 -396.425049 -0.003936 0.978476 -0.206322 205.800964 0.827494 0.119031 0.548712 5.276419 0.000000 0.000000 0.000000 1.000000
0.555830 -0.164809 -0.814795 -424.719208 0.023770 0.982901 -0.182597 203.079758 0.830956 0.082125 0.550243 5.688554 0.000000 0.000000 0.000000 1.000000
0.575592 -0.182894 -0.797022 -451.937622 0.058782 0.981400 -0.182753 199.359726 0.815622 0.058340 0.575637 4.026953 0.000000 0.000000 0.000000 1.000000
0.593904 -0.202357 -0.778672 -477.601013 0.072178 0.977351 -0.198937 196.616257 0.801292 0.061946 0.595058 1.095383 0.000000 0.000000 0.000000 1.000000
0.601341 -0.217680 -0.768768 -502.323883 0.067150 0.972537 -0.222852 194.932373 0.796166 0.082387 0.599444 -2.265287 0.000000 0.000000 0.000000 1.000000</float_array><technique_common><accessor source="#mixamorig_Hips-Matrix-animation-output-transform-array" count="20" stride="16"><param type="float4x4"/></accessor></technique_common></source><source id="mixamorig_Hips-Interpolations"><Name_array id="mixamorig_Hips-Interpolations-array" count="20">
 LINEAR LINEAR LINEAR LINEAR LINEAR LINEAR LINEAR LINEAR LINEAR LINEAR LINEAR
LINEAR LINEAR LINEAR LINEAR LINEAR LINEAR LINEAR LINEAR LINEAR</Name_array><technique_common><accessor source="#mixamorig_Hips-Interpolations-array" count="20"><param type="name"/></accessor></technique_common></source><sampler id="mixamorig_Hips-Matrix-animation-transform"><input semantic="INPUT" source="#mixamorig_Hips-Matrix-animation-input"/><input semantic="OUTPUT" source="#mixamorig_Hips-Matrix-animation-output-transform"/><input semantic="INTERPOLATION" source="#mixamorig_Hips-Interpolations"/></sampler><channel source="#mixamorig_Hips-Matrix-animation-transform" target="mixamorig_Hips/matrix"/></animation>
    <animation id="mixamorig_Spine-anim" name="mixamorig_Spine"><source id="mixamorig_Spine-Matrix-animation-input"><float_array id="mixamorig_Spine-Matrix-animation-input-array" count="20">

0.000000 0.033333 0.066667 0.100000 0.133333 0.166667 0.200000 0.233333 0.266667 0.300000 0.333333 0.366667 0.400000 0.433333 0.466667 0.500000
0.533333 0.566667 0.600000 0.633333</float_array><technique_common><accessor source="#mixamorig_Spine-Matrix-animation-input-array" count="20"><param name="TIME" type="float"/></accessor></technique_common></source><source id="mixamorig_Spine-Matrix-animation-output-transform"><float_array id="mixamorig_Spine-Matrix-animation-output-transform-array" count="320">

0.988116 0.130156 0.081767 -0.057500 -0.102062 0.953336 -0.284138 18.534300 -0.114934 0.272416 0.955290 -2.042900 0.000000 0.000000 0.000000 1.000000
0.981184 0.157627 0.111497 -0.057500 -0.121408 0.952731 -0.278503 18.534300 -0.150127 0.259726 0.953941 -2.042900 0.000000 0.000000 0.000000 1.000000
0.970906 0.191025 0.144397 -0.057500 -0.151646 0.957175 -0.246615 18.534300 -0.185322 0.217543 0.958296 -2.042900 0.000000 0.000000 0.000000 1.000000
0.958325 0.221472 0.180456 -0.057500 -0.185723 0.962952 -0.195524 18.534300 -0.217073 0.153860 0.963953 -2.042900 0.000000 0.000000 0.000000 1.000000
0.948543 0.232581 0.214876 -0.057500 -0.206082 0.968649 -0.138742 18.534300 -0.240409 0.087321 0.966736 -2.042900 0.000000 0.000000 0.000000 1.000000
0.952178 0.194093 0.235978 -0.057500 -0.173587 0.979208 -0.104974 18.534300 -0.251446 0.058992 0.966072 -2.042900 0.000000 0.000000 0.000000 1.000000
0.966158 0.113774 0.231506 -0.057500 -0.086504 0.988411 -0.124744 18.534300 -0.243016 0.100496 0.964802 -2.042900 0.000000 0.000000 0.000000 1.000000
0.975520 0.052397 0.213576 -0.057500 -0.016207 0.985688 -0.167798 18.534300 -0.219311 0.160229 0.962408 -2.042900 0.000000 0.000000 0.000000 1.000000
0.980812 0.033782 0.192008 -0.057500 0.004545 0.980644 -0.195749 18.534300 -0.194904 0.192865 0.961673 -2.042900 0.000000 0.000000 0.000000 1.000000
0.986422 0.042689 0.158584 -0.057500 -0.007051 0.975744 -0.218802 18.534300 -0.164078 0.214713 0.962796 -2.042900 0.000000 0.000000 0.000000 1.000000
0.991613 0.045240 0.121069 -0.057500 -0.013329 0.967539 -0.252370 18.534300 -0.128556 0.248640 0.960027 -2.042900 0.000000 0.000000 0.000000 1.000000
0.994670 0.029358 0.098840 -0.057500 0.001094 0.955548 -0.294833 18.534300 -0.103102 0.293369 0.950423 -2.042900 0.000000 0.000000 0.000000 1.000000
0.995241 0.016035 0.096117 -0.057500 0.014485 0.951064 -0.308653 18.534300 -0.096363 0.308576 0.946306 -2.042900 0.000000 0.000000 0.000000 1.000000
0.995732 0.006219 0.092082 -0.057500 0.019901 0.959790 -0.280012 18.534300 -0.090121 0.280649 0.955570 -2.042900 0.000000 0.000000 0.000000 1.000000
0.996880 0.003935 0.078840 -0.057500 0.014890 0.971455 -0.236756 18.534300 -0.077521 0.237191 0.968365 -2.042900 0.000000 0.000000 0.000000 1.000000
0.997955 0.021955 0.060034 -0.057500 -0.009934 0.981023 -0.193636 18.534300 -0.063146 0.192644 0.979235 -2.042900 0.000000 0.000000 0.000000 1.000000
0.996964 0.063668 0.044822 -0.057500 -0.055648 0.985262 -0.161750 18.534300 -0.054460 0.158764 0.985813 -2.042900 0.000000 0.000000 0.000000 1.000000
0.993139 0.108508 0.043596 -0.057500 -0.099325 0.979501 -0.175246 18.534300 -0.061718 0.169714 0.983559 -2.042900 0.000000 0.000000 0.000000 1.000000
0.989910 0.129094 0.058428 -0.057500 -0.113034 0.968056 -0.223810 18.534300 -0.085454 0.214948 0.972880 -2.042900 0.000000 0.000000 0.000000 1.000000
0.988117 0.130151 0.081772 -0.057500 -0.102056 0.953336 -0.284139 18.534300 -0.114937 0.272417 0.955290 -2.042900 0.000000 0.000000 0.000000 1.000000</float_array><technique_common><accessor source="#mixamorig_Spine-Matrix-animation-output-transform-array" count="20" stride="16"><param type="float4x4"/></accessor></technique_common></source><source id="mixamorig_Spine-Interpolations"><Name_array id="mixamorig_Spine-Interpolations-array" count="20">
 LINEAR LINEAR LINEAR LINEAR LINEAR LINEAR LINEAR LINEAR LINEAR LINEAR LINEAR
LINEAR LINEAR LINEAR LINEAR LINEAR LINEAR LINEAR LINEAR LINEAR</Name_array><technique_common><accessor source="#mixamorig_Spine-Interpolations-array" count="20"><param type="name"/></accessor></technique_common></source><sampler id="mixamorig_Spine-Matrix-animation-transform"><input semantic="INPUT" source="#mixamorig_Spine-Matrix-animation-input"/><input semantic="OUTPUT" source="#mixamorig_Spine-Matrix-animation-output-transform"/><input semantic="INTERPOLATION" source="#mixamorig_Spine-Interpolations"/></sampler><channel source="#mixamorig_Spine-Matrix-animation-transform" target="mixamorig_Spine/matrix"/></animation>
    <animation id="mixamorig_Spine1-anim" name="mixamorig_Spine1"><source id="mixamorig_Spine1-Matrix-animation-input"><float_array id="mixamorig_Spine1-Matrix-animation-input-array" count="20">

0.000000 0.033333 0.066667 0.100000 0.133333 0.166667 0.200000 0.233333 0.266667 0.300000 0.333333 0.366667 0.400000 0.433333 0.466667 0.500000
0.533333 0.566667 0.600000 0.633333</float_array><technique_common><accessor source="#mixamorig_Spine1-Matrix-animation-input-array" count="20"><param name="TIME" type="float"/></accessor></technique_common></source><source id="mixamorig_Spine1-Matrix-animation-output-transform"><float_array id="mixamorig_Spine1-Matrix-animation-output-transform-array" count="320">

0.994284 0.037660 0.099907 0.305500 -0.015673 0.977072 -0.212334 19.736099 -0.105613 0.209554 0.972077 -0.783400 0.000000 0.000000 0.000000 1.000000
0.989050 0.066086 0.131961 0.305500 -0.041492 0.982590 -0.181097 19.736099 -0.141631 0.173638 0.974572 -0.783400 0.000000 0.000000 0.000000 1.000000
0.983619 0.081578 0.160741 0.305500 -0.056278 0.986138 -0.156094 19.736099 -0.171247 0.144491 0.974575 -0.783400 0.000000 0.000000 0.000000 1.000000
0.979150 0.086485 0.183809 0.305500 -0.060670 0.988049 -0.141700 19.736099 -0.193867 0.127594 0.972695 -0.783400 0.000000 0.000000 0.000000 1.000000
0.976116 0.088388 0.198457 0.305500 -0.061059 0.988290 -0.139838 19.736099 -0.208493 0.124381 0.970083 -0.783400 0.000000 0.000000 0.000000 1.000000
0.973490 0.102514 0.204468 0.305500 -0.074883 0.987515 -0.138586 19.736099 -0.216123 0.119601 0.969013 -0.783400 0.000000 0.000000 0.000000 1.000000
0.970264 0.129202 0.204681 0.305500 -0.105829 0.986954 -0.121331 19.736099 -0.217687 0.096062 0.971280 -0.783400 0.000000 0.000000 0.000000 1.000000
0.969526 0.142410 0.199347 0.305500 -0.123967 0.987010 -0.102190 19.736099 -0.211310 0.074363 0.974586 -0.783400 0.000000 0.000000 0.000000 1.000000
0.973753 0.133556 0.184301 0.305500 -0.118935 0.988970 -0.088273 19.736099 -0.194058 0.064036 0.978898 -0.783400 0.000000 0.000000 0.000000 1.000000
0.982403 0.106676 0.153309 0.305500 -0.096227 0.992601 -0.074058 19.736099 -0.160074 0.058003 0.985399 -0.783400 0.000000 0.000000 0.000000 1.000000
0.989842 0.081544 0.116463 0.305500 -0.074529 0.995203 -0.063372 19.736099 -0.121072 0.054048 0.991171 -0.783400 0.000000 0.000000 0.000000 1.000000
0.993142 0.070019 0.093625 0.305500 -0.065056 0.996362 -0.055050 19.736099 -0.097139 0.048582 0.994084 -0.783400 0.000000 0.000000 0.000000 1.000000
0.993786 0.068322 0.087876 0.305500 -0.063426 0.996337 -0.057356 19.736099 -0.091473 0.051426 0.994479 -0.783400 0.000000 0.000000 0.000000 1.000000
0.994139 0.070527 0.081938 0.305500 -0.063503 0.994323 -0.085377 19.736099 -0.087494 0.079673 0.992974 -0.783400 0.000000 0.000000 0.000000 1.000000
0.994978 0.070168 0.071378 0.305500 -0.060293 0.989393 -0.132161 19.736099 -0.079894 0.127194 0.988655 -0.783400 0.000000 0.000000 0.000000 1.000000
0.996421 0.061173 0.058335 0.305500 -0.049795 0.982458 -0.179714 19.736099 -0.068305 0.176166 0.981988 -0.783400 0.000000 0.000000 0.000000 1.000000
0.997816 0.044410 0.048893 0.305500 -0.032799 0.975658 -0.216833 19.736099 -0.057333 0.214756 0.974984 -0.783400 0.000000 0.000000 0.000000 1.000000
0.998141 0.030412 0.052826 0.305500 -0.017377 0.972650 -0.231627 19.736099 -0.058426 0.230278 0.971369 -0.783400 0.000000 0.000000 0.000000 1.000000
0.997000 0.028592 0.071931 0.305500 -0.011572 0.973889 -0.226730 19.736099 -0.076535 0.225217 0.971298 -0.783400 0.000000 0.000000 0.000000 1.000000
0.994284 0.037660 0.099906 0.305500 -0.015673 0.977071 -0.212334 19.736099 -0.105612 0.209554 0.972077 -0.783400 0.000000 0.000000 0.000000 1.000000</float_array><technique_common><accessor source="#mixamorig_Spine1-Matrix-animation-output-transform-array" count="20" stride="16"><param type="float4x4"/></accessor></technique_common></source><source id="mixamorig_Spine1-Interpolations"><Name_array id="mixamorig_Spine1-Interpolations-array" count="20">
 LINEAR LINEAR LINEAR LINEAR LINEAR LINEAR LINEAR LINEAR LINEAR LINEAR LINEAR
LINEAR LINEAR LINEAR LINEAR LINEAR LINEAR LINEAR LINEAR LINEAR</Name_array><technique_common><accessor source="#mixamorig_Spine1-Interpolations-array" count="20"><param type="name"/></accessor></technique_common></source><sampler id="mixamorig_Spine1-Matrix-animation-transform"><input semantic="INPUT" source="#mixamorig_Spine1-Matrix-animation-input"/><input semantic="OUTPUT" source="#mixamorig_Spine1-Matrix-animation-output-transform"/><input semantic="INTERPOLATION" source="#mixamorig_Spine1-Interpolations"/></sampler><channel source="#mixamorig_Spine1-Matrix-animation-transform" target="mixamorig_Spine1/matrix"/></animation>
    <animation id="mixamorig_Spine2-anim" name="mixamorig_Spine2"><source id="mixamorig_Spine2-Matrix-animation-input"><float_array id="mixamorig_Spine2-Matrix-animation-input-array" count="20">

0.000000 0.033333 0.066667 0.100000 0.133333 0.166667 0.200000 0.233333 0.266667 0.300000 0.333333 0.366667 0.400000 0.433333 0.466667 0.500000
0.533333 0.566667 0.600000 0.633333</float_array><technique_common><accessor source="#mixamorig_Spine2-Matrix-animation-input-array" count="20"><param name="TIME" type="float"/></accessor></technique_common></source><source id="mixamorig_Spine2-Matrix-animation-output-transform"><float_array id="mixamorig_Spine2-Matrix-animation-output-transform-array" count="320">

0.995465 0.035066 0.088427 0.152700 -0.038459 0.998576 0.036967 25.612801 -0.087005 -0.040200 0.995396 -0.124700 0.000000 0.000000 0.000000 1.000000
0.991518 0.064244 0.112985 0.152700 -0.068515 0.997059 0.034330 25.612801 -0.110447 -0.041780 0.993003 -0.124700 0.000000 0.000000 0.000000 1.000000
0.987561 0.080332 0.135170 0.152700 -0.084352 0.996140 0.024277 25.612801 -0.132699 -0.035377 0.990525 -0.124700 0.000000 0.000000 0.000000 1.000000
0.984217 0.085177 0.155118 0.152700 -0.087065 0.996188 0.005406 25.612801 -0.154066 -0.018826 0.987881 -0.124700 0.000000 0.000000 0.000000 1.000000
0.981522 0.086124 0.170874 0.152700 -0.083456 0.996252 -0.022749 25.612801 -0.172192 0.008068 0.985030 -0.124700 0.000000 0.000000 0.000000 1.000000
0.978940 0.100262 0.177831 0.152700 -0.092968 0.994467 -0.048909 25.612801 -0.181751 0.031347 0.982845 -0.124700 0.000000 0.000000 0.000000 1.000000
0.976182 0.130359 0.173421 0.152700 -0.122651 0.990953 -0.054490 25.612801 -0.178955 0.031923 0.983339 -0.124700 0.000000 0.000000 0.000000 1.000000
0.975609 0.147247 0.162802 0.152700 -0.141343 0.988828 -0.047338 25.612801 -0.167954 0.023173 0.985522 -0.124700 0.000000 0.000000 0.000000 1.000000
0.979316 0.139243 0.146803 0.152700 -0.135556 0.990156 -0.034873 25.612801 -0.150213 0.014251 0.988551 -0.124700 0.000000 0.000000 0.000000 1.000000
0.986736 0.110445 0.118973 0.152700 -0.109508 0.993882 -0.014406 25.612801 -0.119836 0.001186 0.992793 -0.124700 0.000000 0.000000 0.000000 1.000000
0.992828 0.082701 0.086328 0.152700 -0.083579 0.996479 0.006605 25.612801 -0.085478 -0.013773 0.996245 -0.124700 0.000000 0.000000 0.000000 1.000000
0.995296 0.070447 0.066511 0.152700 -0.072502 0.996947 0.028994 25.612801 -0.064265 -0.033680 0.997364 -0.124700 0.000000 0.000000 0.000000 1.000000
0.995635 0.069002 0.062839 0.152700 -0.071877 0.996411 0.044708 25.612801 -0.059529 -0.049030 0.997022 -0.124700 0.000000 0.000000 0.000000 1.000000
0.995768 0.070226 0.059285 0.152700 -0.072515 0.996666 0.037390 25.612801 -0.056462 -0.041531 0.997541 -0.124700 0.000000 0.000000 0.000000 1.000000
0.996337 0.068376 0.051354 0.152700 -0.069118 0.997526 0.012799 25.612801 -0.050352 -0.016302 0.998598 -0.124700 0.000000 0.000000 0.000000 1.000000
0.997431 0.058674 0.041091 0.152700 -0.058234 0.998233 -0.011834 25.612801 -0.041713 0.009411 0.999085 -0.124700 0.000000 0.000000 0.000000 1.000000
0.998522 0.042096 0.034387 0.152700 -0.041204 0.998806 -0.026246 25.612801 -0.035450 0.024790 0.999064 -0.124700 0.000000 0.000000 0.000000 1.000000
0.998782 0.028565 0.040242 0.152700 -0.027814 0.999431 -0.019077 25.612801 -0.040764 0.017934 0.999008 -0.124700 0.000000 0.000000 0.000000 1.000000
0.997832 0.026691 0.060150 0.152700 -0.027072 0.999618 0.005539 25.612801 -0.059979 -0.007155 0.998174 -0.124700 0.000000 0.000000 0.000000 1.000000
0.995465 0.035066 0.088427 0.152700 -0.038459 0.998576 0.036967 25.612801 -0.087005 -0.040200 0.995396 -0.124700 0.000000 0.000000 0.000000 1.000000</float_array><technique_common><accessor source="#mixamorig_Spine2-Matrix-animation-output-transform-array" count="20" stride="16"><param type="float4x4"/></accessor></technique_common></source><source id="mixamorig_Spine2-Interpolations"><Name_array id="mixamorig_Spine2-Interpolations-array" count="20">
 LINEAR LINEAR LINEAR LINEAR LINEAR LINEAR LINEAR LINEAR LINEAR LINEAR LINEAR
LINEAR LINEAR LINEAR LINEAR LINEAR LINEAR LINEAR LINEAR LINEAR</Name_array><technique_common><accessor source="#mixamorig_Spine2-Interpolations-array" count="20"><param type="name"/></accessor></technique_common></source><sampler id="mixamorig_Spine2-Matrix-animation-transform"><input semantic="INPUT" source="#mixamorig_Spine2-Matrix-animation-input"/><input semantic="OUTPUT" source="#mixamorig_Spine2-Matrix-animation-output-transform"/><input semantic="INTERPOLATION" source="#mixamorig_Spine2-Interpolations"/></sampler><channel source="#mixamorig_Spine2-Matrix-animation-transform" target="mixamorig_Spine2/matrix"/></animation>
    <animation id="mixamorig_Neck-anim" name="mixamorig_Neck"><source id="mixamorig_Neck-Matrix-animation-input"><float_array id="mixamorig_Neck-Matrix-animation-input-array" count="20">

0.000000 0.033333 0.066667 0.100000 0.133333 0.166667 0.200000 0.233333 0.266667 0.300000 0.333333 0.366667 0.400000 0.433333 0.466667 0.500000
0.533333 0.566667 0.600000 0.633333</float_array><technique_common><accessor source="#mixamorig_Neck-Matrix-animation-input-array" count="20"><param name="TIME" type="float"/></accessor></technique_common></source><source id="mixamorig_Neck-Matrix-animation-output-transform"><float_array id="mixamorig_Neck-Matrix-animation-output-transform-array" count="320">

0.950992 0.189976 0.243975 0.879800 -0.204870 0.978091 0.036952 30.689800 -0.231610 -0.085124 0.969077 2.800200 0.000000 0.000000 0.000000 1.000000
0.966182 0.126650 0.224616 0.879800 -0.148512 0.985404 0.083201 30.689800 -0.210800 -0.113745 0.970889 2.800200 0.000000 0.000000 0.000000 1.000000
0.978146 0.082120 0.191016 0.879800 -0.099652 0.991466 0.084048 30.689800 -0.182484 -0.101246 0.977982 2.800200 0.000000 0.000000 0.000000 1.000000
0.987106 0.051002 0.151722 0.879800 -0.059943 0.996688 0.054953 30.689800 -0.148417 -0.063340 0.986894 2.800200 0.000000 0.000000 0.000000 1.000000
0.992325 0.030089 0.119941 0.879800 -0.032694 0.999269 0.019807 30.689800 -0.119257 -0.023576 0.992583 2.800200 0.000000 0.000000 0.000000 1.000000
0.994174 0.015926 0.106600 0.879800 -0.015166 0.999854 -0.007936 30.689800 -0.106711 0.006273 0.994270 2.800200 0.000000 0.000000 0.000000 1.000000
0.993744 0.009926 0.111244 0.879800 -0.005830 0.999295 -0.037082 30.689800 -0.111534 0.036202 0.993101 2.800200 0.000000 0.000000 0.000000 1.000000
0.992434 0.012472 0.122146 0.879800 -0.004289 0.997741 -0.067036 30.689800 -0.122706 0.066005 0.990246 2.800200 0.000000 0.000000 0.000000 1.000000
0.990656 0.010732 0.135962 0.879800 -0.001537 0.997714 -0.067555 30.689800 -0.136376 0.066715 0.988408 2.800200 0.000000 0.000000 0.000000 1.000000
0.988105 0.015349 0.153016 0.879800 -0.013535 0.999825 -0.012890 30.689800 -0.153187 0.010665 0.988140 2.800200 0.000000 0.000000 0.000000 1.000000
0.986230 0.007532 0.165209 0.879800 -0.018225 0.997828 0.063299 30.689800 -0.164374 -0.065439 0.984225 2.800200 0.000000 0.000000 0.000000 1.000000
0.984660 0.003905 0.174443 0.879800 -0.022803 0.994055 0.106463 30.689800 -0.172990 -0.108807 0.978895 2.800200 0.000000 0.000000 0.000000 1.000000
0.981055 0.033531 0.190808 0.879800 -0.050940 0.994899 0.087073 30.689800 -0.186914 -0.095143 0.977758 2.800200 0.000000 0.000000 0.000000 1.000000
0.971559 0.082059 0.222123 0.879800 -0.091525 0.995268 0.032644 30.689800 -0.218393 -0.052045 0.974472 2.800200 0.000000 0.000000 0.000000 1.000000
0.955820 0.138538 0.259258 0.879800 -0.132442 0.990346 -0.040921 30.689800 -0.262424 0.004776 0.964941 2.800200 0.000000 0.000000 0.000000 1.000000
0.938841 0.192258 0.285683 0.879800 -0.168717 0.980046 -0.105093 30.689800 -0.300188 0.050466 0.952544 2.800200 0.000000 0.000000 0.000000 1.000000
0.928383 0.225399 0.295465 0.879800 -0.196712 0.972605 -0.123871 30.689800 -0.315291 0.056879 0.947289 2.800200 0.000000 0.000000 0.000000 1.000000
0.930849 0.225045 0.287880 0.879800 -0.208226 0.974097 -0.088193 30.689800 -0.300270 0.022150 0.953597 2.800200 0.000000 0.000000 0.000000 1.000000
0.940494 0.208533 0.268300 0.879800 -0.208780 0.977563 -0.027945 30.689800 -0.268107 -0.029734 0.962930 2.800200 0.000000 0.000000 0.000000 1.000000
0.951011 0.189901 0.243957 0.879800 -0.204786 0.978110 0.036931 30.689800 -0.231604 -0.085080 0.969082 2.800200 0.000000 0.000000 0.000000 1.000000</float_array><technique_common><accessor source="#mixamorig_Neck-Matrix-animation-output-transform-array" count="20" stride="16"><param type="float4x4"/></accessor></technique_common></source><source id="mixamorig_Neck-Interpolations"><Name_array id="mixamorig_Neck-Interpolations-array" count="20">
 LINEAR LINEAR LINEAR LINEAR LINEAR LINEAR LINEAR LINEAR LINEAR LINEAR LINEAR
LINEAR LINEAR LINEAR LINEAR LINEAR LINEAR LINEAR LINEAR LINEAR</Name_array><technique_common><accessor source="#mixamorig_Neck-Interpolations-array" count="20"><param type="name"/></accessor></technique_common></source><sampler id="mixamorig_Neck-Matrix-animation-transform"><input semantic="INPUT" source="#mixamorig_Neck-Matrix-animation-input"/><input semantic="OUTPUT" source="#mixamorig_Neck-Matrix-animation-output-transform"/><input semantic="INTERPOLATION" source="#mixamorig_Neck-Interpolations"/></sampler><channel source="#mixamorig_Neck-Matrix-animation-transform" target="mixamorig_Neck/matrix"/></animation>
    <animation id="mixamorig_Head-anim" name="mixamorig_Head"><source id="mixamorig_Head-Matrix-animation-input"><float_array id="mixamorig_Head-Matrix-animation-input-array" count="20">

0.000000 0.033333 0.066667 0.100000 0.133333 0.166667 0.200000 0.233333 0.266667 0.300000 0.333333 0.366667 0.400000 0.433333 0.466667 0.500000
0.533333 0.566667 0.600000 0.633333</float_array><technique_common><accessor source="#mixamorig_Head-Matrix-animation-input-array" count="20"><param name="TIME" type="float"/></accessor></technique_common></source><source id="mixamorig_Head-Matrix-animation-output-transform"><float_array id="mixamorig_Head-Matrix-animation-output-transform-array" count="320">

0.965198 0.053043 0.256084 0.154400 -0.173103 0.863581 0.473564 19.089399 -0.196030 -0.501412 0.842709 6.327400 0.000000 0.000000 0.000000 1.000000
0.968887 0.069497 0.237547 0.154400 -0.173255 0.875843 0.450423 19.089399 -0.176751 -0.477565 0.860634 6.327400 0.000000 0.000000 0.000000 1.000000
0.978985 0.067406 0.192471 0.154400 -0.147188 0.886802 0.438085 19.089399 -0.141154 -0.457208 0.878087 6.327400 0.000000 0.000000 0.000000 1.000000
0.989202 0.050954 0.137416 0.154400 -0.106035 0.896083 0.431035 19.089399 -0.101174 -0.440952 0.891810 6.327400 0.000000 0.000000 0.000000 1.000000
0.994274 0.031613 0.102078 0.154400 -0.072413 0.901803 0.426036 19.089399 -0.078586 -0.430988 0.898929 6.327400 0.000000 0.000000 0.000000 1.000000
0.993889 0.026404 0.107180 0.154400 -0.070013 0.901461 0.427161 19.089399 -0.085340 -0.432055 0.897800 6.327400 0.000000 0.000000 0.000000 1.000000
0.990218 0.035467 0.134944 0.154400 -0.091518 0.895137 0.436297 19.089399 -0.105319 -0.444379 0.889627 6.327400 0.000000 0.000000 0.000000 1.000000
0.985603 0.045812 0.162753 0.154400 -0.115252 0.886343 0.448456 19.089399 -0.123711 -0.460757 0.878862 6.327400 0.000000 0.000000 0.000000 1.000000
0.978541 0.064155 0.195811 0.154400 -0.146732 0.884132 0.443600 19.089399 -0.144664 -0.462812 0.874573 6.327400 0.000000 0.000000 0.000000 1.000000
0.971549 0.079351 0.223152 0.154400 -0.166060 0.900035 0.402941 19.089399 -0.168871 -0.428534 0.887604 6.327400 0.000000 0.000000 0.000000 1.000000
0.963819 0.100251 0.246986 0.154400 -0.184551 0.919552 0.346938 19.089399 -0.192335 -0.379967 0.904783 6.327400 0.000000 0.000000 0.000000 1.000000
0.955560 0.116669 0.270726 0.154400 -0.202516 0.927148 0.315253 19.089399 -0.214223 -0.356069 0.909573 6.327400 0.000000 0.000000 0.000000 1.000000
0.946435 0.119299 0.300048 0.154400 -0.220212 0.918087 0.329579 19.089399 -0.236152 -0.377999 0.895181 6.327400 0.000000 0.000000 0.000000 1.000000
0.933136 0.108870 0.342644 0.154400 -0.241557 0.895737 0.373235 19.089399 -0.266285 -0.431047 0.862143 6.327400 0.000000 0.000000 0.000000 1.000000
0.918729 0.078951 0.386917 0.154400 -0.255765 0.865493 0.430704 19.089399 -0.300869 -0.494660 0.815346 6.327400 0.000000 0.000000 0.000000 1.000000
0.911659 0.035063 0.409448 0.154400 -0.249907 0.838248 0.484650 19.089399 -0.326226 -0.544160 0.772959 6.327400 0.000000 0.000000 0.000000 1.000000
0.915205 0.003815 0.402970 0.154400 -0.231501 0.823473 0.517977 19.089399 -0.329859 -0.567343 0.754530 6.327400 0.000000 0.000000 0.000000 1.000000
0.929001 0.000911 0.370075 0.154400 -0.209824 0.825028 0.524692 19.089399 -0.304844 -0.565091 0.766644 6.327400 0.000000 0.000000 0.000000 1.000000
0.947914 0.021076 0.317829 0.154400 -0.189082 0.840219 0.508212 19.089399 -0.256335 -0.541837 0.800441 6.327400 0.000000 0.000000 0.000000 1.000000
0.965181 0.053111 0.256136 0.154400 -0.173191 0.863566 0.473560 19.089399 -0.196039 -0.501431 0.842695 6.327400 0.000000 0.000000 0.000000 1.000000</float_array><technique_common><accessor source="#mixamorig_Head-Matrix-animation-output-transform-array" count="20" stride="16"><param type="float4x4"/></accessor></technique_common></source><source id="mixamorig_Head-Interpolations"><Name_array id="mixamorig_Head-Interpolations-array" count="20">
 LINEAR LINEAR LINEAR LINEAR LINEAR LINEAR LINEAR LINEAR LINEAR LINEAR LINEAR
LINEAR LINEAR LINEAR LINEAR LINEAR LINEAR LINEAR LINEAR LINEAR</Name_array><technique_common><accessor source="#mixamorig_Head-Interpolations-array" count="20"><param type="name"/></accessor></technique_common></source><sampler id="mixamorig_Head-Matrix-animation-transform"><input semantic="INPUT" source="#mixamorig_Head-Matrix-animation-input"/><input semantic="OUTPUT" source="#mixamorig_Head-Matrix-animation-output-transform"/><input semantic="INTERPOLATION" source="#mixamorig_Head-Interpolations"/></sampler><channel source="#mixamorig_Head-Matrix-animation-transform" target="mixamorig_Head/matrix"/></animation>
    <animation id="mixamorig_LeftShoulder-anim" name="mixamorig_LeftShoulder"><source id="mixamorig_LeftShoulder-Matrix-animation-input"><float_array id="mixamorig_LeftShoulder-Matrix-animation-input-array" count="20">

0.000000 0.033333 0.066667 0.100000 0.133333 0.166667 0.200000 0.233333 0.266667 0.300000 0.333333 0.366667 0.400000 0.433333 0.466667 0.500000
0.533333 0.566667 0.600000 0.633333</float_array><technique_common><accessor source="#mixamorig_LeftShoulder-Matrix-animation-input-array" count="20"><param name="TIME" type="float"/></accessor></technique_common></source><source id="mixamorig_LeftShoulder-Matrix-animation-output-transform"><float_array id="mixamorig_LeftShoulder-Matrix-animation-output-transform-array" count="320">

0.999567 0.006897 -0.028618 12.703900 -0.007471 0.999773 -0.019976 19.013800 0.028473 0.020182 0.999391 2.490000 0.000000 0.000000 0.000000 1.000000
0.999802 0.007302 -0.018484 12.703900 -0.007699 0.999739 -0.021501 19.013800 0.018322 0.021639 0.999598 2.490000 0.000000 0.000000 0.000000 1.000000
0.999881 0.007510 -0.013493 12.703900 -0.007809 0.999722 -0.022253 19.013800 0.013322 0.022355 0.999661 2.490000 0.000000 0.000000 0.000000 1.000000
0.999764 0.007031 -0.020544 12.703900 -0.007446 0.999768 -0.020210 19.013800 0.020397 0.020359 0.999585 2.490000 0.000000 0.000000 0.000000 1.000000
0.999619 0.006680 -0.026769 12.703900 -0.007182 0.999800 -0.018686 19.013800 0.026639 0.018871 0.999467 2.490000 0.000000 0.000000 0.000000 1.000000
0.999749 0.006691 -0.021399 12.703900 -0.007087 0.999804 -0.018473 19.013800 0.021271 0.018620 0.999600 2.490000 0.000000 0.000000 0.000000 1.000000
0.999843 0.006139 -0.016604 12.703900 -0.006392 0.999864 -0.015224 19.013800 0.016508 0.015327 0.999746 2.490000 0.000000 0.000000 0.000000 1.000000
0.999893 0.004923 -0.013777 12.703900 -0.005048 0.999946 -0.009040 19.013800 0.013732 0.009108 0.999864 2.490000 0.000000 0.000000 0.000000 1.000000
0.999843 0.003507 -0.017341 12.703900 -0.003559 0.999989 -0.002991 19.013800 0.017330 0.003052 0.999845 2.490000 0.000000 0.000000 0.000000 1.000000
0.998736 -0.005165 -0.049994 12.703900 0.004863 0.999969 -0.006167 19.013800 0.050024 0.005916 0.998730 2.490000 0.000000 0.000000 0.000000 1.000000
0.994418 -0.032995 -0.100225 12.703900 0.031320 0.999343 -0.018245 19.013800 0.100761 0.015004 0.994797 2.490000 0.000000 0.000000 0.000000 1.000000
0.986543 -0.071905 -0.146842 12.703900 0.067290 0.997078 -0.036162 19.013800 0.149013 0.025795 0.988499 2.490000 0.000000 0.000000 0.000000 1.000000
0.984434 -0.071397 -0.160600 12.703900 0.065108 0.996904 -0.044093 19.013800 0.163251 0.032950 0.986034 2.490000 0.000000 0.000000 0.000000 1.000000
0.990495 -0.028550 -0.134555 12.703900 0.023570 0.998982 -0.038464 19.013800 0.135516 0.034927 0.990159 2.490000 0.000000 0.000000 0.000000 1.000000
0.996524 0.006110 -0.083086 12.703900 -0.008784 0.999454 -0.031857 19.013800 0.082846 0.032477 0.996033 2.490000 0.000000 0.000000 0.000000 1.000000
0.999293 0.012867 -0.035314 12.703900 -0.013824 0.999540 -0.026987 19.013800 0.034951 0.027457 0.999012 2.490000 0.000000 0.000000 0.000000 1.000000
0.999856 0.013098 -0.010819 12.703900 -0.013345 0.999644 -0.023085 19.013800 0.010513 0.023226 0.999675 2.490000 0.000000 0.000000 0.000000 1.000000
0.999822 0.012545 -0.014114 12.703900 -0.012855 0.999672 -0.022128 19.013800 0.013831 0.022306 0.999656 2.490000 0.000000 0.000000 0.000000 1.000000
0.999617 0.010016 -0.025799 12.703900 -0.010587 0.999701 -0.022059 19.013800 0.025571 0.022324 0.999424 2.490000 0.000000 0.000000 0.000000 1.000000
0.999567 0.006900 -0.028617 12.703900 -0.007473 0.999773 -0.019976 19.013800 0.028473 0.020181 0.999391 2.490000 0.000000 0.000000 0.000000 1.000000</float_array><technique_common><accessor source="#mixamorig_LeftShoulder-Matrix-animation-output-transform-array" count="20" stride="16"><param type="float4x4"/></accessor></technique_common></source><source id="mixamorig_LeftShoulder-Interpolations"><Name_array id="mixamorig_LeftShoulder-Interpolations-array" count="20">
 LINEAR LINEAR LINEAR LINEAR LINEAR LINEAR LINEAR LINEAR LINEAR LINEAR LINEAR
LINEAR LINEAR LINEAR LINEAR LINEAR LINEAR LINEAR LINEAR LINEAR</Name_array><technique_common><accessor source="#mixamorig_LeftShoulder-Interpolations-array" count="20"><param type="name"/></accessor></technique_common></source><sampler id="mixamorig_LeftShoulder-Matrix-animation-transform"><input semantic="INPUT" source="#mixamorig_LeftShoulder-Matrix-animation-input"/><input semantic="OUTPUT" source="#mixamorig_LeftShoulder-Matrix-animation-output-transform"/><input semantic="INTERPOLATION" source="#mixamorig_LeftShoulder-Interpolations"/></sampler><channel source="#mixamorig_LeftShoulder-Matrix-animation-transform" target="mixamorig_LeftShoulder/matrix"/></animation>
    <animation id="mixamorig_LeftArm-anim" name="mixamorig_LeftArm"><source id="mixamorig_LeftArm-Matrix-animation-input"><float_array id="mixamorig_LeftArm-Matrix-animation-input-array" count="20">

0.000000 0.033333 0.066667 0.100000 0.133333 0.166667 0.200000 0.233333 0.266667 0.300000 0.333333 0.366667 0.400000 0.433333 0.466667 0.500000
0.533333 0.566667 0.600000 0.633333</float_array><technique_common><accessor source="#mixamorig_LeftArm-Matrix-animation-input-array" count="20"><param name="TIME" type="float"/></accessor></technique_common></source><source id="mixamorig_LeftArm-Matrix-animation-output-transform"><float_array id="mixamorig_LeftArm-Matrix-animation-output-transform-array" count="320">

0.886858 0.420560 0.191346 21.586901 -0.328401 0.282434 0.901324 1.007900 0.325018 -0.862184 0.388591 -3.635400 0.000000 0.000000 0.000000 1.000000
0.880672 0.438864 0.178368 21.586901 -0.320732 0.275271 0.906287 1.007900 0.348638 -0.855350 0.383181 -3.635400 0.000000 0.000000 0.000000 1.000000
0.863085 0.485935 0.137665 21.586901 -0.301160 0.276347 0.912653 1.007900 0.405446 -0.829156 0.384855 -3.635400 0.000000 0.000000 0.000000 1.000000
0.836222 0.542074 0.082995 21.586901 -0.273102 0.280406 0.920211 1.007900 0.475550 -0.792167 0.382523 -3.635400 0.000000 0.000000 0.000000 1.000000
0.812925 0.581096 0.038462 21.586901 -0.250721 0.289607 0.923724 1.007900 0.525634 -0.760562 0.381122 -3.635400 0.000000 0.000000 0.000000 1.000000
0.815426 0.578575 0.018219 21.586901 -0.245987 0.317852 0.915675 1.007900 0.523996 -0.751146 0.401507 -3.635400 0.000000 0.000000 0.000000 1.000000
0.831619 0.554959 0.020741 21.586901 -0.255169 0.348670 0.901841 1.007900 0.493253 -0.755281 0.431569 -3.635400 0.000000 0.000000 0.000000 1.000000
0.829119 0.558567 0.023751 21.586901 -0.260697 0.348692 0.900251 1.007900 0.494569 -0.752607 0.434724 -3.635400 0.000000 0.000000 0.000000 1.000000
0.815769 0.578348 0.005803 21.586901 -0.245192 0.336725 0.909119 1.007900 0.523833 -0.743055 0.416496 -3.635400 0.000000 0.000000 0.000000 1.000000
0.811582 0.584238 -0.001107 21.586901 -0.226303 0.316110 0.921337 1.007900 0.538630 -0.747489 0.388764 -3.635400 0.000000 0.000000 0.000000 1.000000
0.820268 0.571976 0.001967 21.586901 -0.214164 0.303939 0.928307 1.007900 0.530372 -0.761882 0.371809 -3.635400 0.000000 0.000000 0.000000 1.000000
0.835318 0.549750 0.004445 21.586901 -0.212677 0.315676 0.924725 1.007900 0.506964 -0.773385 0.380609 -3.635400 0.000000 0.000000 0.000000 1.000000
0.856927 0.515278 0.012834 21.586901 -0.222719 0.347706 0.910767 1.007900 0.464836 -0.783319 0.412721 -3.635400 0.000000 0.000000 0.000000 1.000000
0.882364 0.468705 0.041830 21.586901 -0.243134 0.377988 0.893314 1.007900 0.402889 -0.798399 0.447481 -3.635400 0.000000 0.000000 0.000000 1.000000
0.898143 0.424104 0.116081 21.586901 -0.294122 0.383223 0.875575 1.007900 0.326850 -0.820534 0.468928 -3.635400 0.000000 0.000000 0.000000 1.000000
0.895655 0.387199 0.218814 21.586901 -0.367703 0.367901 0.854075 1.007900 0.250194 -0.845415 0.471887 -3.635400 0.000000 0.000000 0.000000 1.000000
0.886412 0.356419 0.295364 21.586901 -0.419234 0.347602 0.838699 1.007900 0.196260 -0.867259 0.457541 -3.635400 0.000000 0.000000 0.000000 1.000000
0.888983 0.345662 0.300378 21.586901 -0.414716 0.329501 0.848198 1.007900 0.194214 -0.878605 0.436273 -3.635400 0.000000 0.000000 0.000000 1.000000
0.894909 0.367311 0.253418 21.586901 -0.374725 0.310173 0.873713 1.007900 0.242321 -0.876855 0.415218 -3.635400 0.000000 0.000000 0.000000 1.000000
0.886858 0.420560 0.191345 21.586901 -0.328400 0.282434 0.901324 1.007900 0.325018 -0.862184 0.388591 -3.635400 0.000000 0.000000 0.000000 1.000000</float_array><technique_common><accessor source="#mixamorig_LeftArm-Matrix-animation-output-transform-array" count="20" stride="16"><param type="float4x4"/></accessor></technique_common></source><source id="mixamorig_LeftArm-Interpolations"><Name_array id="mixamorig_LeftArm-Interpolations-array" count="20">
 LINEAR LINEAR LINEAR LINEAR LINEAR LINEAR LINEAR LINEAR LINEAR LINEAR LINEAR
LINEAR LINEAR LINEAR LINEAR LINEAR LINEAR LINEAR LINEAR LINEAR</Name_array><technique_common><accessor source="#mixamorig_LeftArm-Interpolations-array" count="20"><param type="name"/></accessor></technique_common></source><sampler id="mixamorig_LeftArm-Matrix-animation-transform"><input semantic="INPUT" source="#mixamorig_LeftArm-Matrix-animation-input"/><input semantic="OUTPUT" source="#mixamorig_LeftArm-Matrix-animation-output-transform"/><input semantic="INTERPOLATION" source="#mixamorig_LeftArm-Interpolations"/></sampler><channel source="#mixamorig_LeftArm-Matrix-animation-transform" target="mixamorig_LeftArm/matrix"/></animation>
    <animation id="mixamorig_LeftForeArm-anim" name="mixamorig_LeftForeArm"><source id="mixamorig_LeftForeArm-Matrix-animation-input"><float_array id="mixamorig_LeftForeArm-Matrix-animation-input-array" count="20">

0.000000 0.033333 0.066667 0.100000 0.133333 0.166667 0.200000 0.233333 0.266667 0.300000 0.333333 0.366667 0.400000 0.433333 0.466667 0.500000
0.533333 0.566667 0.600000 0.633333</float_array><technique_common><accessor source="#mixamorig_LeftForeArm-Matrix-animation-input-array" count="20"><param name="TIME" type="float"/></accessor></technique_common></source><source id="mixamorig_LeftForeArm-Matrix-animation-output-transform"><float_array id="mixamorig_LeftForeArm-Matrix-animation-output-transform-array" count="320">

-0.018247 0.087805 -0.995971 59.426201 -0.061529 0.994150 0.088771 1.061200 0.997939 0.062900 -0.012738 1.662400 0.000000 0.000000 0.000000 1.000000
-0.022658 0.077235 -0.996755 59.426201 -0.066663 0.994676 0.078589 1.061200 0.997518 0.068227 -0.017388 1.662400 0.000000 0.000000 0.000000 1.000000
-0.021547 0.042064 -0.998883 59.426201 -0.077575 0.996032 0.043617 1.061200 0.996754 0.078428 -0.018198 1.662400 0.000000 0.000000 0.000000 1.000000
-0.019220 -0.001668 -0.999814 59.426201 -0.091202 0.995832 0.000092 1.061200 0.995647 0.091186 -0.019292 1.662400 0.000000 0.000000 0.000000 1.000000
-0.017016 -0.037325 -0.999158 59.426201 -0.102823 0.994070 -0.035384 1.061200 0.994554 0.102135 -0.020753 1.662400 0.000000 0.000000 0.000000 1.000000
-0.019103 -0.035692 -0.999180 59.426201 -0.104150 0.993997 -0.033516 1.061200 0.994378 0.103425 -0.022706 1.662400 0.000000 0.000000 0.000000 1.000000
-0.021717 -0.010922 -0.999704 59.426201 -0.098440 0.995105 -0.008733 1.061200 0.994906 0.098221 -0.022686 1.662400 0.000000 0.000000 0.000000 1.000000
