<?xml version="1.0" encoding="utf-8"?>
<COLLADA xmlns="http://www.collada.org/2005/11/COLLADASchema" version="1.4.1">
  <asset><contributor><author>Mixamo</author><authoring_tool>COLLADA Mixamo exporter</authoring_tool><comments></comments></contributor><created>2018-02-10T11:48:35Z</created><modified>2018-02-10T11:48:35Z</modified><revision></revision><title></title><unit meter="0.010000"/><up_axis>Y_UP</up_axis></asset>
  <library_animations>
    <animation id="mixamorig_Hips-anim" name="mixamorig_Hips"><source id="mixamorig_Hips-Matrix-animation-input"><float_array id="mixamorig_Hips-Matrix-animation-input-array" count="21">

0.000000 0.033333 0.066667 0.100000 0.133333 0.166667 0.200000 0.233333 0.266667 0.300000 0.333333 0.366667 0.400000 0.433333 0.466667 0.500000
0.533333 0.566667 0.600000 0.633333 0.666667</float_array><technique_common><accessor source="#mixamorig_Hips-Matrix-animation-input-array" count="21"><param name="TIME" type="float"/></accessor></technique_common></source><source id="mixamorig_Hips-Matrix-animation-output-transform"><float_array id="mixamorig_Hips-Matrix-animation-output-transform-array" count="336">

0.984750 0.042335 -0.168746 0.244196 -0.079353 0.972468 -0.219108 190.797974 0.154824 0.229157 0.960998 -3.170960 0.000000 0.000000 0.000000 1.000000
0.980090 0.066779 -0.186989 -0.574525 -0.102824 0.976333 -0.190267 188.846024 0.169858 0.205706 0.963760 -18.894712 0.000000 0.000000 0.000000 1.000000
0.979062 0.070826 -0.190842 -1.193943 -0.101638 0.982380 -0.156839 187.792236 0.176371 0.172952 0.969010 -34.453365 0.000000 0.000000 0.000000 1.000000
0.980968 0.057348 -0.185508 -1.613033 -0.081429 0.988821 -0.124910 188.226837 0.176271 0.137638 0.974671 -50.381622 0.000000 0.000000 0.000000 1.000000
0.982795 0.037691 -0.180815 -1.769946 -0.057482 0.992757 -0.105495 190.620422 0.175529 0.114073 0.977843 -67.526787 0.000000 0.000000 0.000000 1.000000
0.981645 0.032267 -0.187967 -1.332549 -0.055001 0.991606 -0.117017 193.110504 0.182613 0.125208 0.975180 -86.362038 0.000000 0.000000 0.000000 1.000000
0.978280 0.038491 -0.203682 -0.372756 -0.070307 0.985976 -0.151354 194.523178 0.195000 0.162387 0.967267 -106.242477 0.000000 0.000000 0.000000 1.000000
0.973229 0.050337 -0.224257 0.807820 -0.094813 0.976760 -0.192226 194.729691 0.209369 0.208342 0.955384 -126.679138 0.000000 0.000000 0.000000 1.000000
0.966950 0.064688 -0.246625 2.059290 -0.123620 0.964928 -0.231587 192.716537 0.222995 0.254421 0.941033 -147.346954 0.000000 0.000000 0.000000 1.000000
0.965962 0.062098 -0.251119 2.676238 -0.126565 0.960086 -0.249434 188.938751 0.225606 0.272726 0.935266 -167.570480 0.000000 0.000000 0.000000 1.000000
0.971924 0.042820 -0.231365 2.791290 -0.102426 0.962243 -0.252186 185.226044 0.211831 0.268803 0.939613 -186.823502 0.000000 0.000000 0.000000 1.000000
0.979501 0.022210 -0.200211 2.688105 -0.070384 0.968994 -0.236849 182.025055 0.188742 0.246086 0.950693 -204.646561 0.000000 0.000000 0.000000 1.000000
0.983283 0.020941 -0.180876 2.603142 -0.055329 0.980757 -0.187228 180.445267 0.173475 0.194106 0.965520 -220.785004 0.000000 0.000000 0.000000 1.000000
0.982243 0.036620 -0.184003 2.700253 -0.061693 0.989268 -0.132446 181.510208 0.177179 0.141446 0.973961 -236.818024 0.000000 0.000000 0.000000 1.000000
0.978187 0.056712 -0.199834 3.015063 -0.079141 0.991201 -0.106096 184.582794 0.192059 0.119597 0.974069 -254.142242 0.000000 0.000000 0.000000 1.000000
0.969727 0.076716 -0.231827 3.463760 -0.104900 0.988180 -0.111786 189.213547 0.220511 0.132721 0.966313 -274.648529 0.000000 0.000000 0.000000 1.000000
0.961618 0.086648 -0.260353 3.588377 -0.123795 0.983779 -0.129824 193.388168 0.244880 0.157072 0.956746 -296.650208 0.000000 0.000000 0.000000 1.000000
0.961965 0.080750 -0.260964 3.094357 -0.127013 0.977984 -0.165576 195.413940 0.241849 0.192424 0.951043 -318.696899 0.000000 0.000000 0.000000 1.000000
0.969573 0.066608 -0.235565 2.187804 -0.116957 0.971384 -0.206723 195.016724 0.215054 0.227984 0.949618 -339.980011 0.000000 0.000000 0.000000 1.000000
0.978345 0.052954 -0.200093 1.172486 -0.098263 0.969662 -0.223831 193.054520 0.182169 0.238646 0.953867 -360.842804 0.000000 0.000000 0.000000 1.000000
0.984750 0.042335 -0.168746 0.244193 -0.079353 0.972468 -0.219107 190.797989 0.154824 0.229157 0.960998 -381.715607 0.000000 0.000000 0.000000 1.000000</float_array><technique_common><accessor source="#mixamorig_Hips-Matrix-animation-output-transform-array" count="21" stride="16"><param type="float4x4"/></accessor></technique_common></source><source id="mixamorig_Hips-Interpolations"><Name_array id="mixamorig_Hips-Interpolations-array" count="21">
 LINEAR LINEAR LINEAR LINEAR LINEAR LINEAR LINEAR LINEAR LINEAR LINEAR LINEAR
LINEAR LINEAR LINEAR LINEAR LINEAR LINEAR LINEAR LINEAR LINEAR LINEAR</Name_array><technique_common><accessor source="#mixamorig_Hips-Interpolations-array" count="21"><param type="name"/></accessor></technique_common></source><sampler id="mixamorig_Hips-Matrix-animation-transform"><input semantic="INPUT" source="#mixamorig_Hips-Matrix-animation-input"/><input semantic="OUTPUT" source="#mixamorig_Hips-Matrix-animation-output-transform"/><input semantic="INTERPOLATION" source="#mixamorig_Hips-Interpolations"/></sampler><channel source="#mixamorig_Hips-Matrix-animation-transform" target="mixamorig_Hips/matrix"/></animation>
    <animation id="mixamorig_Spine-anim" name="mixamorig_Spine"><source id="mixamorig_Spine-Matrix-animation-input"><float_array id="mixamorig_Spine-Matrix-animation-input-array" count="21">

0.000000 0.033333 0.066667 0.100000 0.133333 0.166667 0.200000 0.233333 0.266667 0.300000 0.333333 0.366667 0.400000 0.433333 0.466667 0.500000
0.533333 0.566667 0.600000 0.633333 0.666667</float_array><technique_common><accessor source="#mixamorig_Spine-Matrix-animation-input-array" count="21"><param name="TIME" type="float"/></accessor></technique_common></source><source id="mixamorig_Spine-Matrix-animation-output-transform"><float_array id="mixamorig_Spine-Matrix-animation-output-transform-array" count="336">

0.993961 -0.083849 0.070793 -0.057500 0.098997 0.963490 -0.248769 18.534300 -0.047349 0.254274 0.965972 -2.042900 0.000000 0.000000 0.000000 1.000000
0.992443 -0.102914 0.066825 -0.057500 0.116166 0.963420 -0.241511 18.534300 -0.039526 0.247448 0.968095 -2.042900 0.000000 0.000000 0.000000 1.000000
0.994188 -0.092180 0.055621 -0.057500 0.102393 0.969209 -0.223940 18.534300 -0.033266 0.228334 0.973014 -2.042900 0.000000 0.000000 0.000000 1.000000
0.997603 -0.060172 0.034182 -0.057500 0.065819 0.977568 -0.200072 18.534300 -0.021377 0.201842 0.979185 -2.042900 0.000000 0.000000 0.000000 1.000000
0.999784 -0.020558 0.003145 -0.057500 0.020790 0.983818 -0.177959 18.534300 0.000565 0.177986 0.984033 -2.042900 0.000000 0.000000 0.000000 1.000000
0.999880 -0.000585 -0.015461 -0.057500 -0.001816 0.987941 -0.154817 18.534300 0.015365 0.154827 0.987822 -2.042900 0.000000 0.000000 0.000000 1.000000
0.999842 -0.005784 -0.016822 -0.057500 0.003684 0.992492 -0.122255 18.534300 0.017402 0.122173 0.992356 -2.042900 0.000000 0.000000 0.000000 1.000000
0.999716 -0.022985 -0.006288 -0.057500 0.022383 0.996282 -0.083200 18.534300 0.008177 0.083035 0.996513 -2.042900 0.000000 0.000000 0.000000 1.000000
0.998836 -0.044701 0.018110 -0.057500 0.045498 0.997892 -0.046285 18.534300 -0.016003 0.047055 0.998764 -2.042900 0.000000 0.000000 0.000000 1.000000
0.998391 -0.025513 0.050632 -0.057500 0.028434 0.997921 -0.057831 18.534300 -0.049051 0.059178 0.997042 -2.042900 0.000000 0.000000 0.000000 1.000000
0.996540 0.023446 0.079736 -0.057500 -0.016851 0.996458 -0.082389 18.534300 -0.081385 0.080760 0.993405 -2.042900 0.000000 0.000000 0.000000 1.000000
0.992703 0.066306 0.100722 -0.057500 -0.056704 0.993825 -0.095379 18.534300 -0.106424 0.088971 0.990332 -2.042900 0.000000 0.000000 0.000000 1.000000
0.991163 0.068295 0.113714 -0.057500 -0.054758 0.991481 -0.118186 18.534300 -0.120817 0.110915 0.986459 -2.042900 0.000000 0.000000 0.000000 1.000000
0.991541 0.032907 0.125551 -0.057500 -0.014460 0.989311 -0.145101 18.534300 -0.128984 0.142058 0.981419 -2.042900 0.000000 0.000000 0.000000 1.000000
0.990362 -0.015987 0.137579 -0.057500 0.037356 0.987337 -0.154176 18.534300 -0.133372 0.157829 0.978418 -2.042900 0.000000 0.000000 0.000000 1.000000
0.987202 -0.054856 0.149741 -0.057500 0.083605 0.977621 -0.193046 18.534300 -0.135800 0.203095 0.969696 -2.042900 0.000000 0.000000 0.000000 1.000000
0.985090 -0.070198 0.157068 -0.057500 0.107437 0.964073 -0.242940 18.534300 -0.134372 0.256193 0.957241 -2.042900 0.000000 0.000000 0.000000 1.000000
0.986365 -0.075061 0.146460 -0.057500 0.109403 0.963887 -0.242803 18.534300 -0.122946 0.255516 0.958956 -2.042900 0.000000 0.000000 0.000000 1.000000
0.988924 -0.086205 0.120823 -0.057500 0.109389 0.973515 -0.200754 18.534300 -0.100317 0.211747 0.972162 -2.042900 0.000000 0.000000 0.000000 1.000000
0.991712 -0.087685 0.093909 -0.057500 0.105235 0.973680 -0.202170 18.534300 -0.073710 0.210377 0.974838 -2.042900 0.000000 0.000000 0.000000 1.000000
0.993961 -0.083850 0.070792 -0.057500 0.098997 0.963489 -0.248773 18.534300 -0.047348 0.254279 0.965971 -2.042900 0.000000 0.000000 0.000000 1.000000</float_array><technique_common><accessor source="#mixamorig_Spine-Matrix-animation-output-transform-array" count="21" stride="16"><param type="float4x4"/></accessor></technique_common></source><source id="mixamorig_Spine-Interpolations"><Name_array id="mixamorig_Spine-Interpolations-array" count="21">
 LINEAR LINEAR LINEAR LINEAR LINEAR LINEAR LINEAR LINEAR LINEAR LINEAR LINEAR
LINEAR LINEAR LINEAR LINEAR LINEAR LINEAR LINEAR LINEAR LINEAR LINEAR</Name_array><technique_common><accessor source="#mixamorig_Spine-Interpolations-array" count="21"><param type="name"/></accessor></technique_common></source><sampler id="mixamorig_Spine-Matrix-animation-transform"><input semantic="INPUT" source="#mixamorig_Spine-Matrix-animation-input"/><input semantic="OUTPUT" source="#mixamorig_Spine-Matrix-animation-output-transform"/><input semantic="INTERPOLATION" source="#mixamorig_Spine-Interpolations"/></sampler><channel source="#mixamorig_Spine-Matrix-animation-transform" target="mixamorig_Spine/matrix"/></animation>
    <animation id="mixamorig_Spine1-anim" name="mixamorig_Spine1"><source id="mixamorig_Spine1-Matrix-animation-input"><float_array id="mixamorig_Spine1-Matrix-animation-input-array" count="21">

0.000000 0.033333 0.066667 0.100000 0.133333 0.166667 0.200000 0.233333 0.266667 0.300000 0.333333 0.366667 0.400000 0.433333 0.466667 0.500000
0.533333 0.566667 0.600000 0.633333 0.666667</float_array><technique_common><accessor source="#mixamorig_Spine1-Matrix-animation-input-array" count="21"><param name="TIME" type="float"/></accessor></technique_common></source><source id="mixamorig_Spine1-Matrix-animation-output-transform"><float_array id="mixamorig_Spine1-Matrix-animation-output-transform-array" count="336">

0.996432 -0.055875 -0.063250 0.305500 0.042092 0.978606 -0.201393 19.736099 0.073150 0.198012 0.977466 -0.783400 0.000000 0.000000 0.000000 1.000000
0.995711 -0.064946 -0.065898 0.305500 0.049195 0.974835 -0.217433 19.736099 0.078361 0.213259 0.973848 -0.783400 0.000000 0.000000 0.000000 1.000000
0.994119 -0.079178 -0.073882 0.305500 0.059888 0.970367 -0.234097 19.736099 0.090228 0.228295 0.969402 -0.783400 0.000000 0.000000 0.000000 1.000000
0.991636 -0.092225 -0.090291 0.305500 0.067438 0.966722 -0.246782 19.736099 0.110046 0.238629 0.964855 -0.783400 0.000000 0.000000 0.000000 1.000000
0.988687 -0.095057 -0.116030 0.305500 0.063660 0.966349 -0.249231 19.736099 0.135816 0.239025 0.961468 -0.783400 0.000000 0.000000 0.000000 1.000000
0.987104 -0.091211 -0.131554 0.305500 0.056025 0.966664 -0.249845 19.736099 0.149957 0.239253 0.959308 -0.783400 0.000000 0.000000 0.000000 1.000000
0.987743 -0.084529 -0.131219 0.305500 0.048360 0.965032 -0.257634 19.736099 0.148408 0.248131 0.957291 -0.783400 0.000000 0.000000 0.000000 1.000000
0.990033 -0.073400 -0.120196 0.305500 0.038548 0.962088 -0.270000 19.736099 0.135457 0.262675 0.955329 -0.783400 0.000000 0.000000 0.000000 1.000000
0.993588 -0.058702 -0.096623 0.305500 0.029155 0.958769 -0.282687 19.736099 0.109233 0.278058 0.954333 -0.783400 0.000000 0.000000 0.000000 1.000000
0.996027 -0.056173 -0.069103 0.305500 0.035261 0.961314 -0.273189 19.736099 0.081776 0.269666 0.959475 -0.783400 0.000000 0.000000 0.000000 1.000000
0.996955 -0.062491 -0.046652 0.305500 0.048257 0.964288 -0.260422 19.736099 0.061260 0.257378 0.964367 -0.783400 0.000000 0.000000 0.000000 1.000000
0.997482 -0.064780 -0.028856 0.305500 0.055186 0.964613 -0.257829 19.736099 0.044537 0.255588 0.965760 -0.783400 0.000000 0.000000 0.000000 1.000000
0.998567 -0.052068 -0.012340 0.305500 0.047202 0.965738 -0.255189 19.736099 0.025204 0.254241 0.966812 -0.783400 0.000000 0.000000 0.000000 1.000000
0.999522 -0.030660 0.004074 0.305500 0.030724 0.969020 -0.245063 19.736099 0.003566 0.245071 0.969499 -0.783400 0.000000 0.000000 0.000000 1.000000
0.999760 -0.010979 0.018957 0.305500 0.015200 0.970806 -0.239385 19.736099 -0.015775 0.239616 0.970740 -0.783400 0.000000 0.000000 0.000000 1.000000
0.999498 0.000954 0.031662 0.305500 0.006200 0.974319 -0.225088 19.736099 -0.031063 0.225171 0.973824 -0.783400 0.000000 0.000000 0.000000 1.000000
0.999335 0.001211 0.036454 0.305500 0.006448 0.977843 -0.209241 19.736099 -0.035900 0.209337 0.977184 -0.783400 0.000000 0.000000 0.000000 1.000000
0.999633 -0.010295 0.025060 0.305500 0.015395 0.976983 -0.212760 19.736099 -0.022293 0.213067 0.976783 -0.783400 0.000000 0.000000 0.000000 1.000000
0.999703 -0.024382 -0.000041 0.305500 0.023726 0.973203 -0.228720 19.736099 0.005617 0.228651 0.973492 -0.783400 0.000000 0.000000 0.000000 1.000000
0.998684 -0.040471 -0.031492 0.305500 0.032380 0.973888 -0.224707 19.736099 0.039764 0.223392 0.973917 -0.783400 0.000000 0.000000 0.000000 1.000000
0.996432 -0.055875 -0.063250 0.305500 0.042092 0.978606 -0.201393 19.736099 0.073150 0.198012 0.977466 -0.783400 0.000000 0.000000 0.000000 1.000000</float_array><technique_common><accessor source="#mixamorig_Spine1-Matrix-animation-output-transform-array" count="21" stride="16"><param type="float4x4"/></accessor></technique_common></source><source id="mixamorig_Spine1-Interpolations"><Name_array id="mixamorig_Spine1-Interpolations-array" count="21">
 LINEAR LINEAR LINEAR LINEAR LINEAR LINEAR LINEAR LINEAR LINEAR LINEAR LINEAR
LINEAR LINEAR LINEAR LINEAR LINEAR LINEAR LINEAR LINEAR LINEAR LINEAR</Name_array><technique_common><accessor source="#mixamorig_Spine1-Interpolations-array" count="21"><param type="name"/></accessor></technique_common></source><sampler id="mixamorig_Spine1-Matrix-animation-transform"><input semantic="INPUT" source="#mixamorig_Spine1-Matrix-animation-input"/><input semantic="OUTPUT" source="#mixamorig_Spine1-Matrix-animation-output-transform"/><input semantic="INTERPOLATION" source="#mixamorig_Spine1-Interpolations"/></sampler><channel source="#mixamorig_Spine1-Matrix-animation-transform" target="mixamorig_Spine1/matrix"/></animation>
    <animation id="mixamorig_Spine2-anim" name="mixamorig_Spine2"><source id="mixamorig_Spine2-Matrix-animation-input"><float_array id="mixamorig_Spine2-Matrix-animation-input-array" count="21">

0.000000 0.033333 0.066667 0.100000 0.133333 0.166667 0.200000 0.233333 0.266667 0.300000 0.333333 0.366667 0.400000 0.433333 0.466667 0.500000
0.533333 0.566667 0.600000 0.633333 0.666667</float_array><technique_common><accessor source="#mixamorig_Spine2-Matrix-animation-input-array" count="21"><param name="TIME" type="float"/></accessor></technique_common></source><source id="mixamorig_Spine2-Matrix-animation-output-transform"><float_array id="mixamorig_Spine2-Matrix-animation-output-transform-array" count="336">

0.997071 -0.073762 -0.020213 0.152700 0.073779 0.997275 0.000079 25.612801 0.020152 -0.001570 0.999796 -0.124700 0.000000 0.000000 0.000000 1.000000
0.996289 -0.082991 -0.022841 0.152700 0.082618 0.996439 -0.016827 25.612801 0.024156 0.014878 0.999597 -0.124700 0.000000 0.000000 0.000000 1.000000
0.994732 -0.097594 -0.031359 0.152700 0.096478 0.994708 -0.035315 25.612801 0.034639 0.032104 0.998884 -0.124700 0.000000 0.000000 0.000000 1.000000
0.992617 -0.111203 -0.048431 0.152700 0.108740 0.992769 -0.050838 25.612801 0.053734 0.045197 0.997532 -0.124700 0.000000 0.000000 0.000000 1.000000
0.990607 -0.114706 -0.074437 0.152700 0.110628 0.992239 -0.056778 25.612801 0.080372 0.048010 0.995608 -0.124700 0.000000 0.000000 0.000000 1.000000
0.989701 -0.110825 -0.090603 0.152700 0.105731 0.992630 -0.059220 25.612801 0.096498 0.049031 0.994125 -0.124700 0.000000 0.000000 0.000000 1.000000
0.990401 -0.103259 -0.091884 0.152700 0.097346 0.993015 -0.066671 25.612801 0.098127 0.057087 0.993535 -0.124700 0.000000 0.000000 0.000000 1.000000
0.992357 -0.091114 -0.083217 0.152700 0.084718 0.993394 -0.077404 25.612801 0.089720 0.069762 0.993521 -0.124700 0.000000 0.000000 0.000000 1.000000
0.995162 -0.075791 -0.062518 0.152700 0.070192 0.993702 -0.087349 25.612801 0.068745 0.082538 0.994214 -0.124700 0.000000 0.000000 0.000000 1.000000
0.996592 -0.074063 -0.036326 0.152700 0.071178 0.994628 -0.075160 25.612801 0.041697 0.072318 0.996510 -0.124700 0.000000 0.000000 0.000000 1.000000
0.996571 -0.081471 -0.014470 0.152700 0.080459 0.994926 -0.060407 25.612801 0.019318 0.059036 0.998069 -0.124700 0.000000 0.000000 0.000000 1.000000
0.996434 -0.084342 0.002557 0.152700 0.084352 0.994839 -0.056391 25.612801 0.002213 0.056406 0.998405 -0.124700 0.000000 0.000000 0.000000 1.000000
0.997285 -0.071251 0.018581 0.152700 0.072138 0.996015 -0.052435 25.612801 -0.014771 0.053633 0.998451 -0.124700 0.000000 0.000000 0.000000 1.000000
0.998184 -0.049125 0.034864 0.152700 0.050559 0.997858 -0.041518 25.612801 -0.032750 0.043205 0.998529 -0.124700 0.000000 0.000000 0.000000 1.000000
0.998372 -0.028734 0.049266 0.152700 0.030547 0.998868 -0.036455 25.612801 -0.048163 0.037901 0.998120 -0.124700 0.000000 0.000000 0.000000 1.000000
0.997984 -0.014784 0.061714 0.152700 0.016251 0.999595 -0.023342 25.612801 -0.061344 0.024298 0.997821 -0.124700 0.000000 0.000000 0.000000 1.000000
0.997671 -0.012511 0.067051 0.152700 0.013061 0.999884 -0.007782 25.612801 -0.066946 0.008639 0.997719 -0.124700 0.000000 0.000000 0.000000 1.000000
0.998070 -0.024954 0.056867 0.152700 0.025600 0.999615 -0.010659 25.612801 -0.056579 0.012094 0.998325 -0.124700 0.000000 0.000000 0.000000 1.000000
0.998585 -0.041425 0.033351 0.152700 0.042322 0.998749 -0.026643 25.612801 -0.032206 0.028016 0.999089 -0.124700 0.000000 0.000000 0.000000 1.000000
0.998281 -0.058327 0.005789 0.152700 0.058445 0.998028 -0.022898 25.612801 -0.004442 0.023197 0.999721 -0.124700 0.000000 0.000000 0.000000 1.000000
0.997071 -0.073762 -0.020213 0.152700 0.073778 0.997275 0.000078 25.612801 0.020152 -0.001569 0.999796 -0.124700 0.000000 0.000000 0.000000 1.000000</float_array><technique_common><accessor source="#mixamorig_Spine2-Matrix-animation-output-transform-array" count="21" stride="16"><param type="float4x4"/></accessor></technique_common></source><source id="mixamorig_Spine2-Interpolations"><Name_array id="mixamorig_Spine2-Interpolations-array" count="21">
 LINEAR LINEAR LINEAR LINEAR LINEAR LINEAR LINEAR LINEAR LINEAR LINEAR LINEAR
LINEAR LINEAR LINEAR LINEAR LINEAR LINEAR LINEAR LINEAR LINEAR LINEAR</Name_array><technique_common><accessor source="#mixamorig_Spine2-Interpolations-array" count="21"><param type="name"/></accessor></technique_common></source><sampler id="mixamorig_Spine2-Matrix-animation-transform"><input semantic="INPUT" source="#mixamorig_Spine2-Matrix-animation-input"/><input semantic="OUTPUT" source="#mixamorig_Spine2-Matrix-animation-output-transform"/><input semantic="INTERPOLATION" source="#mixamorig_Spine2-Interpolations"/></sampler><channel source="#mixamorig_Spine2-Matrix-animation-transform" target="mixamorig_Spine2/matrix"/></animation>
    <animation id="mixamorig_Neck-anim" name="mixamorig_Neck"><source id="mixamorig_Neck-Matrix-animation-input"><float_array id="mixamorig_Neck-Matrix-animation-input-array" count="21">

0.000000 0.033333 0.066667 0.100000 0.133333 0.166667 0.200000 0.233333 0.266667 0.300000 0.333333 0.366667 0.400000 0.433333 0.466667 0.500000
0.533333 0.566667 0.600000 0.633333 0.666667</float_array><technique_common><accessor source="#mixamorig_Neck-Matrix-animation-input-array" count="21"><param name="TIME" type="float"/></accessor></technique_common></source><source id="mixamorig_Neck-Matrix-animation-output-transform"><float_array id="mixamorig_Neck-Matrix-animation-output-transform-array" count="336">

0.982922 0.146377 0.111528 0.879800 -0.167747 0.961890 0.215936 30.689800 -0.075669 -0.230957 0.970017 2.800200 0.000000 0.000000 0.000000 1.000000
0.976775 0.168469 0.132393 0.879800 -0.195927 0.952383 0.233620 30.689800 -0.086731 -0.254134 0.963272 2.800200 0.000000 0.000000 0.000000 1.000000
0.969076 0.196966 0.148649 0.879800 -0.224662 0.953416 0.201306 30.689800 -0.102074 -0.228476 0.968184 2.800200 0.000000 0.000000 0.000000 1.000000
0.960631 0.225958 0.161652 0.879800 -0.245977 0.962218 0.116751 30.689800 -0.129164 -0.151917 0.979917 2.800200 0.000000 0.000000 0.000000 1.000000
0.952956 0.247378 0.175154 0.879800 -0.250269 0.968159 -0.005741 30.689800 -0.170998 -0.038365 0.984524 2.800200 0.000000 0.000000 0.000000 1.000000
0.950593 0.247136 0.187874 0.879800 -0.236470 0.968537 -0.077570 30.689800 -0.201133 0.029311 0.979125 2.800200 0.000000 0.000000 0.000000 1.000000
0.954432 0.226129 0.194743 0.879800 -0.214353 0.973487 -0.079844 30.689800 -0.207635 0.034462 0.977599 2.800200 0.000000 0.000000 0.000000 1.000000
0.961539 0.195226 0.193206 0.879800 -0.190855 0.980754 -0.041172 30.689800 -0.197526 0.002714 0.980294 2.800200 0.000000 0.000000 0.000000 1.000000
0.970988 0.158769 0.178813 0.879800 -0.167328 0.985323 0.033750 30.689800 -0.170830 -0.062691 0.983304 2.800200 0.000000 0.000000 0.000000 1.000000
0.977762 0.136298 0.159387 0.879800 -0.152337 0.983933 0.093115 30.689800 -0.144135 -0.115324 0.982815 2.800200 0.000000 0.000000 0.000000 1.000000
0.982635 0.118272 0.142969 0.879800 -0.139405 0.979085 0.148185 30.689800 -0.122453 -0.165543 0.978571 2.800200 0.000000 0.000000 0.000000 1.000000
0.987857 0.094048 0.123664 0.879800 -0.117546 0.972908 0.199080 30.689800 -0.101591 -0.211199 0.972149 2.800200 0.000000 0.000000 0.000000 1.000000
0.993515 0.068870 0.090472 0.879800 -0.085870 0.976027 0.199992 30.689800 -0.074529 -0.206464 0.975612 2.800200 0.000000 0.000000 0.000000 1.000000
0.996983 0.061199 0.047749 0.879800 -0.067316 0.987965 0.139263 30.689800 -0.038652 -0.142057 0.989104 2.800200 0.000000 0.000000 0.000000 1.000000
0.998037 0.060966 0.014357 0.879800 -0.062029 0.993859 0.091628 30.689800 -0.008683 -0.092338 0.995690 2.800200 0.000000 0.000000 0.000000 1.000000
0.996896 0.078384 0.007324 0.879800 -0.078724 0.993096 0.086967 30.689800 -0.000456 -0.087274 0.996184 2.800200 0.000000 0.000000 0.000000 1.000000
0.993962 0.108221 0.018131 0.879800 -0.109509 0.988787 0.101524 30.689800 -0.006941 -0.102897 0.994668 2.800200 0.000000 0.000000 0.000000 1.000000
0.989938 0.134974 0.042493 0.879800 -0.139521 0.981119 0.133941 30.689800 -0.023612 -0.138522 0.990078 2.800200 0.000000 0.000000 0.000000 1.000000
0.986682 0.147085 0.069466 0.879800 -0.157353 0.971285 0.178453 30.689800 -0.041224 -0.187007 0.981493 2.800200 0.000000 0.000000 0.000000 1.000000
0.984387 0.149502 0.092903 0.879800 -0.166011 0.963992 0.207747 30.689800 -0.058499 -0.219927 0.973761 2.800200 0.000000 0.000000 0.000000 1.000000
0.982916 0.146427 0.111512 0.879800 -0.167781 0.961912 0.215810 30.689800 -0.075664 -0.230833 0.970047 2.800200 0.000000 0.000000 0.000000 1.000000</float_array><technique_common><accessor source="#mixamorig_Neck-Matrix-animation-output-transform-array" count="21" stride="16"><param type="float4x4"/></accessor></technique_common></source><source id="mixamorig_Neck-Interpolations"><Name_array id="mixamorig_Neck-Interpolations-array" count="21">
 LINEAR LINEAR LINEAR LINEAR LINEAR LINEAR LINEAR LINEAR LINEAR LINEAR LINEAR
LINEAR LINEAR LINEAR LINEAR LINEAR LINEAR LINEAR LINEAR LINEAR LINEAR</Name_array><technique_common><accessor source="#mixamorig_Neck-Interpolations-array" count="21"><param type="name"/></accessor></technique_common></source><sampler id="mixamorig_Neck-Matrix-animation-transform"><input semantic="INPUT" source="#mixamorig_Neck-Matrix-animation-input"/><input semantic="OUTPUT" source="#mixamorig_Neck-Matrix-animation-output-transform"/><input semantic="INTERPOLATION" source="#mixamorig_Neck-Interpolations"/></sampler><channel source="#mixamorig_Neck-Matrix-animation-transform" target="mixamorig_Neck/matrix"/></animation>
    <animation id="mixamorig_Head-anim" name="mixamorig_Head"><source id="mixamorig_Head-Matrix-animation-input"><float_array id="mixamorig_Head-Matrix-animation-input-array" count="21">

0.000000 0.033333 0.066667 0.100000 0.133333 0.166667 0.200000 0.233333 0.266667 0.300000 0.333333 0.366667 0.400000 0.433333 0.466667 0.500000
0.533333 0.566667 0.600000 0.633333 0.666667</float_array><technique_common><accessor source="#mixamorig_Head-Matrix-animation-input-array" count="21"><param name="TIME" type="float"/></accessor></technique_common></source><source id="mixamorig_Head-Matrix-animation-output-transform"><float_array id="mixamorig_Head-Matrix-animation-output-transform-array" count="336">

0.993116 0.013447 0.116363 0.154400 -0.052774 0.938222 0.341985 19.089399 -0.104575 -0.345772 0.932473 6.327400 0.000000 0.000000 0.000000 1.000000
0.992561 0.007748 0.121499 0.154400 -0.048480 0.940591 0.336064 19.089399 -0.111677 -0.339455 0.933969 6.327400 0.000000 0.000000 0.000000 1.000000
0.992589 -0.006907 0.121326 0.154400 -0.036830 0.934329 0.354504 19.089399 -0.115807 -0.356345 0.927150 6.327400 0.000000 0.000000 0.000000 1.000000
0.991097 -0.028984 0.129952 0.154400 -0.025263 0.917352 0.397276 19.089399 -0.130726 -0.397021 0.908452 6.327400 0.000000 0.000000 0.000000 1.000000
0.986080 -0.055187 0.156848 0.154400 -0.022675 0.889871 0.455649 19.089399 -0.164721 -0.452862 0.876232 6.327400 0.000000 0.000000 0.000000 1.000000
0.981268 -0.067860 0.180301 0.154400 -0.030282 0.869939 0.492228 19.089399 -0.190254 -0.488468 0.851589 6.327400 0.000000 0.000000 0.000000 1.000000
0.980193 -0.063467 0.187602 0.154400 -0.040027 0.864227 0.501507 19.089399 -0.193959 -0.499083 0.844569 6.327400 0.000000 0.000000 0.000000 1.000000
0.982450 -0.049661 0.179794 0.154400 -0.045842 0.870059 0.490812 19.089399 -0.180805 -0.490440 0.852513 6.327400 0.000000 0.000000 0.000000 1.000000
0.988249 -0.028075 0.150253 0.154400 -0.044339 0.888069 0.457567 19.089399 -0.146281 -0.458852 0.876388 6.327400 0.000000 0.000000 0.000000 1.000000
0.994539 -0.012490 0.103614 0.154400 -0.032927 0.904552 0.425091 19.089399 -0.099034 -0.426181 0.899201 6.327400 0.000000 0.000000 0.000000 1.000000
0.998255 -0.002902 0.058972 0.154400 -0.020237 0.921475 0.387911 19.089399 -0.055467 -0.388428 0.919808 6.327400 0.000000 0.000000 0.000000 1.000000
0.999593 0.007549 0.027514 0.154400 -0.016543 0.939056 0.343366 19.089399 -0.023245 -0.343682 0.938799 6.327400 0.000000 0.000000 0.000000 1.000000
0.999743 0.019472 0.011575 0.154400 -0.022156 0.946938 0.320651 19.089399 -0.004717 -0.320826 0.947127 6.327400 0.000000 0.000000 0.000000 1.000000
0.999752 0.022123 -0.002419 0.154400 -0.019980 0.940098 0.340318 19.089399 0.009802 -0.340185 0.940307 6.327400 0.000000 0.000000 0.000000 1.000000
0.999609 0.025793 -0.010835 0.154400 -0.020133 0.932145 0.361525 19.089399 0.019425 -0.361166 0.932299 6.327400 0.000000 0.000000 0.000000 1.000000
0.999530 0.029064 -0.009762 0.154400 -0.023360 0.928151 0.371470 19.089399 0.019857 -0.371068 0.928394 6.327400 0.000000 0.000000 0.000000 1.000000
0.999565 0.029333 0.003212 0.154400 -0.028418 0.927613 0.372460 19.089399 0.007946 -0.372389 0.928043 6.327400 0.000000 0.000000 0.000000 1.000000
0.999013 0.029208 0.033460 0.154400 -0.039251 0.933132 0.357385 19.089399 -0.020784 -0.358346 0.933358 6.327400 0.000000 0.000000 0.000000 1.000000
0.997524 0.024470 0.065937 0.154400 -0.045781 0.937623 0.344627 19.089399 -0.053391 -0.346793 0.936421 6.327400 0.000000 0.000000 0.000000 1.000000
0.995530 0.017159 0.092877 0.154400 -0.047715 0.940016 0.337776 19.089399 -0.081510 -0.340698 0.936633 6.327400 0.000000 0.000000 0.000000 1.000000
0.993118 0.013416 0.116345 0.154400 -0.052752 0.938178 0.342109 19.089399 -0.104562 -0.345892 0.932430 6.327400 0.000000 0.000000 0.000000 1.000000</float_array><technique_common><accessor source="#mixamorig_Head-Matrix-animation-output-transform-array" count="21" stride="16"><param type="float4x4"/></accessor></technique_common></source><source id="mixamorig_Head-Interpolations"><Name_array id="mixamorig_Head-Interpolations-array" count="21">
 LINEAR LINEAR LINEAR LINEAR LINEAR LINEAR LINEAR LINEAR LINEAR LINEAR LINEAR
LINEAR LINEAR LINEAR LINEAR LINEAR LINEAR LINEAR LINEAR LINEAR LINEAR</Name_array><technique_common><accessor source="#mixamorig_Head-Interpolations-array" count="21"><param type="name"/></accessor></technique_common></source><sampler id="mixamorig_Head-Matrix-animation-transform"><input semantic="INPUT" source="#mixamorig_Head-Matrix-animation-input"/><input semantic="OUTPUT" source="#mixamorig_Head-Matrix-animation-output-transform"/><input semantic="INTERPOLATION" source="#mixamorig_Head-Interpolations"/></sampler><channel source="#mixamorig_Head-Matrix-animation-transform" target="mixamorig_Head/matrix"/></animation>
    <animation id="mixamorig_LeftShoulder-anim" name="mixamorig_LeftShoulder"><source id="mixamorig_LeftShoulder-Matrix-animation-input"><float_array id="mixamorig_LeftShoulder-Matrix-animation-input-array" count="21">

0.000000 0.033333 0.066667 0.100000 0.133333 0.166667 0.200000 0.233333 0.266667 0.300000 0.333333 0.366667 0.400000 0.433333 0.466667 0.500000
0.533333 0.566667 0.600000 0.633333 0.666667</float_array><technique_common><accessor source="#mixamorig_LeftShoulder-Matrix-animation-input-array" count="21"><param name="TIME" type="float"/></accessor></technique_common></source><source id="mixamorig_LeftShoulder-Matrix-animation-output-transform"><float_array id="mixamorig_LeftShoulder-Matrix-animation-output-transform-array" count="336">

0.942114 -0.217233 -0.255404 12.703900 0.204425 0.975927 -0.076006 19.013800 0.265766 0.019395 0.963842 2.490000 0.000000 0.000000 0.000000 1.000000
0.939712 -0.236008 -0.247469 12.703900 0.222885 0.971541 -0.080186 19.013800 0.259351 0.020195 0.965572 2.490000 0.000000 0.000000 0.000000 1.000000
0.936888 -0.253740 -0.240533 12.703900 0.240274 0.967041 -0.084259 19.013800 0.253985 0.021147 0.966977 2.490000 0.000000 0.000000 0.000000 1.000000
0.933854 -0.264531 -0.240707 12.703900 0.250037 0.964094 -0.089463 19.013800 0.255730 0.023360 0.966466 2.490000 0.000000 0.000000 0.000000 1.000000
0.930712 -0.268408 -0.248461 12.703900 0.252002 0.962927 -0.096259 19.013800 0.265086 0.026977 0.963847 2.490000 0.000000 0.000000 0.000000 1.000000
0.928030 -0.269098 -0.257579 12.703900 0.250649 0.962625 -0.102612 19.013800 0.275565 0.030665 0.960793 2.490000 0.000000 0.000000 0.000000 1.000000
0.926675 -0.267059 -0.264486 12.703900 0.247113 0.963098 -0.106664 19.013800 0.283212 0.033485 0.958473 2.490000 0.000000 0.000000 0.000000 1.000000
0.929746 -0.257273 -0.263404 12.703900 0.237976 0.965763 -0.103291 19.013800 0.280960 0.033351 0.959140 2.490000 0.000000 0.000000 0.000000 1.000000
0.936455 -0.238183 -0.257530 12.703900 0.221214 0.970741 -0.093414 19.013800 0.272244 0.030509 0.961744 2.490000 0.000000 0.000000 0.000000 1.000000
0.944170 -0.215486 -0.249215 12.703900 0.201316 0.976144 -0.081334 19.013800 0.260796 0.026622 0.965027 2.490000 0.000000 0.000000 0.000000 1.000000
0.952176 -0.188596 -0.240399 12.703900 0.177394 0.981814 -0.067618 19.013800 0.248780 0.021739 0.968316 2.490000 0.000000 0.000000 0.000000 1.000000
0.960235 -0.152266 -0.234018 12.703900 0.144350 0.988227 -0.050693 19.013800 0.238982 0.014897 0.970910 2.490000 0.000000 0.000000 0.000000 1.000000
0.967490 -0.093825 -0.234862 12.703900 0.090377 0.995583 -0.025427 19.013800 0.236211 0.003374 0.971696 2.490000 0.000000 0.000000 0.000000 1.000000
0.970601 -0.045695 -0.236319 12.703900 0.046582 0.998913 -0.001829 19.013800 0.236146 -0.009233 0.971674 2.490000 0.000000 0.000000 0.000000 1.000000
0.973630 -0.045885 -0.223469 12.703900 0.048121 0.998831 0.004567 19.013800 0.222999 -0.015200 0.974700 2.490000 0.000000 0.000000 0.000000 1.000000
0.973232 -0.081667 -0.214827 12.703900 0.081018 0.996642 -0.011838 19.013800 0.215072 -0.005884 0.976580 2.490000 0.000000 0.000000 0.000000 1.000000
0.966263 -0.120433 -0.227665 12.703900 0.114336 0.992643 -0.039832 19.013800 0.230787 0.012458 0.972925 2.490000 0.000000 0.000000 0.000000 1.000000
0.953499 -0.162360 -0.253927 12.703900 0.147583 0.986100 -0.076335 19.013800 0.262791 0.035310 0.964206 2.490000 0.000000 0.000000 0.000000 1.000000
0.949653 -0.188554 -0.250214 12.703900 0.172171 0.981303 -0.086030 19.013800 0.261757 0.038619 0.964361 2.490000 0.000000 0.000000 0.000000 1.000000
0.948181 -0.206264 -0.241677 12.703900 0.192612 0.978083 -0.079082 19.013800 0.252692 0.028435 0.967129 2.490000 0.000000 0.000000 0.000000 1.000000
0.942114 -0.217232 -0.255403 12.703900 0.204424 0.975927 -0.076006 19.013800 0.265766 0.019396 0.963843 2.490000 0.000000 0.000000 0.000000 1.000000</float_array><technique_common><accessor source="#mixamorig_LeftShoulder-Matrix-animation-output-transform-array" count="21" stride="16"><param type="float4x4"/></accessor></technique_common></source><source id="mixamorig_LeftShoulder-Interpolations"><Name_array id="mixamorig_LeftShoulder-Interpolations-array" count="21">
 LINEAR LINEAR LINEAR LINEAR LINEAR LINEAR LINEAR LINEAR LINEAR LINEAR LINEAR
LINEAR LINEAR LINEAR LINEAR LINEAR LINEAR LINEAR LINEAR LINEAR LINEAR</Name_array><technique_common><accessor source="#mixamorig_LeftShoulder-Interpolations-array" count="21"><param type="name"/></accessor></technique_common></source><sampler id="mixamorig_LeftShoulder-Matrix-animation-transform"><input semantic="INPUT" source="#mixamorig_LeftShoulder-Matrix-animation-input"/><input semantic="OUTPUT" source="#mixamorig_LeftShoulder-Matrix-animation-output-transform"/><input semantic="INTERPOLATION" source="#mixamorig_LeftShoulder-Interpolations"/></sampler><channel source="#mixamorig_LeftShoulder-Matrix-animation-transform" target="mixamorig_LeftShoulder/matrix"/></animation>
    <animation id="mixamorig_LeftArm-anim" name="mixamorig_LeftArm"><source id="mixamorig_LeftArm-Matrix-animation-input"><float_array id="mixamorig_LeftArm-Matrix-animation-input-array" count="21">

0.000000 0.033333 0.066667 0.100000 0.133333 0.166667 0.200000 0.233333 0.266667 0.300000 0.333333 0.366667 0.400000 0.433333 0.466667 0.500000
0.533333 0.566667 0.600000 0.633333 0.666667</float_array><technique_common><accessor source="#mixamorig_LeftArm-Matrix-animation-input-array" count="21"><param name="TIME" type="float"/></accessor></technique_common></source><source id="mixamorig_LeftArm-Matrix-animation-output-transform"><float_array id="mixamorig_LeftArm-Matrix-animation-output-transform-array" count="336">

0.846326 0.518036 0.123978 21.586901 -0.100641 -0.073046 0.992238 1.007900 0.523071 -0.852234 -0.009685 -3.635400 0.000000 0.000000 0.000000 1.000000
0.844626 0.517405 0.137473 21.586901 -0.111158 -0.081700 0.990439 1.007900 0.523690 -0.851832 -0.011492 -3.635400 0.000000 0.000000 0.000000 1.000000
0.833349 0.532308 0.148921 21.586901 -0.126449 -0.078682 0.988848 1.007900 0.538089 -0.842886 0.001740 -3.635400 0.000000 0.000000 0.000000 1.000000
0.828961 0.533994 0.166351 21.586901 -0.149718 -0.074712 0.985902 1.007900 0.538895 -0.842181 0.018016 -3.635400 0.000000 0.000000 0.000000 1.000000
0.838145 0.511336 0.189862 21.586901 -0.176191 -0.075617 0.981447 1.007900 0.516206 -0.856048 0.026715 -3.635400 0.000000 0.000000 0.000000 1.000000
0.855561 0.481867 0.189262 21.586901 -0.173941 -0.076770 0.981759 1.007900 0.487607 -0.872875 0.018135 -3.635400 0.000000 0.000000 0.000000 1.000000
0.875047 0.457105 0.159207 21.586901 -0.139800 -0.076229 0.987241 1.007900 0.463410 -0.886140 -0.002801 -3.635400 0.000000 0.000000 0.000000 1.000000
0.880808 0.456169 0.126833 21.586901 -0.104981 -0.073049 0.991788 1.007900 0.461688 -0.886890 -0.016453 -3.635400 0.000000 0.000000 0.000000 1.000000
0.871707 0.485296 0.067934 21.586901 -0.047101 -0.055012 0.997374 1.007900 0.487759 -0.872618 -0.025097 -3.635400 0.000000 0.000000 0.000000 1.000000
0.842832 0.538175 -0.001424 21.586901 0.016864 -0.023765 0.999575 1.007900 0.537913 -0.842498 -0.029105 -3.635400 0.000000 0.000000 0.000000 1.000000
0.800248 0.596357 -0.062947 21.586901 0.066237 0.016424 0.997669 1.007900 0.596000 -0.802551 -0.026357 -3.635400 0.000000 0.000000 0.000000 1.000000
0.750938 0.648510 -0.124608 21.586901 0.100940 0.073755 0.992155 1.007900 0.652613 -0.757624 -0.010075 -3.635400 0.000000 0.000000 0.000000 1.000000
0.708058 0.679758 -0.191266 21.586901 0.104234 0.167280 0.980384 1.007900 0.698419 -0.714105 0.047590 -3.635400 0.000000 0.000000 0.000000 1.000000
0.693567 0.684644 -0.224114 21.586901 0.047632 0.266837 0.962564 1.007900 0.718815 -0.678278 0.152459 -3.635400 0.000000 0.000000 0.000000 1.000000
0.696719 0.687637 -0.204299 21.586901 -0.030253 0.312712 0.949366 1.007900 0.716706 -0.655260 0.238675 -3.635400 0.000000 0.000000 0.000000 1.000000
0.713089 0.687641 -0.136582 21.586901 -0.083131 0.276380 0.957446 1.007900 0.696127 -0.671390 0.254248 -3.635400 0.000000 0.000000 0.000000 1.000000
0.730547 0.681083 -0.049271 21.586901 -0.104319 0.182619 0.977634 1.007900 0.674848 -0.709067 0.204462 -3.635400 0.000000 0.000000 0.000000 1.000000
0.763830 0.644112 0.041017 21.586901 -0.102704 0.058559 0.992987 1.007900 0.637193 -0.762686 0.110882 -3.635400 0.000000 0.000000 0.000000 1.000000
0.787630 0.608531 0.096590 21.586901 -0.098449 -0.030458 0.994676 1.007900 0.608233 -0.792945 0.035920 -3.635400 0.000000 0.000000 0.000000 1.000000
0.811529 0.572291 0.117917 21.586901 -0.095898 -0.068620 0.993023 1.007900 0.576390 -0.817175 -0.000806 -3.635400 0.000000 0.000000 0.000000 1.000000
0.846325 0.518038 0.123978 21.586901 -0.100642 -0.073045 0.992238 1.007900 0.523072 -0.852233 -0.009684 -3.635400 0.000000 0.000000 0.000000 1.000000</float_array><technique_common><accessor source="#mixamorig_LeftArm-Matrix-animation-output-transform-array" count="21" stride="16"><param type="float4x4"/></accessor></technique_common></source><source id="mixamorig_LeftArm-Interpolations"><Name_array id="mixamorig_LeftArm-Interpolations-array" count="21">
 LINEAR LINEAR LINEAR LINEAR LINEAR LINEAR LINEAR LINEAR LINEAR LINEAR LINEAR
LINEAR LINEAR LINEAR LINEAR LINEAR LINEAR LINEAR LINEAR LINEAR LINEAR</Name_array><technique_common><accessor source="#mixamorig_LeftArm-Interpolations-array" count="21"><param type="name"/></accessor></technique_common></source><sampler id="mixamorig_LeftArm-Matrix-animation-transform"><input semantic="INPUT" source="#mixamorig_LeftArm-Matrix-animation-input"/><input semantic="OUTPUT" source="#mixamorig_LeftArm-Matrix-animation-output-transform"/><input semantic="INTERPOLATION" source="#mixamorig_LeftArm-Interpolations"/></sampler><channel source="#mixamorig_LeftArm-Matrix-animation-transform" target="mixamorig_LeftArm/matrix"/></animation>
    <animation id="mixamorig_LeftForeArm-anim" name="mixamorig_LeftForeArm"><source id="mixamorig_LeftForeArm-Matrix-animation-input"><float_array id="mixamorig_LeftForeArm-Matrix-animation-input-array" count="21">

0.000000 0.033333 0.066667 0.100000 0.133333 0.166667 0.200000 0.233333 0.266667 0.300000 0.333333 0.366667 0.400000 0.433333 0.466667 0.500000
