<?xml version="1.0" encoding="utf-8"?>
<COLLADA xmlns="http://www.collada.org/2005/11/COLLADASchema" version="1.4.1">
  <asset><contributor><author>Mixamo</author><authoring_tool>COLLADA Mixamo exporter</authoring_tool><comments></comments></contributor><created>2018-02-10T11:48:27Z</created><modified>2018-02-10T11:48:27Z</modified><revision></revision><title></title><unit meter="0.010000"/><up_axis>Y_UP</up_axis></asset>
  <library_animations>
    <animation id="mixamorig_Hips-anim" name="mixamorig_Hips"><source id="mixamorig_Hips-Matrix-animation-input"><float_array id="mixamorig_Hips-Matrix-animation-input-array" count="21">

0.000000 0.033333 0.066667 0.100000 0.133333 0.166667 0.200000 0.233333 0.266667 0.300000 0.333333 0.366667 0.400000 0.433333 0.466667 0.500000
0.533333 0.566667 0.600000 0.633333 0.666667</float_array><technique_common><accessor source="#mixamorig_Hips-Matrix-animation-input-array" count="21"><param name="TIME" type="float"/></accessor></technique_common></source><source id="mixamorig_Hips-Matrix-animation-output-transform"><float_array id="mixamorig_Hips-Matrix-animation-output-transform-array" count="336">

0.875940 0.266440 0.402168 -1.303442 -0.171147 0.951051 -0.257314 192.699860 -0.451041 0.156562 0.878664 -2.778780 0.000000 0.000000 0.000000 1.000000
0.863997 0.259049 0.431744 16.500008 -0.142813 0.948360 -0.283228 195.863617 -0.482819 0.183050 0.856375 -0.896050 0.000000 0.000000 0.000000 1.000000
0.833337 0.246276 0.494872 36.690414 -0.100181 0.947728 -0.302943 200.741699 -0.543612 0.202877 0.814449 1.323266 0.000000 0.000000 0.000000 1.000000
0.799107 0.234781 0.553449 59.115719 -0.076889 0.952944 -0.293235 204.220993 -0.596252 0.191771 0.779556 3.629336 0.000000 0.000000 0.000000 1.000000
0.770021 0.243770 0.589613 81.180618 -0.086622 0.955518 -0.281924 204.564560 -0.632111 0.166013 0.756885 5.455915 0.000000 0.000000 0.000000 1.000000
0.748051 0.263790 0.608962 104.107452 -0.109506 0.954093 -0.278776 202.797379 -0.654544 0.141854 0.742596 6.133644 0.000000 0.000000 0.000000 1.000000
0.733567 0.269550 0.623877 126.884819 -0.115283 0.954033 -0.276644 198.733093 -0.669768 0.131014 0.730921 5.801341 0.000000 0.000000 0.000000 1.000000
0.736972 0.253892 0.626427 148.272903 -0.107839 0.959067 -0.261843 194.424591 -0.667266 0.125417 0.734185 4.492109 0.000000 0.000000 0.000000 1.000000
0.749987 0.221822 0.623149 168.557892 -0.080204 0.965637 -0.247208 189.712296 -0.656572 0.135424 0.742006 3.405987 0.000000 0.000000 0.000000 1.000000
0.766492 0.242884 0.594556 190.131668 -0.095866 0.958630 -0.268025 187.495071 -0.635059 0.148442 0.758067 3.821921 0.000000 0.000000 0.000000 1.000000
0.776856 0.265279 0.571071 212.961624 -0.141102 0.957201 -0.252700 188.336914 -0.613666 0.115732 0.781038 3.669527 0.000000 0.000000 0.000000 1.000000
0.775014 0.307223 0.552239 236.701340 -0.200760 0.948299 -0.245813 191.384720 -0.599207 0.079640 0.796623 3.119202 0.000000 0.000000 0.000000 1.000000
0.761694 0.332722 0.555984 260.787323 -0.239762 0.941910 -0.235203 195.600891 -0.601944 0.045849 0.797221 3.107515 0.000000 0.000000 0.000000 1.000000
0.750411 0.346712 0.562737 285.517334 -0.254223 0.937285 -0.238471 199.790680 -0.610126 0.035891 0.791491 4.009234 0.000000 0.000000 0.000000 1.000000
0.743654 0.351894 0.568462 309.299377 -0.241513 0.934252 -0.262384 200.272064 -0.623418 0.057832 0.779747 5.369428 0.000000 0.000000 0.000000 1.000000
0.753669 0.329442 0.568727 332.836914 -0.224007 0.942252 -0.248960 198.893280 -0.617902 0.060235 0.783944 5.359665 0.000000 0.000000 0.000000 1.000000
0.771391 0.300761 0.560802 357.425354 -0.211954 0.952375 -0.219220 196.084869 -0.600027 0.050240 0.798401 4.474213 0.000000 0.000000 0.000000 1.000000
0.790868 0.285496 0.541313 382.312103 -0.201776 0.956702 -0.209780 192.645554 -0.577766 0.056684 0.814232 4.316589 0.000000 0.000000 0.000000 1.000000
0.813249 0.284836 0.507439 403.622345 -0.191217 0.954396 -0.229268 191.302032 -0.549601 0.089421 0.830628 2.774908 0.000000 0.000000 0.000000 1.000000
0.854472 0.303007 0.421976 425.208221 -0.200154 0.941590 -0.270826 190.549530 -0.479391 0.146953 0.865211 0.040974 0.000000 0.000000 0.000000 1.000000
0.875940 0.266440 0.402168 449.297577 -0.171147 0.951051 -0.257314 192.699860 -0.451041 0.156562 0.878664 -2.778790 0.000000 0.000000 0.000000 1.000000</float_array><technique_common><accessor source="#mixamorig_Hips-Matrix-animation-output-transform-array" count="21" stride="16"><param type="float4x4"/></accessor></technique_common></source><source id="mixamorig_Hips-Interpolations"><Name_array id="mixamorig_Hips-Interpolations-array" count="21">
 LINEAR LINEAR LINEAR LINEAR LINEAR LINEAR LINEAR LINEAR LINEAR LINEAR LINEAR
LINEAR LINEAR LINEAR LINEAR LINEAR LINEAR LINEAR LINEAR LINEAR LINEAR</Name_array><technique_common><accessor source="#mixamorig_Hips-Interpolations-array" count="21"><param type="name"/></accessor></technique_common></source><sampler id="mixamorig_Hips-Matrix-animation-transform"><input semantic="INPUT" source="#mixamorig_Hips-Matrix-animation-input"/><input semantic="OUTPUT" source="#mixamorig_Hips-Matrix-animation-output-transform"/><input semantic="INTERPOLATION" source="#mixamorig_Hips-Interpolations"/></sampler><channel source="#mixamorig_Hips-Matrix-animation-transform" target="mixamorig_Hips/matrix"/></animation>
    <animation id="mixamorig_Spine-anim" name="mixamorig_Spine"><source id="mixamorig_Spine-Matrix-animation-input"><float_array id="mixamorig_Spine-Matrix-animation-input-array" count="21">

0.000000 0.033333 0.066667 0.100000 0.133333 0.166667 0.200000 0.233333 0.266667 0.300000 0.333333 0.366667 0.400000 0.433333 0.466667 0.500000
0.533333 0.566667 0.600000 0.633333 0.666667</float_array><technique_common><accessor source="#mixamorig_Spine-Matrix-animation-input-array" count="21"><param name="TIME" type="float"/></accessor></technique_common></source><source id="mixamorig_Spine-Matrix-animation-output-transform"><float_array id="mixamorig_Spine-Matrix-animation-output-transform-array" count="336">

0.998380 -0.035147 0.044743 -0.057500 0.047711 0.945607 -0.321792 18.534300 -0.030999 0.323406 0.945753 -2.042900 0.000000 0.000000 0.000000 1.000000
0.997709 0.024787 0.062942 -0.057500 -0.004780 0.953959 -0.299898 18.534300 -0.067478 0.298910 0.951893 -2.042900 0.000000 0.000000 0.000000 1.000000
0.996951 0.066095 0.041484 -0.057500 -0.053425 0.965586 -0.254536 18.534300 -0.056880 0.251544 0.966173 -2.042900 0.000000 0.000000 0.000000 1.000000
0.997684 0.063354 0.024753 -0.057500 -0.056438 0.974181 -0.218598 18.534300 -0.037963 0.216695 0.975501 -2.042900 0.000000 0.000000 0.000000 1.000000
0.999515 0.016913 0.026136 -0.057500 -0.012496 0.986913 -0.160767 18.534300 -0.028513 0.160362 0.986646 -2.042900 0.000000 0.000000 0.000000 1.000000
0.998676 -0.049294 0.014702 -0.057500 0.050542 0.993472 -0.102269 18.534300 -0.009565 0.102877 0.994648 -2.042900 0.000000 0.000000 0.000000 1.000000
0.996267 -0.085885 0.008658 -0.057500 0.086302 0.993102 -0.079378 18.534300 -0.001781 0.079829 0.996807 -2.042900 0.000000 0.000000 0.000000 1.000000
0.995892 -0.090052 0.009491 -0.057500 0.090535 0.988247 -0.123169 18.534300 0.001712 0.123523 0.992340 -2.042900 0.000000 0.000000 0.000000 1.000000
0.999640 -0.024679 0.010508 -0.057500 0.026062 0.986276 -0.163032 18.534300 -0.006341 0.163248 0.986565 -2.042900 0.000000 0.000000 0.000000 1.000000
0.999546 -0.029206 -0.007401 -0.057500 0.028349 0.994858 -0.097231 18.534300 0.010203 0.096977 0.995234 -2.042900 0.000000 0.000000 0.000000 1.000000
0.993746 -0.107258 -0.031057 -0.057500 0.102797 0.987357 -0.120660 18.534300 0.043607 0.116713 0.992208 -2.042900 0.000000 0.000000 0.000000 1.000000
0.976788 -0.202482 -0.069895 -0.057500 0.191989 0.972267 -0.133553 18.534300 0.094998 0.117034 0.988574 -2.042900 0.000000 0.000000 0.000000 1.000000
0.958386 -0.265108 -0.105899 -0.057500 0.249565 0.958167 -0.140119 18.534300 0.138615 0.107859 0.984455 -2.042900 0.000000 0.000000 0.000000 1.000000
0.949530 -0.285115 -0.130777 -0.057500 0.270580 0.955398 -0.118324 18.534300 0.158680 0.076967 0.984326 -2.042900 0.000000 0.000000 0.000000 1.000000
0.958711 -0.243547 -0.146828 -0.057500 0.238105 0.969746 -0.053837 18.534300 0.155498 0.016654 0.987696 -2.042900 0.000000 0.000000 0.000000 1.000000
0.966839 -0.218896 -0.131554 -0.057500 0.210806 0.974818 -0.072738 18.534300 0.144163 0.042594 0.988637 -2.042900 0.000000 0.000000 0.000000 1.000000
0.968522 -0.225550 -0.105323 -0.057500 0.211833 0.968998 -0.127158 18.534300 0.130739 0.100844 0.986275 -2.042900 0.000000 0.000000 0.000000 1.000000
0.973324 -0.217634 -0.072631 -0.057500 0.204213 0.966073 -0.158116 18.534300 0.104578 0.139066 0.984746 -2.042900 0.000000 0.000000 0.000000 1.000000
0.984232 -0.175665 -0.020724 -0.057500 0.166328 0.958991 -0.229501 18.534300 0.060189 0.222435 0.973088 -2.042900 0.000000 0.000000 0.000000 1.000000
0.996197 -0.082460 0.028139 -0.057500 0.086866 0.965018 -0.247375 18.534300 -0.006756 0.248878 0.968511 -2.042900 0.000000 0.000000 0.000000 1.000000
0.998380 -0.035148 0.044743 -0.057500 0.047711 0.945608 -0.321792 18.534300 -0.030999 0.323405 0.945753 -2.042900 0.000000 0.000000 0.000000 1.000000</float_array><technique_common><accessor source="#mixamorig_Spine-Matrix-animation-output-transform-array" count="21" stride="16"><param type="float4x4"/></accessor></technique_common></source><source id="mixamorig_Spine-Interpolations"><Name_array id="mixamorig_Spine-Interpolations-array" count="21">
 LINEAR LINEAR LINEAR LINEAR LINEAR LINEAR LINEAR LINEAR LINEAR LINEAR LINEAR
LINEAR LINEAR LINEAR LINEAR LINEAR LINEAR LINEAR LINEAR LINEAR LINEAR</Name_array><technique_common><accessor source="#mixamorig_Spine-Interpolations-array" count="21"><param type="name"/></accessor></technique_common></source><sampler id="mixamorig_Spine-Matrix-animation-transform"><input semantic="INPUT" source="#mixamorig_Spine-Matrix-animation-input"/><input semantic="OUTPUT" source="#mixamorig_Spine-Matrix-animation-output-transform"/><input semantic="INTERPOLATION" source="#mixamorig_Spine-Interpolations"/></sampler><channel source="#mixamorig_Spine-Matrix-animation-transform" target="mixamorig_Spine/matrix"/></animation>
    <animation id="mixamorig_Spine1-anim" name="mixamorig_Spine1"><source id="mixamorig_Spine1-Matrix-animation-input"><float_array id="mixamorig_Spine1-Matrix-animation-input-array" count="21">

0.000000 0.033333 0.066667 0.100000 0.133333 0.166667 0.200000 0.233333 0.266667 0.300000 0.333333 0.366667 0.400000 0.433333 0.466667 0.500000
0.533333 0.566667 0.600000 0.633333 0.666667</float_array><technique_common><accessor source="#mixamorig_Spine1-Matrix-animation-input-array" count="21"><param name="TIME" type="float"/></accessor></technique_common></source><source id="mixamorig_Spine1-Matrix-animation-output-transform"><float_array id="mixamorig_Spine1-Matrix-animation-output-transform-array" count="336">

0.991236 -0.129993 -0.023519 0.305500 0.124386 0.978375 -0.165262 19.736099 0.044493 0.160888 0.985969 -0.783400 0.000000 0.000000 0.000000 1.000000
0.989232 -0.146352 0.000960 0.305500 0.144659 0.976755 -0.158187 19.736099 0.022214 0.156622 0.987409 -0.783400 0.000000 0.000000 0.000000 1.000000
0.988484 -0.151022 -0.009621 0.305500 0.147169 0.974171 -0.171266 19.736099 0.035237 0.167878 0.985178 -0.783400 0.000000 0.000000 0.000000 1.000000
0.988771 -0.147353 -0.024874 0.305500 0.140013 0.971664 -0.190437 19.736099 0.052231 0.184816 0.981384 -0.783400 0.000000 0.000000 0.000000 1.000000
0.990702 -0.134672 -0.019320 0.305500 0.126940 0.966084 -0.224874 19.736099 0.048949 0.220330 0.974196 -0.783400 0.000000 0.000000 0.000000 1.000000
0.993568 -0.111977 -0.016826 0.305500 0.103586 0.958843 -0.264367 19.736099 0.045736 0.260924 0.964275 -0.783400 0.000000 0.000000 0.000000 1.000000
0.992394 -0.122061 -0.015948 0.305500 0.112784 0.953493 -0.279518 19.736099 0.049325 0.275593 0.960008 -0.783400 0.000000 0.000000 0.000000 1.000000
0.990062 -0.139130 -0.020479 0.305500 0.128406 0.953755 -0.271778 19.736099 0.057345 0.266447 0.962142 -0.783400 0.000000 0.000000 0.000000 1.000000
0.984440 -0.172694 -0.032484 0.305500 0.158056 0.950989 -0.265778 19.736099 0.076790 0.256508 0.963487 -0.783400 0.000000 0.000000 0.000000 1.000000
0.983211 -0.176743 -0.045367 0.305500 0.156412 0.944369 -0.289314 19.736099 0.093978 0.277361 0.956158 -0.783400 0.000000 0.000000 0.000000 1.000000
0.984386 -0.161853 -0.069188 0.305500 0.137816 0.953211 -0.269064 19.736099 0.109499 0.255327 0.960634 -0.783400 0.000000 0.000000 0.000000 1.000000
0.984606 -0.143110 -0.100357 0.305500 0.112429 0.958147 -0.263275 19.736099 0.133834 0.247939 0.959487 -0.783400 0.000000 0.000000 0.000000 1.000000
0.981474 -0.140208 -0.130577 0.305500 0.101039 0.957821 -0.269015 19.736099 0.162787 0.250838 0.954243 -0.783400 0.000000 0.000000 0.000000 1.000000
0.978206 -0.145117 -0.148506 0.305500 0.100283 0.956465 -0.274078 19.736099 0.181814 0.253212 0.950172 -0.783400 0.000000 0.000000 0.000000 1.000000
0.976160 -0.158157 -0.148653 0.305500 0.110218 0.951194 -0.288240 19.736099 0.186985 0.264984 0.945949 -0.783400 0.000000 0.000000 0.000000 1.000000
0.977732 -0.153138 -0.143487 0.305500 0.107610 0.952859 -0.283691 19.736099 0.180167 0.261933 0.948120 -0.783400 0.000000 0.000000 0.000000 1.000000
0.981772 -0.134611 -0.134181 0.305500 0.093732 0.957060 -0.274317 19.736099 0.165345 0.256739 0.952232 -0.783400 0.000000 0.000000 0.000000 1.000000
0.985058 -0.124852 -0.118626 0.305500 0.091109 0.962307 -0.256250 19.736099 0.146148 0.241614 0.959304 -0.783400 0.000000 0.000000 0.000000 1.000000
0.988103 -0.121702 -0.094031 0.305500 0.099994 0.972908 -0.208450 19.736099 0.116853 0.196567 0.973502 -0.783400 0.000000 0.000000 0.000000 1.000000
0.988922 -0.141400 -0.045157 0.305500 0.130021 0.971941 -0.196024 19.736099 0.071608 0.187981 0.979559 -0.783400 0.000000 0.000000 0.000000 1.000000
0.991236 -0.129993 -0.023519 0.305500 0.124385 0.978374 -0.165262 19.736099 0.044493 0.160889 0.985969 -0.783400 0.000000 0.000000 0.000000 1.000000</float_array><technique_common><accessor source="#mixamorig_Spine1-Matrix-animation-output-transform-array" count="21" stride="16"><param type="float4x4"/></accessor></technique_common></source><source id="mixamorig_Spine1-Interpolations"><Name_array id="mixamorig_Spine1-Interpolations-array" count="21">
 LINEAR LINEAR LINEAR LINEAR LINEAR LINEAR LINEAR LINEAR LINEAR LINEAR LINEAR
LINEAR LINEAR LINEAR LINEAR LINEAR LINEAR LINEAR LINEAR LINEAR LINEAR</Name_array><technique_common><accessor source="#mixamorig_Spine1-Interpolations-array" count="21"><param type="name"/></accessor></technique_common></source><sampler id="mixamorig_Spine1-Matrix-animation-transform"><input semantic="INPUT" source="#mixamorig_Spine1-Matrix-animation-input"/><input semantic="OUTPUT" source="#mixamorig_Spine1-Matrix-animation-output-transform"/><input semantic="INTERPOLATION" source="#mixamorig_Spine1-Interpolations"/></sampler><channel source="#mixamorig_Spine1-Matrix-animation-transform" target="mixamorig_Spine1/matrix"/></animation>
    <animation id="mixamorig_Spine2-anim" name="mixamorig_Spine2"><source id="mixamorig_Spine2-Matrix-animation-input"><float_array id="mixamorig_Spine2-Matrix-animation-input-array" count="21">

0.000000 0.033333 0.066667 0.100000 0.133333 0.166667 0.200000 0.233333 0.266667 0.300000 0.333333 0.366667 0.400000 0.433333 0.466667 0.500000
0.533333 0.566667 0.600000 0.633333 0.666667</float_array><technique_common><accessor source="#mixamorig_Spine2-Matrix-animation-input-array" count="21"><param name="TIME" type="float"/></accessor></technique_common></source><source id="mixamorig_Spine2-Matrix-animation-output-transform"><float_array id="mixamorig_Spine2-Matrix-animation-output-transform-array" count="336">

0.991553 -0.129702 -0.000017 0.152700 0.129647 0.991126 0.029343 25.612801 -0.003789 -0.029097 0.999569 -0.124700 0.000000 0.000000 0.000000 1.000000
0.989169 -0.145481 0.019471 0.152700 0.144702 0.988791 0.036783 25.612801 -0.024604 -0.033567 0.999134 -0.124700 0.000000 0.000000 0.000000 1.000000
0.988474 -0.151314 0.004883 0.152700 0.151175 0.988266 0.021819 25.612801 -0.008127 -0.020830 0.999750 -0.124700 0.000000 0.000000 0.000000 1.000000
0.989021 -0.147399 -0.010498 0.152700 0.147420 0.989073 0.001246 25.612801 0.010199 -0.002780 0.999944 -0.124700 0.000000 0.000000 0.000000 1.000000
0.991067 -0.133169 -0.007232 0.152700 0.132870 0.990604 -0.032379 25.612801 0.011476 0.031129 0.999450 -0.124700 0.000000 0.000000 0.000000 1.000000
0.993948 -0.109546 -0.008164 0.152700 0.108687 0.991492 -0.071629 25.612801 0.015941 0.070308 0.997398 -0.124700 0.000000 0.000000 0.000000 1.000000
0.992804 -0.119441 -0.008579 0.152700 0.118249 0.989154 -0.087132 25.612801 0.018893 0.085490 0.996160 -0.124700 0.000000 0.000000 0.000000 1.000000
0.990550 -0.136771 -0.010261 0.152700 0.135529 0.987551 -0.079848 25.612801 0.021054 0.077702 0.996754 -0.124700 0.000000 0.000000 0.000000 1.000000
0.985189 -0.170483 -0.018407 0.152700 0.168603 0.982660 -0.077152 25.612801 0.031241 0.072905 0.996849 -0.124700 0.000000 0.000000 0.000000 1.000000
0.984301 -0.172917 -0.035365 0.152700 0.168536 0.980343 -0.102578 25.612801 0.052407 0.095008 0.994096 -0.124700 0.000000 0.000000 0.000000 1.000000
0.985759 -0.158850 -0.055197 0.152700 0.154208 0.984785 -0.080110 25.612801 0.067083 0.070457 0.995257 -0.124700 0.000000 0.000000 0.000000 1.000000
0.986513 -0.140692 -0.083648 0.152700 0.134905 0.988294 -0.071248 25.612801 0.092693 0.059002 0.993945 -0.124700 0.000000 0.000000 0.000000 1.000000
0.984031 -0.137843 -0.112612 0.152700 0.129916 0.988687 -0.074963 25.612801 0.121672 0.059136 0.990807 -0.124700 0.000000 0.000000 0.000000 1.000000
0.981093 -0.141290 -0.132264 0.152700 0.131637 0.988135 -0.079126 25.612801 0.141874 0.060219 0.988051 -0.124700 0.000000 0.000000 0.000000 1.000000
0.978656 -0.149999 -0.140473 0.152700 0.137313 0.985858 -0.096069 25.612801 0.152897 0.074730 0.985413 -0.124700 0.000000 0.000000 0.000000 1.000000
0.980388 -0.145142 -0.133315 0.152700 0.133488 0.986716 -0.092592 25.612801 0.144983 0.072980 0.986739 -0.124700 0.000000 0.000000 0.000000 1.000000
0.984597 -0.128441 -0.118625 0.152700 0.119287 0.989524 -0.081317 25.612801 0.127827 0.065914 0.989604 -0.124700 0.000000 0.000000 0.000000 1.000000
0.987799 -0.119896 -0.099388 0.152700 0.114129 0.991540 -0.061825 25.612801 0.105960 0.049728 0.993126 -0.124700 0.000000 0.000000 0.000000 1.000000
0.990453 -0.120039 -0.067773 0.152700 0.119379 0.992754 -0.013721 25.612801 0.068929 0.005499 0.997606 -0.124700 0.000000 0.000000 0.000000 1.000000
0.989928 -0.139774 -0.022506 0.152700 0.139762 0.990183 -0.002126 25.612801 0.022582 -0.001041 0.999744 -0.124700 0.000000 0.000000 0.000000 1.000000
0.991553 -0.129702 -0.000017 0.152700 0.129647 0.991126 0.029344 25.612801 -0.003789 -0.029098 0.999569 -0.124700 0.000000 0.000000 0.000000 1.000000</float_array><technique_common><accessor source="#mixamorig_Spine2-Matrix-animation-output-transform-array" count="21" stride="16"><param type="float4x4"/></accessor></technique_common></source><source id="mixamorig_Spine2-Interpolations"><Name_array id="mixamorig_Spine2-Interpolations-array" count="21">
 LINEAR LINEAR LINEAR LINEAR LINEAR LINEAR LINEAR LINEAR LINEAR LINEAR LINEAR
LINEAR LINEAR LINEAR LINEAR LINEAR LINEAR LINEAR LINEAR LINEAR LINEAR</Name_array><technique_common><accessor source="#mixamorig_Spine2-Interpolations-array" count="21"><param type="name"/></accessor></technique_common></source><sampler id="mixamorig_Spine2-Matrix-animation-transform"><input semantic="INPUT" source="#mixamorig_Spine2-Matrix-animation-input"/><input semantic="OUTPUT" source="#mixamorig_Spine2-Matrix-animation-output-transform"/><input semantic="INTERPOLATION" source="#mixamorig_Spine2-Interpolations"/></sampler><channel source="#mixamorig_Spine2-Matrix-animation-transform" target="mixamorig_Spine2/matrix"/></animation>
    <animation id="mixamorig_Neck-anim" name="mixamorig_Neck"><source id="mixamorig_Neck-Matrix-animation-input"><float_array id="mixamorig_Neck-Matrix-animation-input-array" count="21">

0.000000 0.033333 0.066667 0.100000 0.133333 0.166667 0.200000 0.233333 0.266667 0.300000 0.333333 0.366667 0.400000 0.433333 0.466667 0.500000
0.533333 0.566667 0.600000 0.633333 0.666667</float_array><technique_common><accessor source="#mixamorig_Neck-Matrix-animation-input-array" count="21"><param name="TIME" type="float"/></accessor></technique_common></source><source id="mixamorig_Neck-Matrix-animation-output-transform"><float_array id="mixamorig_Neck-Matrix-animation-output-transform-array" count="336">

0.998972 0.014045 -0.043111 0.879800 0.000619 0.946501 0.322700 30.689800 0.045337 -0.322395 0.945519 2.800200 0.000000 0.000000 0.000000 1.000000
0.996577 0.051970 -0.064296 0.879800 -0.027404 0.941403 0.336169 30.689800 0.077999 -0.333257 0.939604 2.800200 0.000000 0.000000 0.000000 1.000000
0.994907 -0.013396 -0.099904 0.879800 0.044644 0.947176 0.317593 30.689800 0.090372 -0.320435 0.942950 2.800200 0.000000 0.000000 0.000000 1.000000
0.991074 -0.054801 -0.121527 0.879800 0.085979 0.959426 0.268532 30.689800 0.101881 -0.276584 0.955574 2.800200 0.000000 0.000000 0.000000 1.000000
0.988254 -0.054792 -0.142659 0.879800 0.091650 0.959503 0.266372 30.689800 0.122286 -0.276318 0.953255 2.800200 0.000000 0.000000 0.000000 1.000000
0.980097 -0.108675 -0.166134 0.879800 0.153612 0.945262 0.287894 30.689800 0.125753 -0.307685 0.943142 2.800200 0.000000 0.000000 0.000000 1.000000
0.986558 -0.039205 -0.158640 0.879800 0.090257 0.940012 0.328985 30.689800 0.136226 -0.338881 0.930915 2.800200 0.000000 0.000000 0.000000 1.000000
0.989863 0.053724 -0.131474 0.879800 -0.001207 0.928846 0.370463 30.689800 0.142022 -0.366549 0.919495 2.800200 0.000000 0.000000 0.000000 1.000000
0.991178 0.080304 -0.105443 0.879800 -0.035867 0.928383 0.369889 30.689800 0.127595 -0.362844 0.923073 2.800200 0.000000 0.000000 0.000000 1.000000
0.993656 0.089628 -0.067937 0.879800 -0.057483 0.923942 0.378190 30.689800 0.096666 -0.371885 0.923232 2.800200 0.000000 0.000000 0.000000 1.000000
0.990947 0.132793 -0.019776 0.879800 -0.120084 0.942540 0.311765 30.689800 0.060040 -0.306567 0.949954 2.800200 0.000000 0.000000 0.000000 1.000000
0.994738 0.099842 0.022967 0.879800 -0.102335 0.957786 0.268653 30.689800 0.004825 -0.269589 0.962963 2.800200 0.000000 0.000000 0.000000 1.000000
0.996726 0.059542 0.054705 0.879800 -0.071091 0.967651 0.242071 30.689800 -0.038522 -0.245168 0.968715 2.800200 0.000000 0.000000 0.000000 1.000000
0.995861 0.060901 0.067464 0.879800 -0.072303 0.980627 0.182054 30.689800 -0.055070 -0.186179 0.980971 2.800200 0.000000 0.000000 0.000000 1.000000
0.996373 0.058402 0.061880 0.879800 -0.067039 0.986680 0.148217 30.689800 -0.052400 -0.151828 0.987017 2.800200 0.000000 0.000000 0.000000 1.000000
0.998909 0.029946 0.035838 0.879800 -0.035154 0.987310 0.154864 30.689800 -0.030745 -0.155955 0.987286 2.800200 0.000000 0.000000 0.000000 1.000000
0.999713 0.021656 0.010225 0.879800 -0.023269 0.979354 0.200807 30.689800 -0.005666 -0.200988 0.979577 2.800200 0.000000 0.000000 0.000000 1.000000
0.999332 0.034595 -0.011757 0.879800 -0.031196 0.975370 0.218357 30.689800 0.019022 -0.217845 0.975798 2.800200 0.000000 0.000000 0.000000 1.000000
0.999360 0.014708 -0.032607 0.879800 -0.006047 0.967900 0.251264 30.689800 0.035256 -0.250906 0.967369 2.800200 0.000000 0.000000 0.000000 1.000000
0.999410 0.012209 -0.032094 0.879800 -0.000212 0.936839 0.349761 30.689800 0.034337 -0.349548 0.936289 2.800200 0.000000 0.000000 0.000000 1.000000
0.998971 0.014061 -0.043108 0.879800 0.000603 0.946502 0.322697 30.689800 0.045339 -0.322391 0.945520 2.800200 0.000000 0.000000 0.000000 1.000000</float_array><technique_common><accessor source="#mixamorig_Neck-Matrix-animation-output-transform-array" count="21" stride="16"><param type="float4x4"/></accessor></technique_common></source><source id="mixamorig_Neck-Interpolations"><Name_array id="mixamorig_Neck-Interpolations-array" count="21">
 LINEAR LINEAR LINEAR LINEAR LINEAR LINEAR LINEAR LINEAR LINEAR LINEAR LINEAR
LINEAR LINEAR LINEAR LINEAR LINEAR LINEAR LINEAR LINEAR LINEAR LINEAR</Name_array><technique_common><accessor source="#mixamorig_Neck-Interpolations-array" count="21"><param type="name"/></accessor></technique_common></source><sampler id="mixamorig_Neck-Matrix-animation-transform"><input semantic="INPUT" source="#mixamorig_Neck-Matrix-animation-input"/><input semantic="OUTPUT" source="#mixamorig_Neck-Matrix-animation-output-transform"/><input semantic="INTERPOLATION" source="#mixamorig_Neck-Interpolations"/></sampler><channel source="#mixamorig_Neck-Matrix-animation-transform" target="mixamorig_Neck/matrix"/></animation>
    <animation id="mixamorig_Head-anim" name="mixamorig_Head"><source id="mixamorig_Head-Matrix-animation-input"><float_array id="mixamorig_Head-Matrix-animation-input-array" count="21">

0.000000 0.033333 0.066667 0.100000 0.133333 0.166667 0.200000 0.233333 0.266667 0.300000 0.333333 0.366667 0.400000 0.433333 0.466667 0.500000
0.533333 0.566667 0.600000 0.633333 0.666667</float_array><technique_common><accessor source="#mixamorig_Head-Matrix-animation-input-array" count="21"><param name="TIME" type="float"/></accessor></technique_common></source><source id="mixamorig_Head-Matrix-animation-output-transform"><float_array id="mixamorig_Head-Matrix-animation-output-transform-array" count="336">

0.975903 0.041719 -0.214181 0.154400 0.014902 0.966519 0.256162 19.089399 0.217696 -0.253181 0.942607 6.327400 0.000000 0.000000 0.000000 1.000000
0.966339 0.034304 -0.254976 0.154400 0.025716 0.973228 0.228397 19.089399 0.255985 -0.227266 0.939586 6.327400 0.000000 0.000000 0.000000 1.000000
0.965273 0.047499 -0.256890 0.154400 0.010366 0.975594 0.219338 19.089399 0.261039 -0.214384 0.941222 6.327400 0.000000 0.000000 0.000000 1.000000
0.964596 0.065286 -0.255525 0.154400 -0.005375 0.973541 0.228448 19.089399 0.263679 -0.218986 0.939425 6.327400 0.000000 0.000000 0.000000 1.000000
0.959626 0.081569 -0.269193 0.154400 -0.021113 0.975218 0.220239 19.089399 0.280487 -0.205663 0.937566 6.327400 0.000000 0.000000 0.000000 1.000000
0.960348 0.118635 -0.252305 0.154400 -0.061096 0.972505 0.224727 19.089399 0.272028 -0.200401 0.941191 6.327400 0.000000 0.000000 0.000000 1.000000
0.954892 0.090974 -0.282675 0.154400 -0.034253 0.979306 0.199465 19.089399 0.294971 -0.180785 0.938248 6.327400 0.000000 0.000000 0.000000 1.000000
0.947572 0.030999 -0.318035 0.154400 0.027568 0.983642 0.178015 19.089399 0.318351 -0.177449 0.931217 6.327400 0.000000 0.000000 0.000000 1.000000
0.950322 0.002253 -0.311261 0.154400 0.060330 0.979678 0.191287 19.089399 0.305367 -0.200562 0.930874 6.327400 0.000000 0.000000 0.000000 1.000000
0.958890 -0.013838 -0.283441 0.154400 0.065972 0.982315 0.175228 19.089399 0.276004 -0.186723 0.942845 6.327400 0.000000 0.000000 0.000000 1.000000
0.964103 -0.034667 -0.263256 0.154400 0.092691 0.973011 0.211325 19.089399 0.248825 -0.228140 0.941296 6.327400 0.000000 0.000000 0.000000 1.000000
0.979940 -0.013265 -0.198852 0.154400 0.061296 0.969477 0.237395 19.089399 0.189633 -0.244822 0.950843 6.327400 0.000000 0.000000 0.000000 1.000000
0.990371 0.022569 -0.136585 0.154400 0.012760 0.967541 0.252393 19.089399 0.137847 -0.251705 0.957937 6.327400 0.000000 0.000000 0.000000 1.000000
0.992039 0.018574 -0.124550 0.154400 0.015999 0.962457 0.270962 19.089399 0.124907 -0.270798 0.954498 6.327400 0.000000 0.000000 0.000000 1.000000
0.991514 0.014254 -0.129218 0.154400 0.023273 0.958451 0.284305 19.089399 0.127902 -0.284900 0.949986 6.327400 0.000000 0.000000 0.000000 1.000000
0.989714 0.025782 -0.140716 0.154400 0.016932 0.955602 0.294174 19.089399 0.142053 -0.293531 0.945336 6.327400 0.000000 0.000000 0.000000 1.000000
0.985863 0.027760 -0.165236 0.154400 0.019284 0.960826 0.276479 19.089399 0.166438 -0.275757 0.946708 6.327400 0.000000 0.000000 0.000000 1.000000
0.980307 0.020605 -0.196400 0.154400 0.033434 0.962867 0.267899 19.089399 0.194627 -0.269190 0.943216 6.327400 0.000000 0.000000 0.000000 1.000000
0.978150 0.034154 -0.205074 0.154400 0.022094 0.963750 0.265889 19.089399 0.206722 -0.264611 0.941938 6.327400 0.000000 0.000000 0.000000 1.000000
0.978183 0.048581 -0.201986 0.154400 -0.001612 0.974018 0.226464 19.089399 0.207740 -0.221197 0.952846 6.327400 0.000000 0.000000 0.000000 1.000000
0.975902 0.041703 -0.214187 0.154400 0.014919 0.966519 0.256161 19.089399 0.217698 -0.253183 0.942606 6.327400 0.000000 0.000000 0.000000 1.000000</float_array><technique_common><accessor source="#mixamorig_Head-Matrix-animation-output-transform-array" count="21" stride="16"><param type="float4x4"/></accessor></technique_common></source><source id="mixamorig_Head-Interpolations"><Name_array id="mixamorig_Head-Interpolations-array" count="21">
 LINEAR LINEAR LINEAR LINEAR LINEAR LINEAR LINEAR LINEAR LINEAR LINEAR LINEAR
LINEAR LINEAR LINEAR LINEAR LINEAR LINEAR LINEAR LINEAR LINEAR LINEAR</Name_array><technique_common><accessor source="#mixamorig_Head-Interpolations-array" count="21"><param type="name"/></accessor></technique_common></source><sampler id="mixamorig_Head-Matrix-animation-transform"><input semantic="INPUT" source="#mixamorig_Head-Matrix-animation-input"/><input semantic="OUTPUT" source="#mixamorig_Head-Matrix-animation-output-transform"/><input semantic="INTERPOLATION" source="#mixamorig_Head-Interpolations"/></sampler><channel source="#mixamorig_Head-Matrix-animation-transform" target="mixamorig_Head/matrix"/></animation>
    <animation id="mixamorig_LeftShoulder-anim" name="mixamorig_LeftShoulder"><source id="mixamorig_LeftShoulder-Matrix-animation-input"><float_array id="mixamorig_LeftShoulder-Matrix-animation-input-array" count="21">

0.000000 0.033333 0.066667 0.100000 0.133333 0.166667 0.200000 0.233333 0.266667 0.300000 0.333333 0.366667 0.400000 0.433333 0.466667 0.500000
0.533333 0.566667 0.600000 0.633333 0.666667</float_array><technique_common><accessor source="#mixamorig_LeftShoulder-Matrix-animation-input-array" count="21"><param name="TIME" type="float"/></accessor></technique_common></source><source id="mixamorig_LeftShoulder-Matrix-animation-output-transform"><float_array id="mixamorig_LeftShoulder-Matrix-animation-output-transform-array" count="336">

0.929156 -0.270655 -0.251824 12.703900 0.251431 0.962025 -0.106258 19.013800 0.271020 0.035414 0.961922 2.490000 0.000000 0.000000 0.000000 1.000000
0.930649 -0.233918 -0.281380 12.703900 0.208988 0.971013 -0.116009 19.013800 0.300360 0.049159 0.952558 2.490000 0.000000 0.000000 0.000000 1.000000
0.935783 -0.206544 -0.285745 12.703900 0.182949 0.977255 -0.107246 19.013800 0.301397 0.048083 0.952286 2.490000 0.000000 0.000000 0.000000 1.000000
0.935379 -0.158404 -0.316189 12.703900 0.135425 0.986364 -0.093521 19.013800 0.326691 0.044658 0.944075 2.490000 0.000000 0.000000 0.000000 1.000000
0.925226 -0.104457 -0.364755 12.703900 0.085330 0.994015 -0.068216 19.013800 0.369698 0.031991 0.928601 2.490000 0.000000 0.000000 0.000000 1.000000
0.913200 -0.132384 -0.385409 12.703900 0.110663 0.990783 -0.078115 19.013800 0.392198 0.028684 0.919433 2.490000 0.000000 0.000000 0.000000 1.000000
0.911785 -0.175501 -0.371278 12.703900 0.144664 0.983394 -0.109580 19.013800 0.384344 0.046203 0.922033 2.490000 0.000000 0.000000 0.000000 1.000000
0.912898 -0.239684 -0.330406 12.703900 0.206202 0.969364 -0.133471 19.013800 0.352274 0.053715 0.934354 2.490000 0.000000 0.000000 0.000000 1.000000
0.911048 -0.301219 -0.281529 12.703900 0.270472 0.952001 -0.143316 19.013800 0.311186 0.054422 0.948790 2.490000 0.000000 0.000000 0.000000 1.000000
0.911129 -0.315186 -0.265522 12.703900 0.286672 0.947579 -0.141112 19.013800 0.296080 0.052453 0.953722 2.490000 0.000000 0.000000 0.000000 1.000000
0.923956 -0.256921 -0.283366 12.703900 0.224974 0.964164 -0.140625 19.013800 0.309341 0.066181 0.948645 2.490000 0.000000 0.000000 0.000000 1.000000
0.935281 -0.211837 -0.283503 12.703900 0.181239 0.974751 -0.130434 19.013800 0.303975 0.070611 0.950060 2.490000 0.000000 0.000000 0.000000 1.000000
0.941354 -0.165278 -0.294169 12.703900 0.136828 0.983903 -0.114946 19.013800 0.308432 0.067954 0.948816 2.490000 0.000000 0.000000 0.000000 1.000000
0.937410 -0.132338 -0.322101 12.703900 0.101276 0.988598 -0.111431 19.013800 0.333175 0.071836 0.940125 2.490000 0.000000 0.000000 0.000000 1.000000
0.926112 -0.134191 -0.352575 12.703900 0.098453 0.988181 -0.117497 19.013800 0.364175 0.074103 0.928378 2.490000 0.000000 0.000000 0.000000 1.000000
0.910879 -0.173304 -0.374520 12.703900 0.132419 0.982300 -0.132487 19.013800 0.390851 0.071086 0.917705 2.490000 0.000000 0.000000 0.000000 1.000000
0.907169 -0.211109 -0.363975 12.703900 0.173663 0.975767 -0.133119 19.013800 0.383258 0.057552 0.921847 2.490000 0.000000 0.000000 0.000000 1.000000
0.909660 -0.228586 -0.346796 12.703900 0.195788 0.972343 -0.127346 19.013800 0.366314 0.047943 0.929255 2.490000 0.000000 0.000000 0.000000 1.000000
0.910274 -0.262074 -0.320497 12.703900 0.234614 0.964374 -0.122227 19.013800 0.341111 0.036067 0.939331 2.490000 0.000000 0.000000 0.000000 1.000000
0.924093 -0.289252 -0.249771 12.703900 0.270681 0.956756 -0.106533 19.013800 0.269785 0.030838 0.962427 2.490000 0.000000 0.000000 0.000000 1.000000
0.929156 -0.270655 -0.251824 12.703900 0.251431 0.962025 -0.106258 19.013800 0.271020 0.035414 0.961922 2.490000 0.000000 0.000000 0.000000 1.000000</float_array><technique_common><accessor source="#mixamorig_LeftShoulder-Matrix-animation-output-transform-array" count="21" stride="16"><param type="float4x4"/></accessor></technique_common></source><source id="mixamorig_LeftShoulder-Interpolations"><Name_array id="mixamorig_LeftShoulder-Interpolations-array" count="21">
 LINEAR LINEAR LINEAR LINEAR LINEAR LINEAR LINEAR LINEAR LINEAR LINEAR LINEAR
LINEAR LINEAR LINEAR LINEAR LINEAR LINEAR LINEAR LINEAR LINEAR LINEAR</Name_array><technique_common><accessor source="#mixamorig_LeftShoulder-Interpolations-array" count="21"><param type="name"/></accessor></technique_common></source><sampler id="mixamorig_LeftShoulder-Matrix-animation-transform"><input semantic="INPUT" source="#mixamorig_LeftShoulder-Matrix-animation-input"/><input semantic="OUTPUT" source="#mixamorig_LeftShoulder-Matrix-animation-output-transform"/><input semantic="INTERPOLATION" source="#mixamorig_LeftShoulder-Interpolations"/></sampler><channel source="#mixamorig_LeftShoulder-Matrix-animation-transform" target="mixamorig_LeftShoulder/matrix"/></animation>
    <animation id="mixamorig_LeftArm-anim" name="mixamorig_LeftArm"><source id="mixamorig_LeftArm-Matrix-animation-input"><float_array id="mixamorig_LeftArm-Matrix-animation-input-array" count="21">

0.000000 0.033333 0.066667 0.100000 0.133333 0.166667 0.200000 0.233333 0.266667 0.300000 0.333333 0.366667 0.400000 0.433333 0.466667 0.500000
0.533333 0.566667 0.600000 0.633333 0.666667</float_array><technique_common><accessor source="#mixamorig_LeftArm-Matrix-animation-input-array" count="21"><param name="TIME" type="float"/></accessor></technique_common></source><source id="mixamorig_LeftArm-Matrix-animation-output-transform"><float_array id="mixamorig_LeftArm-Matrix-animation-output-transform-array" count="336">

0.632145 0.774627 0.018572 21.586901 0.111704 -0.114823 0.987086 1.007900 0.766756 -0.621907 -0.159114 -3.635400 0.000000 0.000000 0.000000 1.000000
0.632892 0.774137 0.012662 21.586901 0.115385 -0.110478 0.987158 1.007900 0.765594 -0.623303 -0.159244 -3.635400 0.000000 0.000000 0.000000 1.000000
0.614848 0.788632 -0.004585 21.586901 0.101081 -0.073039 0.992193 1.007900 0.782141 -0.610512 -0.124624 -3.635400 0.000000 0.000000 0.000000 1.000000
0.615261 0.787927 -0.025004 21.586901 0.068607 -0.021920 0.997403 1.007900 0.785333 -0.615378 -0.067544 -3.635400 0.000000 0.000000 0.000000 1.000000
0.611110 0.790824 -0.033786 21.586901 0.032537 0.017550 0.999316 1.007900 0.790876 -0.611792 -0.015006 -3.635400 0.000000 0.000000 0.000000 1.000000
0.619004 0.784740 -0.031879 21.586901 0.039387 0.009522 0.999179 1.007900 0.784399 -0.619752 -0.025014 -3.635400 0.000000 0.000000 0.000000 1.000000
0.614456 0.788750 -0.017806 21.586901 0.087239 -0.045496 0.995148 1.007900 0.784113 -0.613028 -0.096765 -3.635400 0.000000 0.000000 0.000000 1.000000
0.601202 0.799064 0.007335 21.586901 0.140180 -0.114496 0.983484 1.007900 0.786706 -0.590244 -0.180848 -3.635400 0.000000 0.000000 0.000000 1.000000
0.582964 0.811590 0.038408 21.586901 0.185433 -0.178922 0.966231 1.007900 0.791055 -0.556156 -0.254800 -3.635400 0.000000 0.000000 0.000000 1.000000
0.583831 0.809776 0.058343 21.586901 0.186885 -0.203977 0.960972 1.007900 0.790073 -0.550142 -0.270423 -3.635400 0.000000 0.000000 0.000000 1.000000
0.608640 0.791990 0.048063 21.586901 0.146693 -0.171850 0.974140 1.007900 0.779768 -0.585850 -0.220774 -3.635400 0.000000 0.000000 0.000000 1.000000
0.644448 0.763189 0.047210 21.586901 0.096999 -0.142838 0.984981 1.007900 0.758470 -0.630190 -0.166080 -3.635400 0.000000 0.000000 0.000000 1.000000
0.666298 0.742181 0.072206 21.586901 0.062191 -0.151803 0.986452 1.007900 0.743087 -0.652781 -0.147303 -3.635400 0.000000 0.000000 0.000000 1.000000
0.672367 0.734334 0.093142 21.586901 0.048598 -0.169352 0.984357 1.007900 0.738621 -0.657323 -0.149554 -3.635400 0.000000 0.000000 0.000000 1.000000
0.673397 0.732762 0.097958 21.586901 0.047797 -0.175381 0.983340 1.007900 0.737734 -0.657496 -0.153125 -3.635400 0.000000 0.000000 0.000000 1.000000
0.680134 0.726955 0.094629 21.586901 0.060288 -0.184110 0.981055 1.007900 0.730605 -0.661544 -0.169046 -3.635400 0.000000 0.000000 0.000000 1.000000
0.669335 0.737492 0.089976 21.586901 0.074038 -0.186712 0.979621 1.007900 0.739262 -0.649033 -0.179575 -3.635400 0.000000 0.000000 0.000000 1.000000
0.669377 0.739695 0.069180 21.586901 0.076248 -0.161028 0.984000 1.007900 0.739000 -0.653392 -0.164189 -3.635400 0.000000 0.000000 0.000000 1.000000
0.685206 0.727322 0.038670 21.586901 0.069099 -0.117767 0.990634 1.007900 0.725064 -0.676116 -0.130951 -3.635400 0.000000 0.000000 0.000000 1.000000
0.661347 0.748792 0.043934 21.586901 0.093726 -0.140610 0.985619 1.007900 0.744201 -0.647718 -0.163174 -3.635400 0.000000 0.000000 0.000000 1.000000
0.632145 0.774628 0.018572 21.586901 0.111705 -0.114823 0.987085 1.007900 0.766756 -0.621906 -0.159114 -3.635400 0.000000 0.000000 0.000000 1.000000</float_array><technique_common><accessor source="#mixamorig_LeftArm-Matrix-animation-output-transform-array" count="21" stride="16"><param type="float4x4"/></accessor></technique_common></source><source id="mixamorig_LeftArm-Interpolations"><Name_array id="mixamorig_LeftArm-Interpolations-array" count="21">
 LINEAR LINEAR LINEAR LINEAR LINEAR LINEAR LINEAR LINEAR LINEAR LINEAR LINEAR
LINEAR LINEAR LINEAR LINEAR LINEAR LINEAR LINEAR LINEAR LINEAR LINEAR</Name_array><technique_common><accessor source="#mixamorig_LeftArm-Interpolations-array" count="21"><param type="name"/></accessor></technique_common></source><sampler id="mixamorig_LeftArm-Matrix-animation-transform"><input semantic="INPUT" source="#mixamorig_LeftArm-Matrix-animation-input"/><input semantic="OUTPUT" source="#mixamorig_LeftArm-Matrix-animation-output-transform"/><input semantic="INTERPOLATION" source="#mixamorig_LeftArm-Interpolations"/></sampler><channel source="#mixamorig_LeftArm-Matrix-animation-transform" target="mixamorig_LeftArm/matrix"/></animation>
    <animation id="mixamorig_LeftForeArm-anim" name="mixamorig_LeftForeArm"><source id="mixamorig_LeftForeArm-Matrix-animation-input"><float_array id="mixamorig_LeftForeArm-Matrix-animation-input-array" count="21">

0.000000 0.033333 0.066667 0.100000 0.133333 0.166667 0.200000 0.233333 0.266667 0.300000 0.333333 0.366667 0.400000 0.433333 0.466667 0.500000
