<?xml version="1.0" encoding="utf-8"?>
<COLLADA xmlns="http://www.collada.org/2005/11/COLLADASchema" version="1.4.1">
  <asset><contributor><author>Mixamo</author><authoring_tool>COLLADA Mixamo exporter</authoring_tool><comments></comments></contributor><created>2018-02-10T11:49:16Z</created><modified>2018-02-10T11:49:16Z</modified><revision></revision><title></title><unit meter="0.010000"/><up_axis>Y_UP</up_axis></asset>
  <library_animations>
    <animation id="mixamorig_Hips-anim" name="mixamorig_Hips"><source id="mixamorig_Hips-Matrix-animation-input"><float_array id="mixamorig_Hips-Matrix-animation-input-array" count="86">

0.000000 0.033333 0.066667 0.100000 0.133333 0.166667 0.200000 0.233333 0.266667 0.300000 0.333333 0.366667 0.400000 0.433333 0.466667 0.500000
0.533333 0.566667 0.600000 0.633333 0.666667 0.700000 0.733333 0.766667 0.800000 0.833333 0.866667 0.900000 0.933333 0.966667 1.000000 1.033333
1.066667 1.100000 1.133333 1.166667 1.200000 1.233333 1.266667 1.300000 1.333333 1.366667 1.400000 1.433333 1.466667 1.500000 1.533333 1.566667
1.600000 1.633333 1.666667 1.700000 1.733333 1.766667 1.800000 1.833333 1.866667 1.900000 1.933333 1.966667 2.000000 2.033333 2.066667 2.100000
2.133333 2.166667 2.200000 2.233333 2.266667 2.300000 2.333333 2.366667 2.400000 2.433333 2.466667 2.500000 2.533333 2.566667 2.600000 2.633333
2.666667 2.700000 2.733333 2.766667 2.800000 2.833333</float_array><technique_common><accessor source="#mixamorig_Hips-Matrix-animation-input-array" count="86"><param name="TIME" type="float"/></accessor></technique_common></source><source id="mixamorig_Hips-Matrix-animation-output-transform"><float_array id="mixamorig_Hips-Matrix-animation-output-transform-array" count="1376">

0.910969 -0.123830 -0.393449 0.845965 -0.105767 0.851854 -0.512990 197.361023 0.398685 0.508932 0.762915 -2.069103 0.000000 0.000000 0.000000 1.000000
0.924171 -0.135871 -0.356998 1.877237 -0.053496 0.879350 -0.473162 199.430634 0.378215 0.456380 0.805401 28.007511 0.000000 0.000000 0.000000 1.000000
0.926446 -0.138383 -0.350067 3.115861 -0.023970 0.906400 -0.421740 201.346222 0.375663 0.399110 0.836414 59.405357 0.000000 0.000000 0.000000 1.000000
0.917705 -0.129342 -0.375617 4.581099 -0.021593 0.927874 -0.372268 201.796906 0.396675 0.349743 0.848722 92.240059 0.000000 0.000000 0.000000 1.000000
0.901974 -0.094166 -0.421397 6.640079 -0.039081 0.954121 -0.296859 200.518585 0.430018 0.284228 0.856912 124.751091 0.000000 0.000000 0.000000 1.000000
0.890708 -0.052309 -0.451557 9.608306 -0.029881 0.984471 -0.172984 196.850128 0.453593 0.167571 0.875313 154.873245 0.000000 0.000000 0.000000 1.000000
0.890042 -0.019957 -0.455441 13.141670 0.002574 0.999245 -0.038755 190.545822 0.455871 0.033321 0.889422 185.127274 0.000000 0.000000 0.000000 1.000000
0.921337 -0.026815 -0.387838 14.889473 0.040446 0.998816 0.027025 185.343994 0.386654 -0.040586 0.921331 212.071259 0.000000 0.000000 0.000000 1.000000
0.964238 -0.065727 -0.256757 14.483816 0.077206 0.996405 0.034876 183.786423 0.253542 -0.053452 0.965846 234.713150 0.000000 0.000000 0.000000 1.000000
0.979077 -0.076830 -0.188431 13.350040 0.097483 0.989904 0.102898 185.580994 0.178623 -0.119114 0.976681 254.374481 0.000000 0.000000 0.000000 1.000000
0.976992 -0.035129 -0.210362 13.340328 0.072692 0.982130 0.173597 188.118607 0.200505 -0.184894 0.962087 274.760162 0.000000 0.000000 0.000000 1.000000
0.979614 -0.006624 -0.200779 13.204949 0.045734 0.980565 0.190788 190.597412 0.195613 -0.196081 0.960879 295.428223 0.000000 0.000000 0.000000 1.000000
0.988459 -0.026551 -0.149144 12.887198 0.058718 0.974706 0.215639 191.858139 0.139647 -0.221908 0.965016 315.695831 0.000000 0.000000 0.000000 1.000000
0.989768 -0.040982 -0.136672 12.220929 0.073678 0.967077 0.243587 191.645889 0.122189 -0.251164 0.960201 337.330292 0.000000 0.000000 0.000000 1.000000
0.986728 -0.046374 -0.155621 10.765114 0.082885 0.967944 0.237098 191.376556 0.139637 -0.246849 0.958940 360.623138 0.000000 0.000000 0.000000 1.000000
0.984496 -0.092149 -0.149255 8.539443 0.123780 0.967862 0.218908 187.458878 0.124286 -0.233989 0.964262 383.756439 0.000000 0.000000 0.000000 1.000000
0.988621 -0.115817 -0.095991 6.280252 0.134988 0.964642 0.226373 181.650452 0.066379 -0.236755 0.969299 404.895477 0.000000 0.000000 0.000000 1.000000
0.995988 -0.075313 -0.048323 5.169683 0.084684 0.967784 0.237114 176.742447 0.028909 -0.240255 0.970279 421.622223 0.000000 0.000000 0.000000 1.000000
0.996573 0.009413 -0.082187 6.981676 0.005221 0.984368 0.176047 172.869781 0.082559 -0.175872 0.980945 432.148376 0.000000 0.000000 0.000000 1.000000
0.985003 0.017301 -0.171667 9.853565 0.004599 0.991974 0.126360 171.595062 0.172475 -0.125254 0.977018 443.136108 0.000000 0.000000 0.000000 1.000000
0.966307 0.003544 -0.257366 12.254848 0.019788 0.995923 0.088011 172.427338 0.256629 -0.090139 0.962298 452.843262 0.000000 0.000000 0.000000 1.000000
0.943336 -0.008764 -0.331724 15.570311 0.018527 0.999483 0.026279 174.476242 0.331322 -0.030936 0.943010 461.488892 0.000000 0.000000 0.000000 1.000000
0.924364 -0.004984 -0.381478 20.029797 -0.010392 0.999215 -0.038235 176.757980 0.381369 0.039307 0.923587 471.319641 0.000000 0.000000 0.000000 1.000000
0.919654 0.010086 -0.392599 24.287220 -0.042680 0.996316 -0.074381 178.281128 0.390403 0.085160 0.916697 482.097565 0.000000 0.000000 0.000000 1.000000
0.927573 0.028292 -0.372568 28.190432 -0.063581 0.994538 -0.082775 178.282227 0.368191 0.100469 0.924306 492.669037 0.000000 0.000000 0.000000 1.000000
0.940376 0.050213 -0.336410 30.629101 -0.092679 0.989447 -0.111382 177.949951 0.327266 0.135919 0.935106 500.871429 0.000000 0.000000 0.000000 1.000000
0.961855 0.049589 -0.269028 30.466621 -0.093751 0.983632 -0.153880 179.802429 0.256994 0.173232 0.950760 506.902740 0.000000 0.000000 0.000000 1.000000
0.981521 0.046402 -0.185643 30.217596 -0.082680 0.977759 -0.192746 182.689468 0.172571 0.204533 0.963528 513.173706 0.000000 0.000000 0.000000 1.000000
0.988352 0.057810 -0.140777 29.777607 -0.092069 0.963690 -0.250648 186.376282 0.121175 0.260690 0.957788 519.245972 0.000000 0.000000 0.000000 1.000000
0.989763 0.063513 -0.127807 28.608608 -0.101095 0.944115 -0.313729 189.853165 0.100739 0.323438 0.940872 524.526367 0.000000 0.000000 0.000000 1.000000
0.991063 0.065227 -0.116362 26.838675 -0.102598 0.930209 -0.352398 192.827682 0.085255 0.361187 0.928588 529.375183 0.000000 0.000000 0.000000 1.000000
0.992841 0.064101 -0.100789 24.761576 -0.097508 0.922314 -0.373938 195.716110 0.068990 0.381089 0.921961 533.188965 0.000000 0.000000 0.000000 1.000000
0.994444 0.058138 -0.087756 22.825296 -0.088531 0.912921 -0.398419 198.579483 0.056951 0.403974 0.912996 535.981506 0.000000 0.000000 0.000000 1.000000
0.993910 0.051048 -0.097661 21.353518 -0.087386 0.905028 -0.416278 201.020844 0.067136 0.422277 0.903977 539.088501 0.000000 0.000000 0.000000 1.000000
0.988998 0.029680 -0.144920 20.000811 -0.089671 0.899437 -0.427752 203.041962 0.117651 0.436041 0.892203 541.914551 0.000000 0.000000 0.000000 1.000000
0.979701 -0.005200 -0.200399 18.507717 -0.084550 0.895683 -0.436581 204.810303 0.181764 0.444663 0.877062 544.486938 0.000000 0.000000 0.000000 1.000000
0.967292 -0.041043 -0.250322 16.993776 -0.074710 0.896957 -0.435759 206.006912 0.242413 0.440208 0.864553 546.694702 0.000000 0.000000 0.000000 1.000000
0.952878 -0.055812 -0.298175 15.751512 -0.078219 0.904487 -0.419267 206.782867 0.293096 0.422833 0.857500 548.741150 0.000000 0.000000 0.000000 1.000000
0.937574 -0.035585 -0.345961 15.005495 -0.108249 0.915481 -0.387526 207.490509 0.330511 0.400784 0.854479 550.959717 0.000000 0.000000 0.000000 1.000000
0.925187 -0.025977 -0.378621 14.549891 -0.128072 0.917759 -0.375920 207.731689 0.357248 0.396287 0.845772 553.094666 0.000000 0.000000 0.000000 1.000000
0.915787 -0.031813 -0.400402 14.369357 -0.135374 0.914090 -0.382249 207.505707 0.378163 0.404263 0.832805 555.123047 0.000000 0.000000 0.000000 1.000000
0.911104 -0.041939 -0.410037 14.407918 -0.132601 0.912100 -0.387931 206.963791 0.390264 0.407817 0.825457 556.979309 0.000000 0.000000 0.000000 1.000000
0.908287 -0.049672 -0.415387 15.106709 -0.126363 0.913973 -0.385598 206.407013 0.398806 0.402724 0.823873 558.200439 0.000000 0.000000 0.000000 1.000000
0.902400 -0.051697 -0.427787 16.710875 -0.127365 0.916416 -0.379419 205.705963 0.411646 0.396873 0.820390 558.992126 0.000000 0.000000 0.000000 1.000000
0.884053 -0.052556 -0.464422 19.188915 -0.150880 0.908368 -0.390003 204.488434 0.442363 0.414856 0.795116 560.552063 0.000000 0.000000 0.000000 1.000000
0.854752 -0.053691 -0.516252 22.217829 -0.190947 0.892354 -0.408954 202.953949 0.482637 0.448131 0.752489 562.432251 0.000000 0.000000 0.000000 1.000000
0.816176 -0.057781 -0.574907 25.770525 -0.240025 0.871170 -0.428311 201.092285 0.525590 0.487569 0.697159 564.099182 0.000000 0.000000 0.000000 1.000000
0.784816 -0.079464 -0.614613 28.664791 -0.266569 0.852025 -0.450549 199.422165 0.559468 0.517435 0.647500 565.444946 0.000000 0.000000 0.000000 1.000000
0.770395 -0.110594 -0.627902 30.540882 -0.266851 0.838496 -0.475095 198.185028 0.579036 0.533567 0.616461 566.329224 0.000000 0.000000 0.000000 1.000000
0.767811 -0.140714 -0.625033 31.660393 -0.253474 0.829264 -0.498068 197.117188 0.588403 0.540851 0.601051 566.905396 0.000000 0.000000 0.000000 1.000000
0.770960 -0.160680 -0.616282 32.027348 -0.237649 0.825183 -0.512441 196.282608 0.590884 0.541530 0.597998 567.046814 0.000000 0.000000 0.000000 1.000000
0.775443 -0.171170 -0.607774 31.774343 -0.223522 0.825809 -0.517762 195.685760 0.590530 0.537346 0.602107 566.436768 0.000000 0.000000 0.000000 1.000000
0.780213 -0.180009 -0.599053 31.175148 -0.211808 0.825093 -0.523793 195.175873 0.588562 0.535555 0.605620 565.324219 0.000000 0.000000 0.000000 1.000000
0.788242 -0.192809 -0.584380 30.169771 -0.198632 0.819093 -0.538175 194.647491 0.582426 0.540288 0.607345 563.746277 0.000000 0.000000 0.000000 1.000000
0.796468 -0.203408 -0.569441 28.774326 -0.180410 0.818896 -0.544850 194.480865 0.577140 0.536689 0.615528 561.366821 0.000000 0.000000 0.000000 1.000000
0.799624 -0.207607 -0.563472 26.966265 -0.165376 0.825919 -0.538989 194.491943 0.577280 0.524173 0.626092 558.249390 0.000000 0.000000 0.000000 1.000000
0.797503 -0.202927 -0.568163 24.929852 -0.155106 0.841119 -0.518132 194.343338 0.583036 0.501338 0.639320 554.510559 0.000000 0.000000 0.000000 1.000000
0.793050 -0.196390 -0.576631 22.521900 -0.142396 0.860612 -0.488948 193.858307 0.592280 0.469870 0.654543 550.216675 0.000000 0.000000 0.000000 1.000000
0.787617 -0.189514 -0.586296 19.805788 -0.123080 0.883959 -0.451073 193.237457 0.603747 0.427434 0.672896 545.504456 0.000000 0.000000 0.000000 1.000000
0.785756 -0.178283 -0.592286 17.085123 -0.094572 0.911673 -0.399886 192.449341 0.611264 0.370226 0.699492 540.464478 0.000000 0.000000 0.000000 1.000000
0.791311 -0.156495 -0.591047 14.724808 -0.068625 0.937847 -0.340197 191.628799 0.607550 0.309762 0.731389 535.851318 0.000000 0.000000 0.000000 1.000000
0.805848 -0.125558 -0.578658 12.854586 -0.050446 0.959148 -0.278370 191.075989 0.589970 0.253515 0.766593 532.214355 0.000000 0.000000 0.000000 1.000000
0.822268 -0.097856 -0.560624 11.034202 -0.034820 0.974609 -0.221187 190.843765 0.568034 0.201396 0.797983 529.190430 0.000000 0.000000 0.000000 1.000000
0.837080 -0.079381 -0.541291 9.122739 -0.017323 0.985075 -0.171251 191.176529 0.546806 0.152728 0.823211 526.909912 0.000000 0.000000 0.000000 1.000000
0.847406 -0.068308 -0.526533 7.584042 -0.002874 0.991085 -0.133200 191.740692 0.530937 0.114388 0.839655 525.481689 0.000000 0.000000 0.000000 1.000000
0.848997 -0.063509 -0.524567 6.413729 0.010760 0.994623 -0.103005 192.615982 0.528288 0.081806 0.845115 524.737244 0.000000 0.000000 0.000000 1.000000
0.845850 -0.059182 -0.530128 5.443352 0.020626 0.996712 -0.078359 193.706085 0.533022 0.055346 0.844289 524.624756 0.000000 0.000000 0.000000 1.000000
0.840754 -0.056393 -0.538472 4.711391 0.027480 0.997724 -0.061582 194.840927 0.540719 0.036979 0.840390 525.014404 0.000000 0.000000 0.000000 1.000000
0.834540 -0.054092 -0.548285 4.214413 0.033092 0.998293 -0.048120 196.007172 0.549952 0.022014 0.834906 525.853210 0.000000 0.000000 0.000000 1.000000
0.828972 -0.050503 -0.557005 3.940128 0.035387 0.998656 -0.037881 197.167038 0.558169 0.011691 0.829645 527.029846 0.000000 0.000000 0.000000 1.000000
0.824556 -0.045398 -0.563956 3.794437 0.032893 0.998936 -0.032321 198.112473 0.564824 0.008101 0.825172 528.612549 0.000000 0.000000 0.000000 1.000000
0.820013 -0.037409 -0.571121 3.676806 0.028589 0.999293 -0.024407 198.934723 0.571631 0.003687 0.820503 530.449890 0.000000 0.000000 0.000000 1.000000
0.815998 -0.030934 -0.577226 3.594896 0.025200 0.999521 -0.017941 199.647812 0.577505 0.000093 0.816387 532.468018 0.000000 0.000000 0.000000 1.000000
0.814690 -0.027765 -0.579232 3.402637 0.024922 0.999607 -0.012863 200.477875 0.579361 -0.003956 0.815061 534.279114 0.000000 0.000000 0.000000 1.000000
0.815815 -0.025481 -0.577751 3.165478 0.024602 0.999654 -0.009350 201.399536 0.577789 -0.006586 0.816159 535.888916 0.000000 0.000000 0.000000 1.000000
0.818898 -0.023803 -0.573445 2.893526 0.024188 0.999683 -0.006955 202.378296 0.573429 -0.008175 0.819215 537.359802 0.000000 0.000000 0.000000 1.000000
0.822142 -0.021969 -0.568858 2.631639 0.023310 0.999716 -0.004919 203.280441 0.568805 -0.009216 0.822421 538.591736 0.000000 0.000000 0.000000 1.000000
0.826224 -0.020607 -0.562964 2.398884 0.020660 0.999767 -0.006275 204.169891 0.562962 -0.006446 0.826457 539.651428 0.000000 0.000000 0.000000 1.000000
0.831308 -0.019447 -0.555471 2.178418 0.014522 0.999806 -0.013270 205.054855 0.555622 0.002965 0.831430 540.534058 0.000000 0.000000 0.000000 1.000000
0.837828 -0.018208 -0.545631 1.908695 0.011996 0.999816 -0.014944 205.917206 0.545803 0.005975 0.837892 541.225525 0.000000 0.000000 0.000000 1.000000
0.844355 -0.015674 -0.535555 1.694781 0.007079 0.999811 -0.018100 206.722351 0.535738 0.011491 0.844306 541.715210 0.000000 0.000000 0.000000 1.000000
0.850848 -0.014289 -0.525217 1.530564 0.003155 0.999751 -0.022087 207.518951 0.525402 0.017135 0.850681 542.016052 0.000000 0.000000 0.000000 1.000000
0.857309 -0.013766 -0.514618 1.400557 0.000670 0.999671 -0.025624 208.303558 0.514802 0.021623 0.857037 542.145935 0.000000 0.000000 0.000000 1.000000
0.863879 -0.013247 -0.503525 1.341979 -0.002209 0.999545 -0.030085 208.998657 0.503694 0.027102 0.863457 542.120056 0.000000 0.000000 0.000000 1.000000
0.869673 -0.013871 -0.493433 1.331534 -0.004970 0.999308 -0.036853 209.621719 0.493603 0.034502 0.869003 542.026428 0.000000 0.000000 0.000000 1.000000
0.874540 -0.016211 -0.484683 1.335433 -0.006107 0.998994 -0.044433 210.152023 0.484916 0.041819 0.873561 541.889954 0.000000 0.000000 0.000000 1.000000</float_array><technique_common><accessor source="#mixamorig_Hips-Matrix-animation-output-transform-array" count="86" stride="16"><param type="float4x4"/></accessor></technique_common></source><source id="mixamorig_Hips-Interpolations"><Name_array id="mixamorig_Hips-Interpolations-array" count="86">
 LINEAR LINEAR LINEAR LINEAR LINEAR LINEAR LINEAR LINEAR LINEAR LINEAR LINEAR
LINEAR LINEAR LINEAR LINEAR LINEAR LINEAR LINEAR LINEAR LINEAR LINEAR LINEAR LINEAR
LINEAR LINEAR LINEAR LINEAR LINEAR LINEAR LINEAR LINEAR LINEAR LINEAR LINEAR LINEAR
LINEAR LINEAR LINEAR LINEAR LINEAR LINEAR LINEAR LINEAR LINEAR LINEAR LINEAR LINEAR
LINEAR LINEAR LINEAR LINEAR LINEAR LINEAR LINEAR LINEAR LINEAR LINEAR LINEAR LINEAR
LINEAR LINEAR LINEAR LINEAR LINEAR LINEAR LINEAR LINEAR LINEAR LINEAR LINEAR LINEAR
LINEAR LINEAR LINEAR LINEAR LINEAR LINEAR LINEAR LINEAR LINEAR LINEAR LINEAR LINEAR
LINEAR LINEAR LINEAR</Name_array><technique_common><accessor source="#mixamorig_Hips-Interpolations-array" count="86"><param type="name"/></accessor></technique_common></source><sampler id="mixamorig_Hips-Matrix-animation-transform"><input semantic="INPUT" source="#mixamorig_Hips-Matrix-animation-input"/><input semantic="OUTPUT" source="#mixamorig_Hips-Matrix-animation-output-transform"/><input semantic="INTERPOLATION" source="#mixamorig_Hips-Interpolations"/></sampler><channel source="#mixamorig_Hips-Matrix-animation-transform" target="mixamorig_Hips/matrix"/></animation>
    <animation id="mixamorig_Spine-anim" name="mixamorig_Spine"><source id="mixamorig_Spine-Matrix-animation-input"><float_array id="mixamorig_Spine-Matrix-animation-input-array" count="86">

0.000000 0.033333 0.066667 0.100000 0.133333 0.166667 0.200000 0.233333 0.266667 0.300000 0.333333 0.366667 0.400000 0.433333 0.466667 0.500000
0.533333 0.566667 0.600000 0.633333 0.666667 0.700000 0.733333 0.766667 0.800000 0.833333 0.866667 0.900000 0.933333 0.966667 1.000000 1.033333
1.066667 1.100000 1.133333 1.166667 1.200000 1.233333 1.266667 1.300000 1.333333 1.366667 1.400000 1.433333 1.466667 1.500000 1.533333 1.566667
1.600000 1.633333 1.666667 1.700000 1.733333 1.766667 1.800000 1.833333 1.866667 1.900000 1.933333 1.966667 2.000000 2.033333 2.066667 2.100000
2.133333 2.166667 2.200000 2.233333 2.266667 2.300000 2.333333 2.366667 2.400000 2.433333 2.466667 2.500000 2.533333 2.566667 2.600000 2.633333
2.666667 2.700000 2.733333 2.766667 2.800000 2.833333</float_array><technique_common><accessor source="#mixamorig_Spine-Matrix-animation-input-array" count="86"><param name="TIME" type="float"/></accessor></technique_common></source><source id="mixamorig_Spine-Matrix-animation-output-transform"><float_array id="mixamorig_Spine-Matrix-animation-output-transform-array" count="1376">

0.996882 0.046625 0.063662 -0.057500 -0.032889 0.978858 -0.201881 18.534300 -0.071729 0.199158 0.977339 -2.042900 0.000000 0.000000 0.000000 1.000000
0.991798 0.084882 0.095558 -0.057500 -0.067162 0.982206 -0.175390 18.534300 -0.108745 0.167533 0.979851 -2.042900 0.000000 0.000000 0.000000 1.000000
0.985092 0.099062 0.140643 -0.057500 -0.081351 0.988620 -0.126538 18.534300 -0.151578 0.113210 0.981941 -2.042900 0.000000 0.000000 0.000000 1.000000
0.977564 0.085077 0.192692 -0.057500 -0.084960 0.996345 -0.008886 18.534300 -0.192744 -0.007684 0.981219 -2.042900 0.000000 0.000000 0.000000 1.000000
0.975817 0.027773 0.216816 -0.057500 -0.044994 0.996175 0.074901 18.534300 -0.213907 -0.082845 0.973335 -2.042900 0.000000 0.000000 0.000000 1.000000
0.978578 -0.005762 0.205795 -0.057500 -0.000339 0.999562 0.029599 18.534300 -0.205875 -0.029035 0.978147 -2.042900 0.000000 0.000000 0.000000 1.000000
0.984506 -0.013417 0.174839 -0.057500 0.021500 0.998782 -0.044420 18.534300 -0.174030 0.047490 0.983595 -2.042900 0.000000 0.000000 0.000000 1.000000
0.987367 0.084735 0.133888 -0.057500 -0.075177 0.994353 -0.074905 18.534300 -0.139479 0.063894 0.988162 -2.042900 0.000000 0.000000 0.000000 1.000000
0.973263 0.220375 0.064763 -0.057500 -0.217176 0.974696 -0.052943 18.534300 -0.074791 0.037462 0.996495 -2.042900 0.000000 0.000000 0.000000 1.000000
0.968983 0.246971 -0.008794 -0.057500 -0.245836 0.959672 -0.136359 18.534300 -0.025237 0.134292 0.990620 -2.042900 0.000000 0.000000 0.000000 1.000000
0.989403 0.131970 -0.060536 -0.057500 -0.142539 0.962210 -0.232024 18.534300 0.027628 0.238195 0.970824 -2.042900 0.000000 0.000000 0.000000 1.000000
0.993069 0.003161 -0.117491 -0.057500 -0.033308 0.966228 -0.255528 18.534300 0.112715 0.257670 0.959636 -2.042900 0.000000 0.000000 0.000000 1.000000
0.983131 -0.050165 -0.175886 -0.057500 -0.003672 0.956044 -0.293200 18.534300 0.182863 0.288900 0.939733 -2.042900 0.000000 0.000000 0.000000 1.000000
0.976071 -0.070741 -0.205624 -0.057500 0.004372 0.951798 -0.306696 18.534300 0.217408 0.298458 0.929331 -2.042900 0.000000 0.000000 0.000000 1.000000
0.976152 -0.073842 -0.204144 -0.057500 0.017306 0.963849 -0.265888 18.534300 0.216398 0.256014 0.942141 -2.042900 0.000000 0.000000 0.000000 1.000000
0.983137 0.005467 -0.182788 -0.057500 -0.049351 0.970398 -0.236415 18.534300 0.176084 0.241449 0.954304 -2.042900 0.000000 0.000000 0.000000 1.000000
0.984616 0.075985 -0.157347 -0.057500 -0.116746 0.956082 -0.268845 18.534300 0.130009 0.283078 0.950244 -2.042900 0.000000 0.000000 0.000000 1.000000
0.990690 0.055383 -0.124364 -0.057500 -0.101630 0.908683 -0.404929 18.534300 0.090581 0.413798 0.905851 -2.042900 0.000000 0.000000 0.000000 1.000000
0.998047 -0.012951 -0.061118 -0.057500 -0.019705 0.863092 -0.504662 18.534300 0.059286 0.504881 0.861151 -2.042900 0.000000 0.000000 0.000000 1.000000
0.996886 0.077467 -0.014761 -0.057500 -0.073223 0.839757 -0.538002 18.534300 -0.029281 0.537407 0.842814 -2.042900 0.000000 0.000000 0.000000 1.000000
0.980339 0.197184 0.007396 -0.057500 -0.155694 0.796001 -0.584929 18.534300 -0.121226 0.572277 0.811051 -2.042900 0.000000 0.000000 0.000000 1.000000
0.964443 0.263213 0.023843 -0.057500 -0.193524 0.764762 -0.614563 18.534300 -0.179995 0.588097 0.788507 -2.042900 0.000000 0.000000 0.000000 1.000000
0.963654 0.262406 0.050138 -0.057500 -0.176373 0.765853 -0.618354 18.534300 -0.200658 0.587036 0.784299 -2.042900 0.000000 0.000000 0.000000 1.000000
0.966854 0.243937 0.075415 -0.057500 -0.145766 0.769848 -0.621358 18.534300 -0.209630 0.589770 0.779889 -2.042900 0.000000 0.000000 0.000000 1.000000
0.972742 0.212904 0.091893 -0.057500 -0.107262 0.764450 -0.635698 18.534300 -0.205590 0.608514 0.766449 -2.042900 0.000000 0.000000 0.000000 1.000000
0.977411 0.182617 0.106393 -0.057500 -0.071624 0.759817 -0.646180 18.534300 -0.198843 0.623962 0.755733 -2.042900 0.000000 0.000000 0.000000 1.000000
0.973119 0.200456 0.113385 -0.057500 -0.074398 0.739559 -0.668967 18.534300 -0.217953 0.642549 0.734593 -2.042900 0.000000 0.000000 0.000000 1.000000
0.975211 0.187140 0.118073 -0.057500 -0.055591 0.723697 -0.687875 18.534300 -0.214178 0.664260 0.716161 -2.042900 0.000000 0.000000 0.000000 1.000000
0.977273 0.167189 0.130325 -0.057500 -0.034604 0.732363 -0.680034 18.534300 -0.209140 0.660069 0.721505 -2.042900 0.000000 0.000000 0.000000 1.000000
0.975645 0.171361 0.136937 -0.057500 -0.039459 0.751197 -0.658898 18.534300 -0.215777 0.637447 0.739663 -2.042900 0.000000 0.000000 0.000000 1.000000
0.976371 0.173307 0.129089 -0.057500 -0.048351 0.757410 -0.651147 18.534300 -0.210622 0.629520 0.747893 -2.042900 0.000000 0.000000 0.000000 1.000000
0.979407 0.165240 0.116012 -0.057500 -0.046535 0.743888 -0.666683 18.534300 -0.196462 0.647555 0.736258 -2.042900 0.000000 0.000000 0.000000 1.000000
0.986559 0.132830 0.095167 -0.057500 -0.034747 0.739623 -0.672124 18.534300 -0.159666 0.659783 0.734297 -2.042900 0.000000 0.000000 0.000000 1.000000
0.992747 0.095041 0.073626 -0.057500 -0.023059 0.751573 -0.659247 18.534300 -0.117991 0.652767 0.748313 -2.042900 0.000000 0.000000 0.000000 1.000000
0.992872 0.107006 0.052489 -0.057500 -0.049466 0.770635 -0.635354 18.534300 -0.108437 0.628228 0.770435 -2.042900 0.000000 0.000000 0.000000 1.000000
0.988731 0.147723 0.024272 -0.057500 -0.103257 0.790339 -0.603905 18.534300 -0.108394 0.594594 0.796686 -2.042900 0.000000 0.000000 0.000000 1.000000
0.982105 0.187388 -0.018884 -0.057500 -0.162704 0.793661 -0.586199 18.534300 -0.094859 0.578782 0.809947 -2.042900 0.000000 0.000000 0.000000 1.000000
0.977436 0.199765 -0.068655 -0.057500 -0.201703 0.786133 -0.584218 18.534300 -0.062734 0.584883 0.808688 -2.042900 0.000000 0.000000 0.000000 1.000000
0.979383 0.167852 -0.112407 -0.057500 -0.201638 0.778333 -0.594592 18.534300 -0.012314 0.604999 0.796131 -2.042900 0.000000 0.000000 0.000000 1.000000
0.979937 0.139805 -0.142052 -0.057500 -0.196993 0.787723 -0.583683 18.534300 0.030296 0.599956 0.799459 -2.042900 0.000000 0.000000 0.000000 1.000000
0.980333 0.119569 -0.157006 -0.057500 -0.188142 0.806435 -0.560593 18.534300 0.059585 0.579107 0.813071 -2.042900 0.000000 0.000000 0.000000 1.000000
0.980764 0.101152 -0.166946 -0.057500 -0.177743 0.816300 -0.549601 18.534300 0.080685 0.568703 0.818576 -2.042900 0.000000 0.000000 0.000000 1.000000
0.980264 0.085351 -0.178320 -0.057500 -0.173976 0.800821 -0.573078 18.534300 0.093889 0.592791 0.799865 -2.042900 0.000000 0.000000 0.000000 1.000000
0.980221 0.069640 -0.185249 -0.057500 -0.170640 0.771528 -0.612883 18.534300 0.100244 0.632372 0.768152 -2.042900 0.000000 0.000000 0.000000 1.000000
0.982214 0.064317 -0.176408 -0.057500 -0.161656 0.767588 -0.620222 18.534300 0.095518 0.637708 0.764333 -2.042900 0.000000 0.000000 0.000000 1.000000
0.985049 0.072410 -0.156318 -0.057500 -0.153887 0.777732 -0.609469 18.534300 0.077441 0.624412 0.777247 -2.042900 0.000000 0.000000 0.000000 1.000000
0.985897 0.105894 -0.129588 -0.057500 -0.162927 0.784226 -0.598703 18.534300 0.038228 0.611373 0.790419 -2.042900 0.000000 0.000000 0.000000 1.000000
0.981793 0.158002 -0.105442 -0.057500 -0.189643 0.783547 -0.591684 18.534300 -0.010869 0.600908 0.799244 -2.042900 0.000000 0.000000 0.000000 1.000000
0.974571 0.207596 -0.084348 -0.057500 -0.216831 0.778739 -0.588684 18.534300 -0.056524 0.592004 0.803950 -2.042900 0.000000 0.000000 0.000000 1.000000
0.966971 0.246299 -0.065603 -0.057500 -0.236864 0.773262 -0.588185 18.534300 -0.094141 0.584297 0.806061 -2.042900 0.000000 0.000000 0.000000 1.000000
0.959060 0.279451 -0.045944 -0.057500 -0.251783 0.767093 -0.590063 18.534300 -0.129650 0.577474 0.806049 -2.042900 0.000000 0.000000 0.000000 1.000000
0.954071 0.297799 -0.032612 -0.057500 -0.255111 0.750555 -0.609578 18.534300 -0.157054 0.589900 0.792055 -2.042900 0.000000 0.000000 0.000000 1.000000
0.951667 0.306453 -0.020381 -0.057500 -0.252460 0.742750 -0.620151 18.534300 -0.174909 0.595323 0.784218 -2.042900 0.000000 0.000000 0.000000 1.000000
0.950732 0.310005 -0.002472 -0.057500 -0.251192 0.765638 -0.592200 18.534300 -0.181693 0.563644 0.805787 -2.042900 0.000000 0.000000 0.000000 1.000000
0.951284 0.308160 0.009805 -0.057500 -0.247120 0.781101 -0.573421 18.534300 -0.184364 0.543064 0.819202 -2.042900 0.000000 0.000000 0.000000 1.000000
0.950187 0.310676 0.024985 -0.057500 -0.244624 0.793037 -0.557899 18.534300 -0.193140 0.523997 0.829532 -2.042900 0.000000 0.000000 0.000000 1.000000
0.952609 0.301887 0.037412 -0.057500 -0.234166 0.806240 -0.543271 18.534300 -0.194169 0.508764 0.838724 -2.042900 0.000000 0.000000 0.000000 1.000000
0.955944 0.289690 0.047443 -0.057500 -0.222833 0.821327 -0.525135 18.534300 -0.191093 0.491428 0.849695 -2.042900 0.000000 0.000000 0.000000 1.000000
0.959080 0.277351 0.056944 -0.057500 -0.210524 0.833030 -0.511606 18.534300 -0.189330 0.478683 0.857331 -2.042900 0.000000 0.000000 0.000000 1.000000
0.960723 0.271735 0.056308 -0.057500 -0.204540 0.830509 -0.518090 18.534300 -0.187548 0.486224 0.853471 -2.042900 0.000000 0.000000 0.000000 1.000000
0.965827 0.254660 0.048228 -0.057500 -0.190703 0.824233 -0.533172 18.534300 -0.175529 0.505755 0.844631 -2.042900 0.000000 0.000000 0.000000 1.000000
0.979133 0.200301 0.034330 -0.057500 -0.149621 0.824839 -0.545211 18.534300 -0.137522 0.528697 0.837596 -2.042900 0.000000 0.000000 0.000000 1.000000
0.990159 0.138527 0.019863 -0.057500 -0.105060 0.829578 -0.548418 18.534300 -0.092449 0.540934 0.835969 -2.042900 0.000000 0.000000 0.000000 1.000000
0.995071 0.098693 0.009630 -0.057500 -0.077772 0.836987 -0.541668 18.534300 -0.061519 0.538250 0.840537 -2.042900 0.000000 0.000000 0.000000 1.000000
0.997466 0.071035 0.004003 -0.057500 -0.058381 0.849347 -0.524597 18.534300 -0.040665 0.523033 0.851342 -2.042900 0.000000 0.000000 0.000000 1.000000
0.998288 0.058462 -0.001861 -0.057500 -0.051467 0.862837 -0.502855 18.534300 -0.027792 0.502090 0.864369 -2.042900 0.000000 0.000000 0.000000 1.000000
0.998892 0.046116 -0.009388 -0.057500 -0.045082 0.880380 -0.472122 18.534300 -0.013507 0.472022 0.881483 -2.042900 0.000000 0.000000 0.000000 1.000000
0.999146 0.037713 -0.016853 -0.057500 -0.041285 0.898426 -0.437179 18.534300 -0.001347 0.437502 0.899216 -2.042900 0.000000 0.000000 0.000000 1.000000
0.999151 0.034020 -0.023225 -0.057500 -0.040542 0.911913 -0.408376 18.534300 0.007286 0.408971 0.912518 -2.042900 0.000000 0.000000 0.000000 1.000000
0.999311 0.026412 -0.026068 -0.057500 -0.034321 0.924944 -0.378550 18.534300 0.014113 0.379184 0.925214 -2.042900 0.000000 0.000000 0.000000 1.000000
0.999601 0.011613 -0.025744 -0.057500 -0.019724 0.939472 -0.342058 18.534300 0.020213 0.342429 0.939326 -2.042900 0.000000 0.000000 0.000000 1.000000
0.999722 -0.000776 -0.023573 -0.057500 -0.006570 0.950732 -0.309943 18.534300 0.022652 0.310012 0.950463 -2.042900 0.000000 0.000000 0.000000 1.000000
0.999716 -0.009195 -0.022006 -0.057500 0.002741 0.960880 -0.276950 18.534300 0.023691 0.276811 0.960632 -2.042900 0.000000 0.000000 0.000000 1.000000
0.999809 -0.004268 -0.019079 -0.057500 -0.000584 0.968924 -0.247358 18.534300 0.019542 0.247322 0.968736 -2.042900 0.000000 0.000000 0.000000 1.000000
0.999823 -0.004193 -0.018354 -0.057500 0.000082 0.975850 -0.218444 18.534300 0.018827 0.218403 0.975677 -2.042900 0.000000 0.000000 0.000000 1.000000
0.999838 -0.001048 -0.017954 -0.057500 -0.002481 0.980719 -0.195405 18.534300 0.017812 0.195418 0.980558 -2.042900 0.000000 0.000000 0.000000 1.000000
0.999864 0.007929 -0.014484 -0.057500 -0.010396 0.983774 -0.179111 18.534300 0.012829 0.179237 0.983722 -2.042900 0.000000 0.000000 0.000000 1.000000
0.999855 0.013549 -0.010348 -0.057500 -0.015080 0.986000 -0.166059 18.534300 0.007954 0.166191 0.986061 -2.042900 0.000000 0.000000 0.000000 1.000000
0.999879 0.012980 -0.008566 -0.057500 -0.014112 0.988725 -0.149077 18.534300 0.006534 0.149180 0.988789 -2.042900 0.000000 0.000000 0.000000 1.000000
0.999760 0.020912 -0.006541 -0.057500 -0.021629 0.989635 -0.141971 18.534300 0.003505 0.142078 0.989849 -2.042900 0.000000 0.000000 0.000000 1.000000
0.999655 0.025766 -0.005160 -0.057500 -0.026229 0.990259 -0.136745 18.534300 0.001586 0.136834 0.990593 -2.042900 0.000000 0.000000 0.000000 1.000000
0.999527 0.030491 -0.004118 -0.057500 -0.030768 0.990585 -0.133399 18.534300 0.000012 0.133463 0.991054 -2.042900 0.000000 0.000000 0.000000 1.000000
0.999348 0.035948 -0.003423 -0.057500 -0.036082 0.990370 -0.133660 18.534300 -0.001415 0.133696 0.991021 -2.042900 0.000000 0.000000 0.000000 1.000000
0.999185 0.040172 -0.003813 -0.057500 -0.040317 0.989861 -0.136201 18.534300 -0.001697 0.136243 0.990674 -2.042900 0.000000 0.000000 0.000000 1.000000
0.999094 0.042329 -0.004393 -0.057500 -0.042531 0.989673 -0.136892 18.534300 -0.001447 0.136955 0.990576 -2.042900 0.000000 0.000000 0.000000 1.000000
0.998987 0.044588 -0.006005 -0.057500 -0.044990 0.989637 -0.136361 18.534300 -0.000137 0.136493 0.990641 -2.042900 0.000000 0.000000 0.000000 1.000000</float_array><technique_common><accessor source="#mixamorig_Spine-Matrix-animation-output-transform-array" count="86" stride="16"><param type="float4x4"/></accessor></technique_common></source><source id="mixamorig_Spine-Interpolations"><Name_array id="mixamorig_Spine-Interpolations-array" count="86">
 LINEAR LINEAR LINEAR LINEAR LINEAR LINEAR LINEAR LINEAR LINEAR LINEAR LINEAR
LINEAR LINEAR LINEAR LINEAR LINEAR LINEAR LINEAR LINEAR LINEAR LINEAR LINEAR LINEAR
LINEAR LINEAR LINEAR LINEAR LINEAR LINEAR LINEAR LINEAR LINEAR LINEAR LINEAR LINEAR
LINEAR LINEAR LINEAR LINEAR LINEAR LINEAR LINEAR LINEAR LINEAR LINEAR LINEAR LINEAR
LINEAR LINEAR LINEAR LINEAR LINEAR LINEAR LINEAR LINEAR LINEAR LINEAR LINEAR LINEAR
LINEAR LINEAR LINEAR LINEAR LINEAR LINEAR LINEAR LINEAR LINEAR LINEAR LINEAR LINEAR
LINEAR LINEAR LINEAR LINEAR LINEAR LINEAR LINEAR LINEAR LINEAR LINEAR LINEAR LINEAR
LINEAR LINEAR LINEAR</Name_array><technique_common><accessor source="#mixamorig_Spine-Interpolations-array" count="86"><param type="name"/></accessor></technique_common></source><sampler id="mixamorig_Spine-Matrix-animation-transform"><input semantic="INPUT" source="#mixamorig_Spine-Matrix-animation-input"/><input semantic="OUTPUT" source="#mixamorig_Spine-Matrix-animation-output-transform"/><input semantic="INTERPOLATION" source="#mixamorig_Spine-Interpolations"/></sampler><channel source="#mixamorig_Spine-Matrix-animation-transform" target="mixamorig_Spine/matrix"/></animation>
    <animation id="mixamorig_Spine1-anim" name="mixamorig_Spine1"><source id="mixamorig_Spine1-Matrix-animation-input"><float_array id="mixamorig_Spine1-Matrix-animation-input-array" count="86">

0.000000 0.033333 0.066667 0.100000 0.133333 0.166667 0.200000 0.233333 0.266667 0.300000 0.333333 0.366667 0.400000 0.433333 0.466667 0.500000
0.533333 0.566667 0.600000 0.633333 0.666667 0.700000 0.733333 0.766667 0.800000 0.833333 0.866667 0.900000 0.933333 0.966667 1.000000 1.033333
1.066667 1.100000 1.133333 1.166667 1.200000 1.233333 1.266667 1.300000 1.333333 1.366667 1.400000 1.433333 1.466667 1.500000 1.533333 1.566667
1.600000 1.633333 1.666667 1.700000 1.733333 1.766667 1.800000 1.833333 1.866667 1.900000 1.933333 1.966667 2.000000 2.033333 2.066667 2.100000
2.133333 2.166667 2.200000 2.233333 2.266667 2.300000 2.333333 2.366667 2.400000 2.433333 2.466667 2.500000 2.533333 2.566667 2.600000 2.633333
2.666667 2.700000 2.733333 2.766667 2.800000 2.833333</float_array><technique_common><accessor source="#mixamorig_Spine1-Matrix-animation-input-array" count="86"><param name="TIME" type="float"/></accessor></technique_common></source><source id="mixamorig_Spine1-Matrix-animation-output-transform"><float_array id="mixamorig_Spine1-Matrix-animation-output-transform-array" count="1376">

0.998788 0.049017 0.004533 0.305500 -0.048306 0.993675 -0.101377 19.736099 -0.009474 0.101035 0.994838 -0.783400 0.000000 0.000000 0.000000 1.000000
0.996288 0.066659 0.054466 0.305500 -0.060922 0.993025 -0.100946 19.736099 -0.060815 0.097253 0.993400 -0.783400 0.000000 0.000000 0.000000 1.000000
0.990049 0.081452 0.114751 0.305500 -0.069616 0.992177 -0.103628 19.736099 -0.122294 0.094608 0.987974 -0.783400 0.000000 0.000000 0.000000 1.000000
0.982000 0.077615 0.172196 0.305500 -0.055997 0.990317 -0.127031 19.736099 -0.180388 0.115102 0.976837 -0.783400 0.000000 0.000000 0.000000 1.000000
0.978882 0.065133 0.193773 0.305500 -0.036203 0.988135 -0.149258 19.736099 -0.201196 0.139091 0.969626 -0.783400 0.000000 0.000000 0.000000 1.000000
0.983262 0.043837 0.176847 0.305500 -0.018630 0.989727 -0.141754 19.736099 -0.181244 0.136087 0.973977 -0.783400 0.000000 0.000000 0.000000 1.000000
0.989088 0.029688 0.144307 0.305500 -0.011326 0.991911 -0.126433 19.736099 -0.146893 0.123419 0.981423 -0.783400 0.000000 0.000000 0.000000 1.000000
0.994590 -0.025878 0.100605 0.305500 0.036894 0.993332 -0.109226 19.736099 -0.097108 0.112347 0.988913 -0.783400 0.000000 0.000000 0.000000 1.000000
0.995574 -0.087168 0.035134 0.305500 0.090798 0.988587 -0.120214 19.736099 -0.024254 0.122872 0.992126 -0.783400 0.000000 0.000000 0.000000 1.000000
0.996313 -0.082390 -0.023936 0.305500 0.078829 0.989183 -0.123707 19.736099 0.033869 0.121364 0.992030 -0.783400 0.000000 0.000000 0.000000 1.000000
0.997469 -0.023749 -0.067013 0.305500 0.016916 0.994768 -0.100745 19.736099 0.069055 0.099357 0.992653 -0.783400 0.000000 0.000000 0.000000 1.000000
0.991893 0.037454 -0.121433 0.305500 -0.046821 0.996067 -0.075226 19.736099 0.118138 0.080302 0.989745 -0.783400 0.000000 0.000000 0.000000 1.000000
0.982582 0.070488 -0.171944 0.305500 -0.080903 0.995240 -0.054325 19.736099 0.167296 0.067290 0.983608 -0.783400 0.000000 0.000000 0.000000 1.000000
0.977328 0.088766 -0.192227 0.305500 -0.102426 0.992787 -0.062316 19.736099 0.185309 0.080592 0.979370 -0.783400 0.000000 0.000000 0.000000 1.000000
0.978728 0.098024 -0.180227 0.305500 -0.114051 0.990183 -0.080807 19.736099 0.170537 0.099643 0.980300 -0.783400 0.000000 0.000000 0.000000 1.000000
0.985606 0.086188 -0.145442 0.305500 -0.098638 0.991848 -0.080675 19.736099 0.137303 0.093860 0.986072 -0.783400 0.000000 0.000000 0.000000 1.000000
0.992106 0.057181 -0.111607 0.305500 -0.065839 0.994970 -0.075502 19.736099 0.106729 0.082255 0.990880 -0.783400 0.000000 0.000000 0.000000 1.000000
0.996727 0.040920 -0.069717 0.305500 -0.043656 0.998317 -0.038185 19.736099 0.068037 0.041104 0.996836 -0.783400 0.000000 0.000000 0.000000 1.000000
0.998795 0.046646 -0.015244 0.305500 -0.047040 0.998539 -0.026609 19.736099 0.013981 0.027294 0.999530 -0.783400 0.000000 0.000000 0.000000 1.000000
0.999221 0.018793 0.034702 0.305500 -0.016485 0.997708 -0.065621 19.736099 -0.035855 0.064998 0.997241 -0.783400 0.000000 0.000000 0.000000 1.000000
0.996837 -0.005105 0.079315 0.305500 0.012281 0.995844 -0.090249 19.736099 -0.078525 0.090937 0.992756 -0.783400 0.000000 0.000000 0.000000 1.000000
0.992786 0.003456 0.119848 0.305500 0.010098 0.993623 -0.112304 19.736099 -0.119472 0.112705 0.986420 -0.783400 0.000000 0.000000 0.000000 1.000000
0.988371 0.026562 0.149724 0.305500 -0.005096 0.989859 -0.141965 19.736099 -0.151976 0.139551 0.978483 -0.783400 0.000000 0.000000 0.000000 1.000000
0.986100 0.031187 0.163200 0.305500 -0.002990 0.985398 -0.170241 19.736099 -0.166126 0.167387 0.971794 -0.783400 0.000000 0.000000 0.000000 1.000000
0.986059 0.026745 0.164233 0.305500 0.005888 0.980772 -0.195066 19.736099 -0.166292 0.193314 0.966942 -0.783400 0.000000 0.000000 0.000000 1.000000
0.986734 0.017253 0.161428 0.305500 0.016804 0.978142 -0.207259 19.736099 -0.161476 0.207222 0.964876 -0.783400 0.000000 0.000000 0.000000 1.000000
0.987771 -0.019615 0.154671 0.305500 0.052477 0.975999 -0.211357 19.736099 -0.146813 0.216889 0.965093 -0.783400 0.000000 0.000000 0.000000 1.000000
0.988797 -0.047097 0.141645 0.305500 0.078533 0.971111 -0.225336 19.736099 -0.126940 0.233935 0.963930 -0.783400 0.000000 0.000000 0.000000 1.000000
0.988293 -0.061796 0.139493 0.305500 0.093799 0.967195 -0.236083 19.736099 -0.120328 0.246404 0.961669 -0.783400 0.000000 0.000000 0.000000 1.000000
0.987240 -0.075367 0.140273 0.305500 0.107708 0.964870 -0.239633 19.736099 -0.117285 0.251684 0.960677 -0.783400 0.000000 0.000000 0.000000 1.000000
0.987849 -0.084576 0.130389 0.305500 0.114553 0.963218 -0.243084 19.736099 -0.105034 0.255066 0.961202 -0.783400 0.000000 0.000000 0.000000 1.000000
0.989296 -0.088990 0.115645 0.305500 0.114659 0.964263 -0.238852 19.736099 -0.090256 0.249556 0.964145 -0.783400 0.000000 0.000000 0.000000 1.000000
0.992652 -0.076394 0.093836 0.305500 0.096766 0.966783 -0.236572 19.736099 -0.072646 0.243914 0.967072 -0.783400 0.000000 0.000000 0.000000 1.000000
0.995791 -0.054541 0.073654 0.305500 0.071182 0.966474 -0.246699 19.736099 -0.057730 0.250904 0.966289 -0.783400 0.000000 0.000000 0.000000 1.000000
0.997044 -0.043334 0.063448 0.305500 0.058425 0.963897 -0.259785 19.736099 -0.049900 0.262724 0.963580 -0.783400 0.000000 0.000000 0.000000 1.000000
0.997797 -0.042733 0.050743 0.305500 0.054928 0.961096 -0.270698 19.736099 -0.037201 0.272888 0.961326 -0.783400 0.000000 0.000000 0.000000 1.000000
0.999099 -0.029177 0.030808 0.305500 0.036284 0.963882 -0.263845 19.736099 -0.021997 0.264725 0.964073 -0.783400 0.000000 0.000000 0.000000 1.000000
0.999987 -0.002204 0.004700 0.305500 0.003297 0.968945 -0.247255 19.736099 -0.004009 0.247267 0.968939 -0.783400 0.000000 0.000000 0.000000 1.000000
0.999206 0.032460 -0.023084 0.305500 -0.036984 0.971272 -0.235081 19.736099 0.014790 0.235748 0.971702 -0.783400 0.000000 0.000000 0.000000 1.000000
0.997183 0.059887 -0.045167 0.305500 -0.068875 0.969525 -0.235111 19.736099 0.029710 0.237560 0.970918 -0.783400 0.000000 0.000000 0.000000 1.000000
0.995314 0.076314 -0.059383 0.305500 -0.088359 0.967250 -0.237950 19.736099 0.039279 0.242082 0.969460 -0.783400 0.000000 0.000000 0.000000 1.000000
0.994003 0.084960 -0.068854 0.305500 -0.098964 0.966750 -0.235796 19.736099 0.046531 0.241196 0.969360 -0.783400 0.000000 0.000000 0.000000 1.000000
0.993443 0.088714 -0.072122 0.305500 -0.102556 0.970287 -0.219146 19.736099 0.050537 0.225106 0.973023 -0.783400 0.000000 0.000000 0.000000 1.000000
0.993405 0.091110 -0.069604 0.305500 -0.103233 0.974904 -0.197245 19.736099 0.049886 0.203130 0.977880 -0.783400 0.000000 0.000000 0.000000 1.000000
0.993642 0.097803 -0.055770 0.305500 -0.106769 0.975742 -0.191123 19.736099 0.035725 0.195863 0.979980 -0.783400 0.000000 0.000000 0.000000 1.000000
