<?xml version="1.0" encoding="utf-8"?>
<COLLADA xmlns="http://www.collada.org/2005/11/COLLADASchema" version="1.4.1">
  <asset><contributor><author>Mixamo</author><authoring_tool>COLLADA Mixamo exporter</authoring_tool><comments></comments></contributor><created>2018-02-10T11:49:27Z</created><modified>2018-02-10T11:49:27Z</modified><revision></revision><title></title><unit meter="0.010000"/><up_axis>Y_UP</up_axis></asset>
  <library_animations>
    <animation id="mixamorig_Hips-anim" name="mixamorig_Hips"><source id="mixamorig_Hips-Matrix-animation-input"><float_array id="mixamorig_Hips-Matrix-animation-input-array" count="61">

0.000000 0.033333 0.066667 0.100000 0.133333 0.166667 0.200000 0.233333 0.266667 0.300000 0.333333 0.366667 0.400000 0.433333 0.466667 0.500000
0.533333 0.566667 0.600000 0.633333 0.666667 0.700000 0.733333 0.766667 0.800000 0.833333 0.866667 0.900000 0.933333 0.966667 1.000000 1.033333
1.066667 1.100000 1.133333 1.166667 1.200000 1.233333 1.266667 1.300000 1.333333 1.366667 1.400000 1.433333 1.466667 1.500000 1.533333 1.566667
1.600000 1.633333 1.666667 1.700000 1.733333 1.766667 1.800000 1.833333 1.866667 1.900000 1.933333 1.966667 2.000000</float_array><technique_common><accessor source="#mixamorig_Hips-Matrix-animation-input-array" count="61"><param name="TIME" type="float"/></accessor></technique_common></source><source id="mixamorig_Hips-Matrix-animation-output-transform"><float_array id="mixamorig_Hips-Matrix-animation-output-transform-array" count="976">

0.910969 -0.123830 -0.393449 0.845989 -0.105768 0.851854 -0.512990 197.361069 0.398685 0.508932 0.762915 -2.069101 0.000000 0.000000 0.000000 1.000000
0.936086 -0.104523 -0.335884 -1.313354 -0.061338 0.891709 -0.448433 197.231293 0.346382 0.440374 0.828305 25.124416 0.000000 0.000000 0.000000 1.000000
0.957813 -0.084891 -0.274568 -3.068176 -0.026681 0.924986 -0.379064 197.003281 0.286150 0.370398 0.883699 52.136967 0.000000 0.000000 0.000000 1.000000
0.976869 -0.059731 -0.205326 -4.059076 -0.005973 0.952200 -0.305418 197.015549 0.213755 0.299580 0.929818 79.135460 0.000000 0.000000 0.000000 1.000000
0.990399 -0.033816 -0.134038 -4.410259 0.000899 0.971173 -0.238373 196.768875 0.138235 0.235964 0.961880 105.769699 0.000000 0.000000 0.000000 1.000000
0.996908 -0.017053 -0.076706 -4.186351 0.001795 0.980855 -0.194729 195.142685 0.078558 0.193989 0.977853 131.712433 0.000000 0.000000 0.000000 1.000000
0.998919 -0.021489 -0.041212 -3.666291 0.013803 0.983856 -0.178428 191.591064 0.044380 0.177666 0.983090 156.859848 0.000000 0.000000 0.000000 1.000000
0.999194 -0.038544 -0.011235 -3.616778 0.036154 0.985523 -0.165640 187.705521 0.017457 0.165100 0.986122 181.219940 0.000000 0.000000 0.000000 1.000000
0.999197 -0.038710 0.010333 -3.677828 0.039793 0.988843 -0.143546 185.154770 -0.004661 0.143842 0.989590 206.322800 0.000000 0.000000 0.000000 1.000000
0.999577 -0.019413 -0.021672 -2.853027 0.017001 0.994179 -0.106388 185.418671 0.023611 0.105975 0.994088 233.568634 0.000000 0.000000 0.000000 1.000000
0.994400 -0.005317 -0.105544 -1.965911 -0.002049 0.997576 -0.069559 187.678818 0.105658 0.069386 0.991979 263.297729 0.000000 0.000000 0.000000 1.000000
0.983430 -0.018039 -0.180387 -2.170483 0.011770 0.999291 -0.035763 190.741516 0.180905 0.033047 0.982945 295.700562 0.000000 0.000000 0.000000 1.000000
0.968864 -0.062310 -0.239626 -3.328887 0.062434 0.998024 -0.007079 191.825775 0.239594 -0.008103 0.970839 327.773621 0.000000 0.000000 0.000000 1.000000
0.947686 -0.081443 -0.308639 -4.805037 0.094205 0.995196 0.026649 191.680695 0.304986 -0.054330 0.950806 356.463593 0.000000 0.000000 0.000000 1.000000
0.917664 -0.059581 -0.392865 -6.034626 0.092916 0.993459 0.066371 193.272491 0.386341 -0.097410 0.917198 381.454071 0.000000 0.000000 0.000000 1.000000
0.878820 -0.042945 -0.475217 -6.587967 0.098725 0.990756 0.093038 198.872726 0.466829 -0.128680 0.874936 401.674408 0.000000 0.000000 0.000000 1.000000
0.851767 -0.076655 -0.518283 -7.094606 0.149046 0.983818 0.099440 209.316483 0.502273 -0.161948 0.849409 420.598541 0.000000 0.000000 0.000000 1.000000
0.821434 -0.147990 -0.550767 -8.871691 0.232492 0.968749 0.086446 224.913986 0.520762 -0.199059 0.830170 438.858276 0.000000 0.000000 0.000000 1.000000
0.780067 -0.206562 -0.590617 -11.131983 0.275663 0.960845 0.028041 240.573975 0.561699 -0.184685 0.806465 456.720947 0.000000 0.000000 0.000000 1.000000
0.762718 -0.221354 -0.607671 -11.924962 0.252937 0.966859 -0.034720 252.242981 0.595218 -0.127221 0.793430 474.703979 0.000000 0.000000 0.000000 1.000000
0.759039 -0.181610 -0.625202 -11.761608 0.228863 0.973446 -0.004913 261.265015 0.609493 -0.139357 0.780448 492.906616 0.000000 0.000000 0.000000 1.000000
0.740177 -0.159191 -0.653296 -10.554062 0.262408 0.962920 0.062667 268.491516 0.619096 -0.217815 0.754505 508.707062 0.000000 0.000000 0.000000 1.000000
0.695449 -0.157000 -0.701214 -6.945787 0.297361 0.951243 0.081936 273.049927 0.654161 -0.265496 0.708227 523.638733 0.000000 0.000000 0.000000 1.000000
0.659787 -0.181223 -0.729273 -2.832881 0.311817 0.949014 0.046278 275.985596 0.683704 -0.257934 0.682656 539.457581 0.000000 0.000000 0.000000 1.000000
0.640905 -0.220721 -0.735203 0.613183 0.322121 0.946692 -0.003409 278.146118 0.696764 -0.234640 0.677838 556.534485 0.000000 0.000000 0.000000 1.000000
0.657688 -0.226589 -0.718404 1.920008 0.313024 0.949657 -0.012959 278.888794 0.685173 -0.216354 0.695506 576.164246 0.000000 0.000000 0.000000 1.000000
0.686034 -0.217777 -0.694212 2.181528 0.297392 0.954739 -0.005616 277.635468 0.664015 -0.202601 0.719748 597.591064 0.000000 0.000000 0.000000 1.000000
0.711517 -0.200364 -0.673497 1.443669 0.276021 0.961135 0.005667 273.456726 0.646186 -0.189931 0.739168 621.261658 0.000000 0.000000 0.000000 1.000000
0.737979 -0.180700 -0.650180 0.079331 0.256018 0.966422 0.022000 267.085785 0.624373 -0.182693 0.759461 646.291748 0.000000 0.000000 0.000000 1.000000
0.765939 -0.183370 -0.616209 -1.288600 0.267301 0.962523 0.045826 257.538330 0.584712 -0.199813 0.786249 671.545471 0.000000 0.000000 0.000000 1.000000
0.790069 -0.173271 -0.588021 -2.513500 0.250121 0.966862 0.051161 245.113953 0.559671 -0.187497 0.807226 696.648254 0.000000 0.000000 0.000000 1.000000
0.805346 -0.165596 -0.569207 -3.491354 0.234640 0.970819 0.049547 230.440765 0.544392 -0.173461 0.820700 721.417175 0.000000 0.000000 0.000000 1.000000
0.809157 -0.159064 -0.565653 -3.712204 0.219994 0.974655 0.040621 212.156189 0.544856 -0.157309 0.823642 745.928406 0.000000 0.000000 0.000000 1.000000
0.801768 -0.152363 -0.577887 -2.889379 0.204442 0.978543 0.025648 194.429794 0.561580 -0.138708 0.815713 767.322388 0.000000 0.000000 0.000000 1.000000
0.799639 -0.148739 -0.581769 1.772119 0.191591 0.981396 0.012430 179.640228 0.569097 -0.121402 0.813259 784.115234 0.000000 0.000000 0.000000 1.000000
0.803908 -0.147864 -0.576081 6.435706 0.181516 0.983388 0.000893 169.050797 0.566378 -0.105286 0.817392 797.900085 0.000000 0.000000 0.000000 1.000000
0.813312 -0.153275 -0.561276 10.513546 0.178832 0.983833 -0.009533 162.323563 0.553663 -0.092621 0.827574 809.154846 0.000000 0.000000 0.000000 1.000000
0.825280 -0.160942 -0.541304 13.860987 0.178673 0.983704 -0.020070 158.600800 0.535713 -0.080153 0.840587 819.489319 0.000000 0.000000 0.000000 1.000000
0.837616 -0.170684 -0.518909 16.278877 0.180792 0.983016 -0.031511 157.693130 0.515475 -0.067421 0.854248 829.513245 0.000000 0.000000 0.000000 1.000000
0.848494 -0.182378 -0.496786 18.157909 0.184921 0.981742 -0.044574 159.454468 0.495845 -0.054046 0.866727 838.119141 0.000000 0.000000 0.000000 1.000000
0.856713 -0.194461 -0.477732 20.201979 0.189017 0.980139 -0.060003 162.400665 0.479912 -0.038894 0.876454 844.728577 0.000000 0.000000 0.000000 1.000000
0.861100 -0.205767 -0.464938 22.319414 0.191276 0.978373 -0.078740 166.771545 0.471085 -0.021129 0.881835 850.264587 0.000000 0.000000 0.000000 1.000000
0.860394 -0.218031 -0.460636 24.025202 0.192901 0.975941 -0.101629 172.393570 0.471712 -0.001416 0.881752 855.689331 0.000000 0.000000 0.000000 1.000000
0.853816 -0.231687 -0.466175 24.879230 0.193356 0.972581 -0.129231 178.010010 0.483334 0.020202 0.875203 860.841248 0.000000 0.000000 0.000000 1.000000
0.843734 -0.245394 -0.477384 24.694502 0.191215 0.968443 -0.159860 182.939880 0.501547 0.043597 0.864031 865.214905 0.000000 0.000000 0.000000 1.000000
0.828243 -0.263100 -0.494765 23.536325 0.185695 0.961902 -0.200654 187.643723 0.528707 0.074315 0.845545 869.184387 0.000000 0.000000 0.000000 1.000000
0.817582 -0.253408 -0.517053 22.046032 0.170515 0.964229 -0.202945 191.857452 0.549985 0.077759 0.831547 872.433167 0.000000 0.000000 0.000000 1.000000
0.814650 -0.235629 -0.529928 20.579004 0.152010 0.968552 -0.196977 195.486465 0.559677 0.079913 0.824849 874.874634 0.000000 0.000000 0.000000 1.000000
0.815008 -0.213859 -0.538541 19.059963 0.130399 0.973252 -0.189146 198.810226 0.564586 0.083930 0.821096 876.799316 0.000000 0.000000 0.000000 1.000000
0.820213 -0.186759 -0.540714 17.390697 0.106895 0.978596 -0.175851 201.617355 0.561982 0.086435 0.822621 877.890503 0.000000 0.000000 0.000000 1.000000
0.825399 -0.160462 -0.541265 15.460226 0.084372 0.983050 -0.162769 203.969574 0.558209 0.088682 0.824947 878.638123 0.000000 0.000000 0.000000 1.000000
0.830417 -0.135766 -0.540348 13.386976 0.063162 0.986543 -0.150807 205.920349 0.553551 0.091103 0.827817 879.080322 0.000000 0.000000 0.000000 1.000000
0.836628 -0.112954 -0.535999 11.249016 0.045092 0.989389 -0.138116 207.199219 0.545912 0.091382 0.832844 879.336792 0.000000 0.000000 0.000000 1.000000
0.843435 -0.093507 -0.529031 9.348755 0.029813 0.991365 -0.127695 207.845856 0.536404 0.091931 0.838940 879.345032 0.000000 0.000000 0.000000 1.000000
0.849131 -0.072724 -0.523152 7.840930 0.013907 0.993211 -0.115496 208.060806 0.527999 0.090795 0.844377 879.121033 0.000000 0.000000 0.000000 1.000000
0.853505 -0.055929 -0.518075 6.353624 0.003915 0.994884 -0.100952 208.166901 0.521070 0.084135 0.849357 878.894775 0.000000 0.000000 0.000000 1.000000
0.857028 -0.047544 -0.513071 4.919428 0.001934 0.996024 -0.089066 208.362442 0.515265 0.075340 0.853713 878.664673 0.000000 0.000000 0.000000 1.000000
0.857309 -0.039636 -0.513273 3.896757 -0.001096 0.996889 -0.078813 208.760818 0.514800 0.068130 0.854599 878.477966 0.000000 0.000000 0.000000 1.000000
0.858955 -0.031332 -0.511092 3.024833 -0.004065 0.997677 -0.067994 209.216614 0.512036 0.060481 0.856832 878.307434 0.000000 0.000000 0.000000 1.000000
0.864067 -0.023284 -0.502838 2.204557 -0.006006 0.998382 -0.056551 209.692871 0.503341 0.051884 0.862529 878.132385 0.000000 0.000000 0.000000 1.000000
0.874540 -0.016211 -0.484683 1.335443 -0.006107 0.998994 -0.044433 210.152252 0.484916 0.041819 0.873561 877.932922 0.000000 0.000000 0.000000 1.000000</float_array><technique_common><accessor source="#mixamorig_Hips-Matrix-animation-output-transform-array" count="61" stride="16"><param type="float4x4"/></accessor></technique_common></source><source id="mixamorig_Hips-Interpolations"><Name_array id="mixamorig_Hips-Interpolations-array" count="61">
 LINEAR LINEAR LINEAR LINEAR LINEAR LINEAR LINEAR LINEAR LINEAR LINEAR LINEAR
LINEAR LINEAR LINEAR LINEAR LINEAR LINEAR LINEAR LINEAR LINEAR LINEAR LINEAR LINEAR
LINEAR LINEAR LINEAR LINEAR LINEAR LINEAR LINEAR LINEAR LINEAR LINEAR LINEAR LINEAR
LINEAR LINEAR LINEAR LINEAR LINEAR LINEAR LINEAR LINEAR LINEAR LINEAR LINEAR LINEAR
LINEAR LINEAR LINEAR LINEAR LINEAR LINEAR LINEAR LINEAR LINEAR LINEAR LINEAR LINEAR
LINEAR LINEAR</Name_array><technique_common><accessor source="#mixamorig_Hips-Interpolations-array" count="61"><param type="name"/></accessor></technique_common></source><sampler id="mixamorig_Hips-Matrix-animation-transform"><input semantic="INPUT" source="#mixamorig_Hips-Matrix-animation-input"/><input semantic="OUTPUT" source="#mixamorig_Hips-Matrix-animation-output-transform"/><input semantic="INTERPOLATION" source="#mixamorig_Hips-Interpolations"/></sampler><channel source="#mixamorig_Hips-Matrix-animation-transform" target="mixamorig_Hips/matrix"/></animation>
    <animation id="mixamorig_Spine-anim" name="mixamorig_Spine"><source id="mixamorig_Spine-Matrix-animation-input"><float_array id="mixamorig_Spine-Matrix-animation-input-array" count="61">

0.000000 0.033333 0.066667 0.100000 0.133333 0.166667 0.200000 0.233333 0.266667 0.300000 0.333333 0.366667 0.400000 0.433333 0.466667 0.500000
0.533333 0.566667 0.600000 0.633333 0.666667 0.700000 0.733333 0.766667 0.800000 0.833333 0.866667 0.900000 0.933333 0.966667 1.000000 1.033333
1.066667 1.100000 1.133333 1.166667 1.200000 1.233333 1.266667 1.300000 1.333333 1.366667 1.400000 1.433333 1.466667 1.500000 1.533333 1.566667
1.600000 1.633333 1.666667 1.700000 1.733333 1.766667 1.800000 1.833333 1.866667 1.900000 1.933333 1.966667 2.000000</float_array><technique_common><accessor source="#mixamorig_Spine-Matrix-animation-input-array" count="61"><param name="TIME" type="float"/></accessor></technique_common></source><source id="mixamorig_Spine-Matrix-animation-output-transform"><float_array id="mixamorig_Spine-Matrix-animation-output-transform-array" count="976">

0.996882 0.046626 0.063662 -0.057500 -0.032890 0.978857 -0.201884 18.534300 -0.071729 0.199160 0.977338 -2.042900 0.000000 0.000000 0.000000 1.000000
0.990651 0.068913 0.117733 -0.057500 -0.058657 0.994351 -0.088459 18.534300 -0.123164 0.080726 0.989098 -2.042900 0.000000 0.000000 0.000000 1.000000
0.985625 0.082919 0.147201 -0.057500 -0.081526 0.996551 -0.015476 18.534300 -0.147977 0.003253 0.988985 -2.042900 0.000000 0.000000 0.000000 1.000000
0.988686 0.079276 0.127343 -0.057500 -0.077863 0.996835 -0.016039 18.534300 -0.128211 0.005942 0.991729 -2.042900 0.000000 0.000000 0.000000 1.000000
0.994659 0.060868 0.083356 -0.057500 -0.055390 0.996246 -0.066530 18.534300 -0.087093 0.061558 0.994296 -2.042900 0.000000 0.000000 0.000000 1.000000
0.997733 0.047929 0.047245 -0.057500 -0.041144 0.989939 -0.135384 18.534300 -0.053258 0.133134 0.989666 -2.042900 0.000000 0.000000 0.000000 1.000000
0.997394 0.067976 0.024177 -0.057500 -0.061356 0.975465 -0.211430 18.534300 -0.037956 0.209395 0.977094 -2.042900 0.000000 0.000000 0.000000 1.000000
0.995423 0.095536 -0.002265 -0.057500 -0.092247 0.954423 -0.283844 18.534300 -0.024956 0.282754 0.958868 -2.042900 0.000000 0.000000 0.000000 1.000000
0.998112 0.051772 -0.033049 -0.057500 -0.059798 0.941971 -0.330324 18.534300 0.014029 0.331677 0.943289 -2.042900 0.000000 0.000000 0.000000 1.000000
0.997635 -0.053542 -0.043111 -0.057500 0.033034 0.923404 -0.382405 18.534300 0.060284 0.380076 0.922989 -2.042900 0.000000 0.000000 0.000000 1.000000
0.990469 -0.131771 -0.040101 -0.057500 0.104443 0.908318 -0.405032 18.534300 0.089796 0.396983 0.913423 -2.042900 0.000000 0.000000 0.000000 1.000000
0.984692 -0.162945 -0.061893 -0.057500 0.131171 0.926572 -0.352504 18.534300 0.114787 0.338989 0.933761 -2.042900 0.000000 0.000000 0.000000 1.000000
0.986501 -0.137159 -0.089455 -0.057500 0.106757 0.952925 -0.283788 18.534300 0.124168 0.270408 0.954705 -2.042900 0.000000 0.000000 0.000000 1.000000
0.990329 -0.108151 -0.086902 -0.057500 0.080888 0.958983 -0.271679 18.534300 0.112720 0.262022 0.958456 -2.042900 0.000000 0.000000 0.000000 1.000000
0.993891 -0.096749 -0.053116 -0.057500 0.074514 0.943207 -0.323741 18.534300 0.081421 0.317806 0.944654 -2.042900 0.000000 0.000000 0.000000 1.000000
0.999591 -0.028573 -0.001056 -0.057500 0.025761 0.916028 -0.400286 18.534300 0.012404 0.400095 0.916390 -2.042900 0.000000 0.000000 0.000000 1.000000
0.996990 0.073501 0.024683 -0.057500 -0.056974 0.910411 -0.409763 18.534300 -0.052589 0.407123 0.911858 -2.042900 0.000000 0.000000 0.000000 1.000000
0.976618 0.212092 0.035123 -0.057500 -0.185113 0.912712 -0.364266 18.534300 -0.109315 0.349247 0.930632 -2.042900 0.000000 0.000000 0.000000 1.000000
0.938894 0.333590 0.084827 -0.057500 -0.306664 0.922610 -0.233984 18.534300 -0.156317 0.193673 0.968533 -2.042900 0.000000 0.000000 0.000000 1.000000
0.926408 0.347343 0.145334 -0.057500 -0.337169 0.937095 -0.090390 18.534300 -0.167588 0.034736 0.985245 -2.042900 0.000000 0.000000 0.000000 1.000000
0.923003 0.346715 0.166897 -0.057500 -0.338974 0.937900 -0.073760 18.534300 -0.182106 0.011507 0.983212 -2.042900 0.000000 0.000000 0.000000 1.000000
0.894123 0.424727 0.141953 -0.057500 -0.394336 0.896959 -0.199908 18.534300 -0.212233 0.122765 0.969477 -2.042900 0.000000 0.000000 0.000000 1.000000
0.865602 0.493064 0.087295 -0.057500 -0.437284 0.829282 -0.347958 18.534300 -0.243958 0.263020 0.933437 -2.042900 0.000000 0.000000 0.000000 1.000000
0.861308 0.506743 0.036864 -0.057500 -0.445068 0.787495 -0.426340 18.534300 -0.245075 0.350803 0.903812 -2.042900 0.000000 0.000000 0.000000 1.000000
0.865147 0.501442 -0.008767 -0.057500 -0.445804 0.760911 -0.471459 18.534300 -0.229738 0.411789 0.881845 -2.042900 0.000000 0.000000 0.000000 1.000000
0.886644 0.461110 -0.035211 -0.057500 -0.413320 0.755992 -0.507586 18.534300 -0.207434 0.464601 0.860882 -2.042900 0.000000 0.000000 0.000000 1.000000
0.913193 0.404465 -0.049866 -0.057500 -0.368231 0.766512 -0.526180 18.534300 -0.174599 0.498866 0.848910 -2.042900 0.000000 0.000000 0.000000 1.000000
0.939345 0.339834 -0.046303 -0.057500 -0.316574 0.807161 -0.498270 18.534300 -0.131955 0.482706 0.865785 -2.042900 0.000000 0.000000 0.000000 1.000000
0.959132 0.280803 -0.034863 -0.057500 -0.266433 0.854747 -0.445444 18.534300 -0.095283 0.436528 0.894631 -2.042900 0.000000 0.000000 0.000000 1.000000
0.965226 0.257973 -0.042297 -0.057500 -0.251810 0.874037 -0.415512 18.534300 -0.070222 0.411714 0.908604 -2.042900 0.000000 0.000000 0.000000 1.000000
0.982026 0.186181 -0.031016 -0.057500 -0.184070 0.908320 -0.375598 18.534300 -0.041757 0.374556 0.926264 -2.042900 0.000000 0.000000 0.000000 1.000000
0.994480 0.102741 -0.021286 -0.057500 -0.104058 0.939791 -0.325521 18.534300 -0.013439 0.325940 0.945295 -2.042900 0.000000 0.000000 0.000000 1.000000
0.999589 0.025475 -0.013169 -0.057500 -0.027966 0.967600 -0.250933 18.534300 0.006350 0.251198 0.967915 -2.042900 0.000000 0.000000 0.000000 1.000000
0.999393 -0.034305 -0.006001 -0.057500 0.032450 0.979832 -0.197169 18.534300 0.012644 0.196855 0.980351 -2.042900 0.000000 0.000000 0.000000 1.000000
0.998556 -0.053698 -0.001572 -0.057500 0.050946 0.955853 -0.289396 18.534300 0.017042 0.288898 0.957208 -2.042900 0.000000 0.000000 0.000000 1.000000
0.998584 -0.052950 0.005178 -0.057500 0.050793 0.919874 -0.388910 18.534300 0.015830 0.388623 0.921261 -2.042900 0.000000 0.000000 0.000000 1.000000
0.999938 -0.008972 -0.006559 -0.057500 0.004792 0.880552 -0.473925 18.534300 0.010027 0.473864 0.880541 -2.042900 0.000000 0.000000 0.000000 1.000000
0.999051 0.039383 -0.018604 -0.057500 -0.043333 0.855478 -0.516024 18.534300 -0.004407 0.516340 0.856372 -2.042900 0.000000 0.000000 0.000000 1.000000
0.998479 0.052364 -0.017263 -0.057500 -0.053805 0.857018 -0.512469 18.534300 -0.012040 0.512618 0.858532 -2.042900 0.000000 0.000000 0.000000 1.000000
0.998726 0.050263 -0.004487 -0.057500 -0.046034 0.871046 -0.489040 18.534300 -0.020672 0.488623 0.872250 -2.042900 0.000000 0.000000 0.000000 1.000000
0.997993 0.062368 0.010972 -0.057500 -0.049272 0.873607 -0.484132 18.534300 -0.039779 0.482620 0.874926 -2.042900 0.000000 0.000000 0.000000 1.000000
0.997501 0.066469 0.023959 -0.057500 -0.046267 0.870771 -0.489508 18.534300 -0.053400 0.487176 0.871670 -2.042900 0.000000 0.000000 0.000000 1.000000
0.998730 0.043518 0.025391 -0.057500 -0.025580 0.872137 -0.488593 18.534300 -0.043407 0.487323 0.872142 -2.042900 0.000000 0.000000 0.000000 1.000000
0.999379 0.023557 0.026201 -0.057500 -0.008661 0.885068 -0.465380 18.534300 -0.034153 0.464865 0.884723 -2.042900 0.000000 0.000000 0.000000 1.000000
0.999285 0.026781 0.026705 -0.057500 -0.013033 0.906703 -0.421569 18.534300 -0.035504 0.420919 0.906403 -2.042900 0.000000 0.000000 0.000000 1.000000
0.998619 0.046315 0.024808 -0.057500 -0.035203 0.940319 -0.338470 18.534300 -0.039004 0.337129 0.940650 -2.042900 0.000000 0.000000 0.000000 1.000000
0.998717 0.045903 0.021404 -0.057500 -0.036920 0.949115 -0.312758 18.534300 -0.034672 0.311566 0.949592 -2.042900 0.000000 0.000000 0.000000 1.000000
0.999469 0.029233 0.014423 -0.057500 -0.023416 0.951678 -0.306204 18.534300 -0.022677 0.305703 0.951857 -2.042900 0.000000 0.000000 0.000000 1.000000
0.999941 0.006965 0.008353 -0.057500 -0.004057 0.951457 -0.307754 18.534300 -0.010091 0.307702 0.951429 -2.042900 0.000000 0.000000 0.000000 1.000000
0.999873 -0.015353 0.004283 -0.057500 0.015920 0.948510 -0.316345 18.534300 0.000794 0.316373 0.948634 -2.042900 0.000000 0.000000 0.000000 1.000000
0.999641 -0.026753 0.001598 -0.057500 0.025866 0.947459 -0.318831 18.534300 0.007016 0.318758 0.947810 -2.042900 0.000000 0.000000 0.000000 1.000000
0.999584 -0.028792 0.001936 -0.057500 0.027931 0.948489 -0.315578 18.534300 0.007250 0.315500 0.948898 -2.042900 0.000000 0.000000 0.000000 1.000000
0.999644 -0.026697 0.000373 -0.057500 0.025526 0.951535 -0.306479 18.534300 0.007827 0.306380 0.951877 -2.042900 0.000000 0.000000 0.000000 1.000000
0.999799 -0.019859 -0.002656 -0.057500 0.018205 0.955788 -0.293493 18.534300 0.008367 0.293386 0.955957 -2.042900 0.000000 0.000000 0.000000 1.000000
0.999825 -0.017880 -0.005416 -0.057500 0.015572 0.957770 -0.287114 18.534300 0.010321 0.286980 0.957881 -2.042900 0.000000 0.000000 0.000000 1.000000
0.999957 -0.005701 -0.007371 -0.057500 0.003487 0.962462 -0.271394 18.534300 0.008641 0.271357 0.962440 -2.042900 0.000000 0.000000 0.000000 1.000000
0.999851 0.015124 -0.008294 -0.057500 -0.016671 0.970709 -0.239680 18.534300 0.004427 0.239783 0.970816 -2.042900 0.000000 0.000000 0.000000 1.000000
0.999597 0.027486 -0.007077 -0.057500 -0.028360 0.977198 -0.210429 18.534300 0.001132 0.210545 0.977583 -2.042900 0.000000 0.000000 0.000000 1.000000
0.999380 0.034755 -0.005620 -0.057500 -0.035195 0.982297 -0.183995 18.534300 -0.000874 0.184078 0.982911 -2.042900 0.000000 0.000000 0.000000 1.000000
0.999170 0.040417 -0.005097 -0.057500 -0.040712 0.986303 -0.159843 18.534300 -0.001433 0.159917 0.987129 -2.042900 0.000000 0.000000 0.000000 1.000000
0.998987 0.044588 -0.006005 -0.057500 -0.044990 0.989637 -0.136361 18.534300 -0.000138 0.136493 0.990641 -2.042900 0.000000 0.000000 0.000000 1.000000</float_array><technique_common><accessor source="#mixamorig_Spine-Matrix-animation-output-transform-array" count="61" stride="16"><param type="float4x4"/></accessor></technique_common></source><source id="mixamorig_Spine-Interpolations"><Name_array id="mixamorig_Spine-Interpolations-array" count="61">
 LINEAR LINEAR LINEAR LINEAR LINEAR LINEAR LINEAR LINEAR LINEAR LINEAR LINEAR
LINEAR LINEAR LINEAR LINEAR LINEAR LINEAR LINEAR LINEAR LINEAR LINEAR LINEAR LINEAR
LINEAR LINEAR LINEAR LINEAR LINEAR LINEAR LINEAR LINEAR LINEAR LINEAR LINEAR LINEAR
LINEAR LINEAR LINEAR LINEAR LINEAR LINEAR LINEAR LINEAR LINEAR LINEAR LINEAR LINEAR
LINEAR LINEAR LINEAR LINEAR LINEAR LINEAR LINEAR LINEAR LINEAR LINEAR LINEAR LINEAR
LINEAR LINEAR</Name_array><technique_common><accessor source="#mixamorig_Spine-Interpolations-array" count="61"><param type="name"/></accessor></technique_common></source><sampler id="mixamorig_Spine-Matrix-animation-transform"><input semantic="INPUT" source="#mixamorig_Spine-Matrix-animation-input"/><input semantic="OUTPUT" source="#mixamorig_Spine-Matrix-animation-output-transform"/><input semantic="INTERPOLATION" source="#mixamorig_Spine-Interpolations"/></sampler><channel source="#mixamorig_Spine-Matrix-animation-transform" target="mixamorig_Spine/matrix"/></animation>
    <animation id="mixamorig_Spine1-anim" name="mixamorig_Spine1"><source id="mixamorig_Spine1-Matrix-animation-input"><float_array id="mixamorig_Spine1-Matrix-animation-input-array" count="61">

0.000000 0.033333 0.066667 0.100000 0.133333 0.166667 0.200000 0.233333 0.266667 0.300000 0.333333 0.366667 0.400000 0.433333 0.466667 0.500000
0.533333 0.566667 0.600000 0.633333 0.666667 0.700000 0.733333 0.766667 0.800000 0.833333 0.866667 0.900000 0.933333 0.966667 1.000000 1.033333
1.066667 1.100000 1.133333 1.166667 1.200000 1.233333 1.266667 1.300000 1.333333 1.366667 1.400000 1.433333 1.466667 1.500000 1.533333 1.566667
1.600000 1.633333 1.666667 1.700000 1.733333 1.766667 1.800000 1.833333 1.866667 1.900000 1.933333 1.966667 2.000000</float_array><technique_common><accessor source="#mixamorig_Spine1-Matrix-animation-input-array" count="61"><param name="TIME" type="float"/></accessor></technique_common></source><source id="mixamorig_Spine1-Matrix-animation-output-transform"><float_array id="mixamorig_Spine1-Matrix-animation-output-transform-array" count="976">

0.998788 0.049017 0.004533 0.305500 -0.048306 0.993675 -0.101377 19.736099 -0.009474 0.101035 0.994838 -0.783400 0.000000 0.000000 0.000000 1.000000
0.999726 0.005812 0.022672 0.305500 -0.001091 0.979199 -0.202899 19.736099 -0.023379 0.202819 0.978937 -0.783400 0.000000 0.000000 0.000000 1.000000
0.999168 -0.025617 0.031749 0.305500 0.033292 0.961815 -0.271667 19.736099 -0.023578 0.272497 0.961868 -0.783400 0.000000 0.000000 0.000000 1.000000
0.999253 -0.031961 0.021712 0.305500 0.036830 0.957763 -0.285191 19.736099 -0.011680 0.285778 0.958225 -0.783400 0.000000 0.000000 0.000000 1.000000
0.999621 -0.027431 0.002250 0.305500 0.027088 0.966050 -0.256931 19.736099 0.004874 0.256895 0.966427 -0.783400 0.000000 0.000000 0.000000 1.000000
0.999316 -0.033958 -0.014662 0.305500 0.030233 0.978259 -0.205174 19.736099 0.021310 0.204590 0.978616 -0.783400 0.000000 0.000000 0.000000 1.000000
0.997948 -0.058879 -0.025178 0.305500 0.054770 0.988523 -0.140794 19.736099 0.033179 0.139126 0.989719 -0.783400 0.000000 0.000000 0.000000 1.000000
0.995583 -0.083654 -0.042631 0.305500 0.079914 0.993344 -0.082949 19.736099 0.049286 0.079176 0.995642 -0.783400 0.000000 0.000000 0.000000 1.000000
0.993985 -0.079736 -0.075076 0.305500 0.076284 0.995940 -0.047786 19.736099 0.078582 0.041772 0.996032 -0.783400 0.000000 0.000000 0.000000 1.000000
0.994317 -0.045747 -0.096130 0.305500 0.046157 0.998932 0.002040 19.736099 0.095934 -0.006465 0.995367 -0.783400 0.000000 0.000000 0.000000 1.000000
0.994902 -0.019448 -0.098953 0.305500 0.025018 0.998152 0.055371 19.736099 0.097694 -0.057564 0.993550 -0.783400 0.000000 0.000000 0.000000 1.000000
0.994195 -0.004631 -0.107492 0.305500 0.012352 0.997381 0.071267 19.736099 0.106880 -0.072181 0.991648 -0.783400 0.000000 0.000000 0.000000 1.000000
0.993787 -0.006506 -0.111110 0.305500 0.015612 0.996569 0.081277 19.736099 0.110200 -0.082506 0.990479 -0.783400 0.000000 0.000000 0.000000 1.000000
0.995226 -0.011436 -0.096928 0.305500 0.019987 0.995945 0.087715 19.736099 0.095531 -0.089233 0.991419 -0.783400 0.000000 0.000000 0.000000 1.000000
0.997949 -0.009167 -0.063359 0.305500 0.015051 0.995550 0.093027 19.736099 0.062224 -0.093789 0.993646 -0.783400 0.000000 0.000000 0.000000 1.000000
0.999867 -0.015139 -0.006015 0.305500 0.015648 0.995239 0.096198 19.736099 0.004530 -0.096279 0.995344 -0.783400 0.000000 0.000000 0.000000 1.000000
0.998821 -0.002472 0.048491 0.305500 -0.001204 0.997135 0.075636 19.736099 -0.048539 -0.075605 0.995956 -0.783400 0.000000 0.000000 0.000000 1.000000
0.995741 0.007706 0.091872 0.305500 -0.010973 0.999323 0.035106 19.736099 -0.091540 -0.035965 0.995152 -0.783400 0.000000 0.000000 0.000000 1.000000
0.992701 0.002517 0.120574 0.305500 0.002991 0.998961 -0.045479 19.736099 -0.120563 0.045507 0.991662 -0.783400 0.000000 0.000000 0.000000 1.000000
0.991672 0.015763 0.127822 0.305500 0.002180 0.990284 -0.139041 19.736099 -0.128772 0.138162 0.982003 -0.783400 0.000000 0.000000 0.000000 1.000000
0.993274 0.023371 0.113401 0.305500 0.002657 0.974558 -0.224120 19.736099 -0.115754 0.222914 0.967941 -0.783400 0.000000 0.000000 0.000000 1.000000
0.994958 0.021708 0.097917 0.305500 0.003885 0.967219 -0.253914 19.736099 -0.100219 0.253015 0.962258 -0.783400 0.000000 0.000000 0.000000 1.000000
0.995009 0.027427 0.095946 0.305500 -0.004478 0.972790 -0.231646 19.736099 -0.099688 0.230061 0.968057 -0.783400 0.000000 0.000000 0.000000 1.000000
0.995552 0.040491 0.085069 0.305500 -0.021673 0.977144 -0.211470 19.736099 -0.091687 0.208685 0.973675 -0.783400 0.000000 0.000000 0.000000 1.000000
0.996434 0.051473 0.066854 0.305500 -0.037506 0.979987 -0.195498 19.736099 -0.075579 0.192294 0.978423 -0.783400 0.000000 0.000000 0.000000 1.000000
0.997529 0.053285 0.045786 0.305500 -0.043574 0.980479 -0.191735 19.736099 -0.055109 0.189266 0.980378 -0.783400 0.000000 0.000000 0.000000 1.000000
0.998514 0.049540 0.022725 0.305500 -0.044397 0.981143 -0.188114 19.736099 -0.031615 0.186825 0.981884 -0.783400 0.000000 0.000000 0.000000 1.000000
0.999102 0.042355 -0.001421 0.305500 -0.041926 0.983003 -0.178739 19.736099 -0.006174 0.178638 0.983895 -0.783400 0.000000 0.000000 0.000000 1.000000
0.999142 0.030856 -0.027627 0.305500 -0.034966 0.985942 -0.163387 19.736099 0.022197 0.164213 0.986175 -0.783400 0.000000 0.000000 0.000000 1.000000
0.998407 0.010906 -0.055362 0.305500 -0.017895 0.991694 -0.127369 19.736099 0.053513 0.128157 0.990309 -0.783400 0.000000 0.000000 0.000000 1.000000
0.997769 0.007001 -0.066398 0.305500 -0.012687 0.996249 -0.085596 19.736099 0.065549 0.086247 0.994115 -0.783400 0.000000 0.000000 0.000000 1.000000
0.997299 0.023330 -0.069647 0.305500 -0.026762 0.998452 -0.048753 19.736099 0.068402 0.050485 0.996380 -0.783400 0.000000 0.000000 0.000000 1.000000
0.996251 0.046147 -0.073173 0.305500 -0.049148 0.998000 -0.039762 19.736099 0.071192 0.043210 0.996526 -0.783400 0.000000 0.000000 0.000000 1.000000
0.994829 0.056922 -0.084109 0.305500 -0.059778 0.997704 -0.031838 19.736099 0.082104 0.036702 0.995948 -0.783400 0.000000 0.000000 0.000000 1.000000
0.992319 0.027885 -0.120522 0.305500 -0.025435 0.999438 0.021826 19.736099 0.121062 -0.018593 0.992471 -0.783400 0.000000 0.000000 0.000000 1.000000
0.989923 -0.001444 -0.141601 0.305500 0.008725 0.998670 0.050810 19.736099 0.141339 -0.051533 0.988619 -0.783400 0.000000 0.000000 0.000000 1.000000
0.989580 -0.040720 -0.138108 0.305500 0.048332 0.997466 0.052215 19.736099 0.135632 -0.058346 0.989040 -0.783400 0.000000 0.000000 0.000000 1.000000
0.988716 -0.068087 -0.133436 0.305500 0.072638 0.996921 0.029538 19.736099 0.131014 -0.038898 0.990617 -0.783400 0.000000 0.000000 0.000000 1.000000
0.987793 -0.078875 -0.134327 0.305500 0.076779 0.996833 -0.020725 19.736099 0.135537 0.010159 0.990720 -0.783400 0.000000 0.000000 0.000000 1.000000
0.986499 -0.085118 -0.139911 0.305500 0.073971 0.993797 -0.083036 19.736099 0.146111 0.071566 0.986676 -0.783400 0.000000 0.000000 0.000000 1.000000
0.982904 -0.104420 -0.151644 0.305500 0.084520 0.987610 -0.132226 19.736099 0.163572 0.117149 0.979551 -0.783400 0.000000 0.000000 0.000000 1.000000
0.978962 -0.120045 -0.164991 0.305500 0.092567 0.981909 -0.165188 19.736099 0.181836 0.146440 0.972364 -0.783400 0.000000 0.000000 0.000000 1.000000
0.978368 -0.115845 -0.171394 0.305500 0.086296 0.981519 -0.170805 19.736099 0.188014 0.152320 0.970283 -0.783400 0.000000 0.000000 0.000000 1.000000
0.977798 -0.106608 -0.180405 0.305500 0.075263 0.982138 -0.172456 19.736099 0.195568 0.155050 0.968356 -0.783400 0.000000 0.000000 0.000000 1.000000
0.976989 -0.102798 -0.186880 0.305500 0.069245 0.981600 -0.177948 19.736099 0.201734 0.160913 0.966132 -0.783400 0.000000 0.000000 0.000000 1.000000
0.978143 -0.102071 -0.181156 0.305500 0.066542 0.979066 -0.192359 19.736099 0.196998 0.176100 0.964459 -0.783400 0.000000 0.000000 0.000000 1.000000
0.979644 -0.094379 -0.177173 0.305500 0.061716 0.981442 -0.181559 19.736099 0.191020 0.166928 0.967288 -0.783400 0.000000 0.000000 0.000000 1.000000
0.981625 -0.082066 -0.172274 0.305500 0.055366 0.986450 -0.154439 19.736099 0.182614 0.142063 0.972867 -0.783400 0.000000 0.000000 0.000000 1.000000
0.984013 -0.068270 -0.164490 0.305500 0.048668 0.991533 -0.120388 19.736099 0.171316 0.110458 0.979005 -0.783400 0.000000 0.000000 0.000000 1.000000
0.986547 -0.054536 -0.154115 0.305500 0.041614 0.995437 -0.085864 19.736099 0.158094 0.078295 0.984315 -0.783400 0.000000 0.000000 0.000000 1.000000
0.988979 -0.044395 -0.141243 0.305500 0.037028 0.997834 -0.054366 19.736099 0.143351 0.048537 0.988481 -0.783400 0.000000 0.000000 0.000000 1.000000
0.991535 -0.038739 -0.123929 0.305500 0.035520 0.998974 -0.028084 19.736099 0.124889 0.023445 0.991894 -0.783400 0.000000 0.000000 0.000000 1.000000
0.993638 -0.033957 -0.107379 0.305500 0.033499 0.999420 -0.006069 19.736099 0.107523 0.002434 0.994200 -0.783400 0.000000 0.000000 0.000000 1.000000
0.995243 -0.032769 -0.091749 0.305500 0.033999 0.999351 0.011869 19.736099 0.091300 -0.014932 0.995711 -0.783400 0.000000 0.000000 0.000000 1.000000
0.996504 -0.030918 -0.077620 0.305500 0.033093 0.999091 0.026889 19.736099 0.076718 -0.029363 0.996620 -0.783400 0.000000 0.000000 0.000000 1.000000
0.997398 -0.033931 -0.063601 0.305500 0.035839 0.998933 0.029115 19.736099 0.062545 -0.031319 0.997551 -0.783400 0.000000 0.000000 0.000000 1.000000
0.997993 -0.038828 -0.050016 0.305500 0.039811 0.999030 0.018804 19.736099 0.049237 -0.020758 0.998571 -0.783400 0.000000 0.000000 0.000000 1.000000
0.998485 -0.041123 -0.036551 0.305500 0.041469 0.999101 0.008758 19.736099 0.036158 -0.010260 0.999293 -0.783400 0.000000 0.000000 0.000000 1.000000
0.998801 -0.041794 -0.025503 0.305500 0.041786 0.999126 -0.000858 19.736099 0.025516 -0.000209 0.999674 -0.783400 0.000000 0.000000 0.000000 1.000000
0.998932 -0.042500 -0.018105 0.305500 0.042325 0.999054 -0.009953 19.736099 0.018511 0.009176 0.999787 -0.783400 0.000000 0.000000 0.000000 1.000000
0.999015 -0.041593 -0.015431 0.305500 0.041295 0.998963 -0.019185 19.736099 0.016213 0.018529 0.999697 -0.783400 0.000000 0.000000 0.000000 1.000000</float_array><technique_common><accessor source="#mixamorig_Spine1-Matrix-animation-output-transform-array" count="61" stride="16"><param type="float4x4"/></accessor></technique_common></source><source id="mixamorig_Spine1-Interpolations"><Name_array id="mixamorig_Spine1-Interpolations-array" count="61">
 LINEAR LINEAR LINEAR LINEAR LINEAR LINEAR LINEAR LINEAR LINEAR LINEAR LINEAR
LINEAR LINEAR LINEAR LINEAR LINEAR LINEAR LINEAR LINEAR LINEAR LINEAR LINEAR LINEAR
LINEAR LINEAR LINEAR LINEAR LINEAR LINEAR LINEAR LINEAR LINEAR LINEAR LINEAR LINEAR
LINEAR LINEAR LINEAR LINEAR LINEAR LINEAR LINEAR LINEAR LINEAR LINEAR LINEAR LINEAR
LINEAR LINEAR LINEAR LINEAR LINEAR LINEAR LINEAR LINEAR LINEAR LINEAR LINEAR LINEAR
LINEAR LINEAR</Name_array><technique_common><accessor source="#mixamorig_Spine1-Interpolations-array" count="61"><param type="name"/></accessor></technique_common></source><sampler id="mixamorig_Spine1-Matrix-animation-transform"><input semantic="INPUT" source="#mixamorig_Spine1-Matrix-animation-input"/><input semantic="OUTPUT" source="#mixamorig_Spine1-Matrix-animation-output-transform"/><input semantic="INTERPOLATION" source="#mixamorig_Spine1-Interpolations"/></sampler><channel source="#mixamorig_Spine1-Matrix-animation-transform" target="mixamorig_Spine1/matrix"/></animation>
    <animation id="mixamorig_Spine2-anim" name="mixamorig_Spine2"><source id="mixamorig_Spine2-Matrix-animation-input"><float_array id="mixamorig_Spine2-Matrix-animation-input-array" count="61">

0.000000 0.033333 0.066667 0.100000 0.133333 0.166667 0.200000 0.233333 0.266667 0.300000 0.333333 0.366667 0.400000 0.433333 0.466667 0.500000
0.533333 0.566667 0.600000 0.633333 0.666667 0.700000 0.733333 0.766667 0.800000 0.833333 0.866667 0.900000 0.933333 0.966667 1.000000 1.033333
1.066667 1.100000 1.133333 1.166667 1.200000 1.233333 1.266667 1.300000 1.333333 1.366667 1.400000 1.433333 1.466667 1.500000 1.533333 1.566667
1.600000 1.633333 1.666667 1.700000 1.733333 1.766667 1.800000 1.833333 1.866667 1.900000 1.933333 1.966667 2.000000</float_array><technique_common><accessor source="#mixamorig_Spine2-Matrix-animation-input-array" count="61"><param name="TIME" type="float"/></accessor></technique_common></source><source id="mixamorig_Spine2-Matrix-animation-output-transform"><float_array id="mixamorig_Spine2-Matrix-animation-output-transform-array" count="976">

0.998349 -0.055752 0.013849 0.152700 0.052123 0.980473 0.189622 25.612801 -0.024151 -0.188587 0.981759 -0.124700 0.000000 0.000000 0.000000 1.000000
0.994378 -0.097604 0.041070 0.152700 0.094425 0.992831 0.073291 25.612801 -0.047929 -0.069001 0.996465 -0.124700 0.000000 0.000000 0.000000 1.000000
0.990580 -0.123977 0.058150 0.152700 0.125097 0.992015 -0.016026 25.612801 -0.055699 0.023150 0.998179 -0.124700 0.000000 0.000000 0.000000 1.000000
0.991269 -0.120769 0.052924 0.152700 0.123712 0.990716 -0.056374 25.612801 -0.045625 0.062429 0.997006 -0.124700 0.000000 0.000000 0.000000 1.000000
0.993869 -0.104742 0.035407 0.152700 0.106672 0.992608 -0.057891 25.612801 -0.029082 0.061313 0.997695 -0.124700 0.000000 0.000000 0.000000 1.000000
0.994846 -0.099583 0.019080 0.152700 0.100205 0.994349 -0.035053 25.612801 -0.015482 0.036784 0.999203 -0.124700 0.000000 0.000000 0.000000 1.000000
0.993473 -0.113747 0.008545 0.152700 0.113738 0.993510 0.001527 25.612801 -0.008663 -0.000545 0.999962 -0.124700 0.000000 0.000000 0.000000 1.000000
0.991476 -0.130059 -0.007750 0.152700 0.130236 0.991019 0.030331 25.612801 0.003736 -0.031081 0.999510 -0.124700 0.000000 0.000000 0.000000 1.000000
0.992000 -0.120225 -0.038503 0.152700 0.121629 0.991906 0.036450 25.612801 0.033809 -0.040842 0.998593 -0.124700 0.000000 0.000000 0.000000 1.000000
0.994655 -0.082837 -0.061648 0.152700 0.086662 0.994294 0.062201 25.612801 0.056143 -0.067211 0.996158 -0.124700 0.000000 0.000000 0.000000 1.000000
0.996090 -0.052831 -0.070805 0.152700 0.059584 0.993506 0.096932 25.612801 0.065225 -0.100772 0.992769 -0.124700 0.000000 0.000000 0.000000 1.000000
0.995596 -0.032449 -0.087953 0.152700 0.040949 0.994478 0.096630 25.612801 0.084332 -0.099806 0.991427 -0.124700 0.000000 0.000000 0.000000 1.000000
0.994768 -0.028186 -0.098197 0.152700 0.037284 0.995053 0.092080 25.612801 0.095116 -0.095260 0.990898 -0.124700 0.000000 0.000000 0.000000 1.000000
0.995703 -0.029080 -0.087921 0.152700 0.036935 0.995340 0.089076 25.612801 0.084921 -0.091941 0.992137 -0.124700 0.000000 0.000000 0.000000 1.000000
0.998064 -0.025265 -0.056840 0.152700 0.030443 0.995279 0.092159 25.612801 0.054243 -0.093711 0.994121 -0.124700 0.000000 0.000000 0.000000 1.000000
0.999642 -0.026410 -0.004379 0.152700 0.026707 0.995107 0.095121 25.612801 0.001845 -0.095204 0.995456 -0.124700 0.000000 0.000000 0.000000 1.000000
0.999341 -0.005209 0.035934 0.152700 0.002468 0.997112 0.075900 25.612801 -0.036225 -0.075761 0.996468 -0.124700 0.000000 0.000000 0.000000 1.000000
0.997891 0.011387 0.063912 0.152700 -0.013972 0.999096 0.040142 25.612801 -0.063397 -0.040950 0.997148 -0.124700 0.000000 0.000000 0.000000 1.000000
0.996322 0.007092 0.085393 0.152700 -0.004222 0.999422 -0.033744 25.612801 -0.085583 0.033259 0.995776 -0.124700 0.000000 0.000000 0.000000 1.000000
0.995958 0.015910 0.088396 0.152700 -0.004867 0.992299 -0.123769 25.612801 -0.089685 0.122839 0.988366 -0.124700 0.000000 0.000000 0.000000 1.000000
0.997208 0.020622 0.071776 0.152700 -0.005141 0.977793 -0.209512 25.612801 -0.074503 0.208558 0.975168 -0.124700 0.000000 0.000000 0.000000 1.000000
0.998546 0.018771 0.050529 0.152700 -0.006150 0.970957 -0.239174 25.612801 -0.053551 0.238515 0.969661 -0.124700 0.000000 0.000000 0.000000 1.000000
0.999213 0.022574 0.032622 0.152700 -0.015028 0.976420 -0.215357 25.612801 -0.036714 0.214697 0.975990 -0.124700 0.000000 0.000000 0.000000 1.000000
0.999501 0.030562 0.007973 0.152700 -0.028414 0.980273 -0.195597 25.612801 -0.013793 0.195273 0.980652 -0.124700 0.000000 0.000000 0.000000 1.000000
0.999200 0.035848 -0.017755 0.152700 -0.038476 0.982689 -0.181223 25.612801 0.010951 0.181761 0.983282 -0.124700 0.000000 0.000000 0.000000 1.000000
