<?xml version="1.0" encoding="utf-8"?>
<COLLADA xmlns="http://www.collada.org/2005/11/COLLADASchema" version="1.4.1">
  <asset><contributor><author>Mixamo</author><authoring_tool>COLLADA Mixamo exporter</authoring_tool><comments></comments></contributor><created>2018-02-10T11:48:18Z</created><modified>2018-02-10T11:48:18Z</modified><revision></revision><title></title><unit meter="0.010000"/><up_axis>Y_UP</up_axis></asset>
  <library_animations>
    <animation id="mixamorig_Hips-anim" name="mixamorig_Hips"><source id="mixamorig_Hips-Matrix-animation-input"><float_array id="mixamorig_Hips-Matrix-animation-input-array" count="21">

0.000000 0.033333 0.066667 0.100000 0.133333 0.166667 0.200000 0.233333 0.266667 0.300000 0.333333 0.366667 0.400000 0.433333 0.466667 0.500000
0.533333 0.566667 0.600000 0.633333 0.666667</float_array><technique_common><accessor source="#mixamorig_Hips-Matrix-animation-input-array" count="21"><param name="TIME" type="float"/></accessor></technique_common></source><source id="mixamorig_Hips-Matrix-animation-output-transform"><float_array id="mixamorig_Hips-Matrix-animation-output-transform-array" count="336">

0.910969 -0.123830 -0.393449 0.845930 -0.105767 0.851854 -0.512990 197.361084 0.398685 0.508932 0.762915 -2.069036 0.000000 0.000000 0.000000 1.000000
0.919307 -0.165684 -0.356964 0.568306 -0.059484 0.838134 -0.542211 199.729126 0.389020 0.519692 0.760647 24.687973 0.000000 0.000000 0.000000 1.000000
0.932732 -0.163472 -0.321385 0.472223 -0.041764 0.836344 -0.546613 202.195160 0.358144 0.523265 0.773257 54.492153 0.000000 0.000000 0.000000 1.000000
0.946454 -0.142041 -0.289913 0.998830 -0.035508 0.846762 -0.530786 204.173141 0.320880 0.512659 0.796377 84.761848 0.000000 0.000000 0.000000 1.000000
0.955496 -0.104251 -0.275969 1.676652 -0.058804 0.849396 -0.524470 203.487396 0.289084 0.517357 0.805464 114.385376 0.000000 0.000000 0.000000 1.000000
0.958305 -0.051141 -0.281135 2.418917 -0.098436 0.864551 -0.492811 201.504471 0.268258 0.499937 0.823469 142.396988 0.000000 0.000000 0.000000 1.000000
0.962080 -0.017696 -0.272191 3.353449 -0.116059 0.876500 -0.467203 197.191559 0.246843 0.481077 0.841209 170.941528 0.000000 0.000000 0.000000 1.000000
0.968242 -0.047682 -0.245427 4.190501 -0.077104 0.876851 -0.474538 191.921127 0.237830 0.478391 0.845328 197.809570 0.000000 0.000000 0.000000 1.000000
0.975135 -0.088403 -0.203214 4.670269 -0.028154 0.860141 -0.509279 187.809204 0.219815 0.502337 0.836265 224.272141 0.000000 0.000000 0.000000 1.000000
0.975230 -0.085347 -0.204064 5.362256 -0.031828 0.858814 -0.511298 186.937561 0.218891 0.505128 0.834825 251.347153 0.000000 0.000000 0.000000 1.000000
0.966692 -0.069274 -0.246391 5.882423 -0.067142 0.860321 -0.505311 189.553055 0.246980 0.505024 0.827014 279.630096 0.000000 0.000000 0.000000 1.000000
0.960598 -0.056330 -0.272174 5.749002 -0.094092 0.855522 -0.509145 194.523804 0.261532 0.514693 0.816512 308.006897 0.000000 0.000000 0.000000 1.000000
0.960746 -0.032368 -0.275537 5.235768 -0.116376 0.854549 -0.506165 199.831833 0.251843 0.518362 0.817237 337.052063 0.000000 0.000000 0.000000 1.000000
0.961752 -0.020046 -0.273186 4.544648 -0.126962 0.851099 -0.509422 202.757263 0.242720 0.524622 0.816002 365.732605 0.000000 0.000000 0.000000 1.000000
0.966682 -0.035789 -0.253465 3.600371 -0.105628 0.846175 -0.522332 203.691101 0.233170 0.531702 0.814202 395.199493 0.000000 0.000000 0.000000 1.000000
0.969688 -0.051927 -0.238766 2.942222 -0.080355 0.855042 -0.512295 202.352570 0.230756 0.515953 0.824951 424.899231 0.000000 0.000000 0.000000 1.000000
0.966972 -0.059646 -0.247807 2.517902 -0.074747 0.863129 -0.499421 198.957397 0.243678 0.501449 0.830163 453.618073 0.000000 0.000000 0.000000 1.000000
0.953177 -0.058397 -0.296721 2.255416 -0.101772 0.862004 -0.496579 195.532959 0.284773 0.503526 0.815700 480.313660 0.000000 0.000000 0.000000 1.000000
0.926395 -0.060927 -0.371591 2.094395 -0.141856 0.857652 -0.494277 193.252975 0.348810 0.510608 0.785882 505.869293 0.000000 0.000000 0.000000 1.000000
0.910168 -0.084690 -0.405489 1.637159 -0.141128 0.856920 -0.495753 194.027649 0.389457 0.508444 0.767989 531.320007 0.000000 0.000000 0.000000 1.000000
0.910968 -0.123830 -0.393451 0.845475 -0.105766 0.851856 -0.512986 197.361343 0.398686 0.508927 0.762917 557.056152 0.000000 0.000000 0.000000 1.000000</float_array><technique_common><accessor source="#mixamorig_Hips-Matrix-animation-output-transform-array" count="21" stride="16"><param type="float4x4"/></accessor></technique_common></source><source id="mixamorig_Hips-Interpolations"><Name_array id="mixamorig_Hips-Interpolations-array" count="21">
 LINEAR LINEAR LINEAR LINEAR LINEAR LINEAR LINEAR LINEAR LINEAR LINEAR LINEAR
LINEAR LINEAR LINEAR LINEAR LINEAR LINEAR LINEAR LINEAR LINEAR LINEAR</Name_array><technique_common><accessor source="#mixamorig_Hips-Interpolations-array" count="21"><param type="name"/></accessor></technique_common></source><sampler id="mixamorig_Hips-Matrix-animation-transform"><input semantic="INPUT" source="#mixamorig_Hips-Matrix-animation-input"/><input semantic="OUTPUT" source="#mixamorig_Hips-Matrix-animation-output-transform"/><input semantic="INTERPOLATION" source="#mixamorig_Hips-Interpolations"/></sampler><channel source="#mixamorig_Hips-Matrix-animation-transform" target="mixamorig_Hips/matrix"/></animation>
    <animation id="mixamorig_Spine-anim" name="mixamorig_Spine"><source id="mixamorig_Spine-Matrix-animation-input"><float_array id="mixamorig_Spine-Matrix-animation-input-array" count="21">

0.000000 0.033333 0.066667 0.100000 0.133333 0.166667 0.200000 0.233333 0.266667 0.300000 0.333333 0.366667 0.400000 0.433333 0.466667 0.500000
0.533333 0.566667 0.600000 0.633333 0.666667</float_array><technique_common><accessor source="#mixamorig_Spine-Matrix-animation-input-array" count="21"><param name="TIME" type="float"/></accessor></technique_common></source><source id="mixamorig_Spine-Matrix-animation-output-transform"><float_array id="mixamorig_Spine-Matrix-animation-output-transform-array" count="336">

0.996882 0.046625 0.063661 -0.057500 -0.032889 0.978856 -0.201887 18.534300 -0.071728 0.199164 0.977338 -2.042900 0.000000 0.000000 0.000000 1.000000
0.992840 0.089829 0.078731 -0.057500 -0.077870 0.986560 -0.143652 18.534300 -0.090577 0.136492 0.986492 -2.042900 0.000000 0.000000 0.000000 1.000000
0.990949 0.090654 0.099009 -0.057500 -0.082262 0.992911 -0.085789 18.534300 -0.106084 0.076868 0.991382 -2.042900 0.000000 0.000000 0.000000 1.000000
0.991719 0.064858 0.110846 -0.057500 -0.059272 0.996836 -0.052968 18.534300 -0.113931 0.045960 0.992425 -2.042900 0.000000 0.000000 0.000000 1.000000
0.992757 0.019122 0.118609 -0.057500 -0.017970 0.999780 -0.010777 18.534300 -0.118789 0.008568 0.992883 -2.042900 0.000000 0.000000 0.000000 1.000000
0.992259 -0.056560 0.110562 -0.057500 0.058246 0.998229 -0.012073 18.534300 -0.109683 0.018419 0.993796 -2.042900 0.000000 0.000000 0.000000 1.000000
0.989205 -0.093427 0.112894 -0.057500 0.097764 0.994646 -0.033499 18.534300 -0.109160 0.044175 0.993042 -2.042900 0.000000 0.000000 0.000000 1.000000
0.991274 -0.029963 0.128369 -0.057500 0.037553 0.997661 -0.057118 18.534300 -0.126357 0.061441 0.990080 -2.042900 0.000000 0.000000 0.000000 1.000000
0.990275 0.041885 0.132666 -0.057500 -0.038184 0.998811 -0.030319 18.534300 -0.133778 0.024959 0.990697 -2.042900 0.000000 0.000000 0.000000 1.000000
0.994080 0.000505 0.108652 -0.057500 0.002159 0.999700 -0.024398 18.534300 -0.108631 0.024488 0.993780 -2.042900 0.000000 0.000000 0.000000 1.000000
0.994911 -0.068306 0.074068 -0.057500 0.071326 0.996693 -0.038920 18.534300 -0.071165 0.044004 0.996493 -2.042900 0.000000 0.000000 0.000000 1.000000
0.993399 -0.112690 0.021446 -0.057500 0.113470 0.992757 -0.039469 18.534300 -0.016843 0.041642 0.998991 -2.042900 0.000000 0.000000 0.000000 1.000000
0.987681 -0.152116 -0.036712 -0.057500 0.150298 0.987473 -0.048047 18.534300 0.043561 0.041937 0.998170 -2.042900 0.000000 0.000000 0.000000 1.000000
0.983928 -0.161426 -0.076339 -0.057500 0.160214 0.986842 -0.021787 18.534300 0.078851 0.009206 0.996844 -2.042900 0.000000 0.000000 0.000000 1.000000
0.988511 -0.124594 -0.085568 -0.057500 0.127313 0.991493 0.027070 18.534300 0.081467 -0.037653 0.995964 -2.042900 0.000000 0.000000 0.000000 1.000000
0.993537 -0.089875 -0.069332 -0.057500 0.092035 0.995345 0.028611 18.534300 0.066438 -0.034807 0.997183 -2.042900 0.000000 0.000000 0.000000 1.000000
0.995943 -0.078580 -0.043852 -0.057500 0.078099 0.996866 -0.012584 18.534300 0.044703 0.009108 0.998959 -2.042900 0.000000 0.000000 0.000000 1.000000
0.995966 -0.088964 -0.011714 -0.057500 0.088053 0.994100 -0.063341 18.534300 0.017280 0.062054 0.997923 -2.042900 0.000000 0.000000 0.000000 1.000000
0.995527 -0.090458 0.027278 -0.057500 0.092945 0.989489 -0.110782 18.534300 -0.016971 0.112822 0.993470 -2.042900 0.000000 0.000000 0.000000 1.000000
0.997801 -0.037309 0.054783 -0.057500 0.045630 0.986144 -0.159495 18.534300 -0.048073 0.161644 0.985678 -2.042900 0.000000 0.000000 0.000000 1.000000
0.996882 0.046622 0.063665 -0.057500 -0.032886 0.978859 -0.201873 18.534300 -0.071730 0.199150 0.977340 -2.042900 0.000000 0.000000 0.000000 1.000000</float_array><technique_common><accessor source="#mixamorig_Spine-Matrix-animation-output-transform-array" count="21" stride="16"><param type="float4x4"/></accessor></technique_common></source><source id="mixamorig_Spine-Interpolations"><Name_array id="mixamorig_Spine-Interpolations-array" count="21">
 LINEAR LINEAR LINEAR LINEAR LINEAR LINEAR LINEAR LINEAR LINEAR LINEAR LINEAR
LINEAR LINEAR LINEAR LINEAR LINEAR LINEAR LINEAR LINEAR LINEAR LINEAR</Name_array><technique_common><accessor source="#mixamorig_Spine-Interpolations-array" count="21"><param type="name"/></accessor></technique_common></source><sampler id="mixamorig_Spine-Matrix-animation-transform"><input semantic="INPUT" source="#mixamorig_Spine-Matrix-animation-input"/><input semantic="OUTPUT" source="#mixamorig_Spine-Matrix-animation-output-transform"/><input semantic="INTERPOLATION" source="#mixamorig_Spine-Interpolations"/></sampler><channel source="#mixamorig_Spine-Matrix-animation-transform" target="mixamorig_Spine/matrix"/></animation>
    <animation id="mixamorig_Spine1-anim" name="mixamorig_Spine1"><source id="mixamorig_Spine1-Matrix-animation-input"><float_array id="mixamorig_Spine1-Matrix-animation-input-array" count="21">

0.000000 0.033333 0.066667 0.100000 0.133333 0.166667 0.200000 0.233333 0.266667 0.300000 0.333333 0.366667 0.400000 0.433333 0.466667 0.500000
0.533333 0.566667 0.600000 0.633333 0.666667</float_array><technique_common><accessor source="#mixamorig_Spine1-Matrix-animation-input-array" count="21"><param name="TIME" type="float"/></accessor></technique_common></source><source id="mixamorig_Spine1-Matrix-animation-output-transform"><float_array id="mixamorig_Spine1-Matrix-animation-output-transform-array" count="336">

0.998788 0.049017 0.004532 0.305500 -0.048306 0.993675 -0.101378 19.736099 -0.009473 0.101036 0.994838 -0.783400 0.000000 0.000000 0.000000 1.000000
0.997703 0.048802 0.046976 0.305500 -0.043287 0.992766 -0.111994 19.736099 -0.052102 0.109703 0.992598 -0.783400 0.000000 0.000000 0.000000 1.000000
0.996204 0.048449 0.072316 0.305500 -0.038442 0.990253 -0.133867 19.736099 -0.078096 0.130579 0.988357 -0.783400 0.000000 0.000000 0.000000 1.000000
0.995513 0.060060 0.073125 0.305500 -0.048555 0.987486 -0.150046 19.736099 -0.081222 0.145822 0.985971 -0.783400 0.000000 0.000000 0.000000 1.000000
0.995134 0.069515 0.069830 0.305500 -0.057030 0.984284 -0.167132 19.736099 -0.080351 0.162336 0.983459 -0.783400 0.000000 0.000000 0.000000 1.000000
0.994460 0.087650 0.058025 0.305500 -0.075780 0.980353 -0.182114 19.736099 -0.072847 0.176708 0.981564 -0.783400 0.000000 0.000000 0.000000 1.000000
0.995177 0.086723 0.045843 0.305500 -0.077019 0.980212 -0.182355 19.736099 -0.060750 0.177945 0.982163 -0.783400 0.000000 0.000000 0.000000 1.000000
0.997719 0.058270 0.034089 0.305500 -0.051750 0.984414 -0.168080 19.736099 -0.043351 0.165932 0.985184 -0.783400 0.000000 0.000000 0.000000 1.000000
0.999385 0.030335 0.017591 0.305500 -0.026606 0.982731 -0.183115 19.736099 -0.022842 0.182534 0.982934 -0.783400 0.000000 0.000000 0.000000 1.000000
0.999217 0.039534 0.001520 0.305500 -0.038426 0.978916 -0.200617 19.736099 -0.009419 0.200401 0.979669 -0.783400 0.000000 0.000000 0.000000 1.000000
0.999145 0.039988 -0.010464 0.305500 -0.041227 0.982386 -0.182256 19.736099 0.002992 0.182532 0.983195 -0.783400 0.000000 0.000000 0.000000 1.000000
0.998769 0.037034 -0.032992 0.305500 -0.042171 0.984224 -0.171830 19.736099 0.026108 0.173010 0.984574 -0.783400 0.000000 0.000000 0.000000 1.000000
0.997473 0.038528 -0.059690 0.305500 -0.048095 0.984578 -0.168208 19.736099 0.052288 0.170654 0.983943 -0.783400 0.000000 0.000000 0.000000 1.000000
0.996870 0.036516 -0.070125 0.305500 -0.048972 0.981506 -0.185062 19.736099 0.062070 0.187917 0.980222 -0.783400 0.000000 0.000000 0.000000 1.000000
0.997606 0.022634 -0.065340 0.305500 -0.035675 0.977916 -0.205929 19.736099 0.059236 0.207767 0.976383 -0.783400 0.000000 0.000000 0.000000 1.000000
0.998626 0.012251 -0.050953 0.305500 -0.022824 0.976903 -0.212460 19.736099 0.047174 0.213331 0.975841 -0.783400 0.000000 0.000000 0.000000 1.000000
0.999110 0.019282 -0.037517 0.305500 -0.026196 0.980735 -0.193580 19.736099 0.033062 0.194391 0.980367 -0.783400 0.000000 0.000000 0.000000 1.000000
0.998231 0.047117 -0.036252 0.305500 -0.052471 0.984944 -0.164717 19.736099 0.027945 0.166328 0.985674 -0.783400 0.000000 0.000000 0.000000 1.000000
0.996800 0.072093 -0.034532 0.305500 -0.076358 0.986556 -0.144491 19.736099 0.023650 0.146665 0.988903 -0.783400 0.000000 0.000000 0.000000 1.000000
0.997513 0.067686 -0.019661 0.305500 -0.069636 0.989532 -0.126400 19.736099 0.010899 0.127455 0.991784 -0.783400 0.000000 0.000000 0.000000 1.000000
0.998788 0.049017 0.004533 0.305500 -0.048306 0.993675 -0.101376 19.736099 -0.009473 0.101035 0.994838 -0.783400 0.000000 0.000000 0.000000 1.000000</float_array><technique_common><accessor source="#mixamorig_Spine1-Matrix-animation-output-transform-array" count="21" stride="16"><param type="float4x4"/></accessor></technique_common></source><source id="mixamorig_Spine1-Interpolations"><Name_array id="mixamorig_Spine1-Interpolations-array" count="21">
 LINEAR LINEAR LINEAR LINEAR LINEAR LINEAR LINEAR LINEAR LINEAR LINEAR LINEAR
LINEAR LINEAR LINEAR LINEAR LINEAR LINEAR LINEAR LINEAR LINEAR LINEAR</Name_array><technique_common><accessor source="#mixamorig_Spine1-Interpolations-array" count="21"><param type="name"/></accessor></technique_common></source><sampler id="mixamorig_Spine1-Matrix-animation-transform"><input semantic="INPUT" source="#mixamorig_Spine1-Matrix-animation-input"/><input semantic="OUTPUT" source="#mixamorig_Spine1-Matrix-animation-output-transform"/><input semantic="INTERPOLATION" source="#mixamorig_Spine1-Interpolations"/></sampler><channel source="#mixamorig_Spine1-Matrix-animation-transform" target="mixamorig_Spine1/matrix"/></animation>
    <animation id="mixamorig_Spine2-anim" name="mixamorig_Spine2"><source id="mixamorig_Spine2-Matrix-animation-input"><float_array id="mixamorig_Spine2-Matrix-animation-input-array" count="21">

0.000000 0.033333 0.066667 0.100000 0.133333 0.166667 0.200000 0.233333 0.266667 0.300000 0.333333 0.366667 0.400000 0.433333 0.466667 0.500000
0.533333 0.566667 0.600000 0.633333 0.666667</float_array><technique_common><accessor source="#mixamorig_Spine2-Matrix-animation-input-array" count="21"><param name="TIME" type="float"/></accessor></technique_common></source><source id="mixamorig_Spine2-Matrix-animation-output-transform"><float_array id="mixamorig_Spine2-Matrix-animation-output-transform-array" count="336">

0.998349 -0.055752 0.013849 0.152700 0.052123 0.980473 0.189622 25.612801 -0.024150 -0.188587 0.981760 -0.124700 0.000000 0.000000 0.000000 1.000000
0.998586 -0.041279 0.033508 0.152700 0.034357 0.981983 0.185822 25.612801 -0.040575 -0.184408 0.982012 -0.124700 0.000000 0.000000 0.000000 1.000000
0.997858 -0.039590 0.052086 0.152700 0.030416 0.985584 0.166431 25.612801 -0.057924 -0.164490 0.984676 -0.124700 0.000000 0.000000 0.000000 1.000000
0.997111 -0.040858 0.064041 0.152700 0.031015 0.988534 0.147778 25.612801 -0.069344 -0.145365 0.986945 -0.124700 0.000000 0.000000 0.000000 1.000000
0.996542 -0.043639 0.070707 0.152700 0.034365 0.991250 0.127448 25.612801 -0.075650 -0.124578 0.989322 -0.124700 0.000000 0.000000 0.000000 1.000000
0.997494 -0.027739 0.065094 0.152700 0.020504 0.993798 0.109297 25.612801 -0.067722 -0.107689 0.991875 -0.124700 0.000000 0.000000 0.000000 1.000000
0.998075 -0.027846 0.055408 0.152700 0.021768 0.993975 0.107422 25.612801 -0.058065 -0.106009 0.992668 -0.124700 0.000000 0.000000 0.000000 1.000000
0.997723 -0.053674 0.040846 0.152700 0.048323 0.991316 0.122298 25.612801 -0.047056 -0.120046 0.991653 -0.124700 0.000000 0.000000 0.000000 1.000000
0.996820 -0.077316 0.019279 0.152700 0.074829 0.991440 0.106995 25.612801 -0.027387 -0.105212 0.994073 -0.124700 0.000000 0.000000 0.000000 1.000000
0.998100 -0.061570 0.002313 0.152700 0.061105 0.993976 0.090980 25.612801 -0.007901 -0.090666 0.995850 -0.124700 0.000000 0.000000 0.000000 1.000000
0.998596 -0.050801 -0.014979 0.152700 0.052186 0.992048 0.114530 25.612801 0.009042 -0.115151 0.993307 -0.124700 0.000000 0.000000 0.000000 1.000000
0.998249 -0.038919 -0.044544 0.152700 0.044471 0.990342 0.131323 25.612801 0.039002 -0.133074 0.990338 -0.124700 0.000000 0.000000 0.000000 1.000000
0.996818 -0.021246 -0.076824 0.152700 0.032066 0.989278 0.142484 25.612801 0.072973 -0.144494 0.986811 -0.124700 0.000000 0.000000 0.000000 1.000000
0.995420 -0.008395 -0.095232 0.152700 0.021024 0.990974 0.132396 25.612801 0.093261 -0.133791 0.986611 -0.124700 0.000000 0.000000 0.000000 1.000000
0.994949 -0.012025 -0.099662 0.152700 0.023410 0.993220 0.113867 25.612801 0.097617 -0.115625 0.988485 -0.124700 0.000000 0.000000 0.000000 1.000000
0.995759 -0.019438 -0.089921 0.152700 0.029142 0.993735 0.107899 25.612801 0.087260 -0.110062 0.990087 -0.124700 0.000000 0.000000 0.000000 1.000000
0.997291 -0.021461 -0.070352 0.152700 0.030152 0.991710 0.124911 25.612801 0.067088 -0.126694 0.989671 -0.124700 0.000000 0.000000 0.000000 1.000000
0.998756 -0.022628 -0.044426 0.152700 0.028731 0.989457 0.141946 25.612801 0.040746 -0.143046 0.988877 -0.124700 0.000000 0.000000 0.000000 1.000000
0.999427 -0.030563 -0.014572 0.152700 0.032364 0.988775 0.145866 25.612801 0.009950 -0.146254 0.989197 -0.124700 0.000000 0.000000 0.000000 1.000000
0.998950 -0.045501 0.005313 0.152700 0.044079 0.986289 0.159035 25.612801 -0.012476 -0.158633 0.987259 -0.124700 0.000000 0.000000 0.000000 1.000000
0.998349 -0.055752 0.013849 0.152700 0.052123 0.980473 0.189623 25.612801 -0.024151 -0.188588 0.981759 -0.124700 0.000000 0.000000 0.000000 1.000000</float_array><technique_common><accessor source="#mixamorig_Spine2-Matrix-animation-output-transform-array" count="21" stride="16"><param type="float4x4"/></accessor></technique_common></source><source id="mixamorig_Spine2-Interpolations"><Name_array id="mixamorig_Spine2-Interpolations-array" count="21">
 LINEAR LINEAR LINEAR LINEAR LINEAR LINEAR LINEAR LINEAR LINEAR LINEAR LINEAR
LINEAR LINEAR LINEAR LINEAR LINEAR LINEAR LINEAR LINEAR LINEAR LINEAR</Name_array><technique_common><accessor source="#mixamorig_Spine2-Interpolations-array" count="21"><param type="name"/></accessor></technique_common></source><sampler id="mixamorig_Spine2-Matrix-animation-transform"><input semantic="INPUT" source="#mixamorig_Spine2-Matrix-animation-input"/><input semantic="OUTPUT" source="#mixamorig_Spine2-Matrix-animation-output-transform"/><input semantic="INTERPOLATION" source="#mixamorig_Spine2-Interpolations"/></sampler><channel source="#mixamorig_Spine2-Matrix-animation-transform" target="mixamorig_Spine2/matrix"/></animation>
    <animation id="mixamorig_Neck-anim" name="mixamorig_Neck"><source id="mixamorig_Neck-Matrix-animation-input"><float_array id="mixamorig_Neck-Matrix-animation-input-array" count="21">

0.000000 0.033333 0.066667 0.100000 0.133333 0.166667 0.200000 0.233333 0.266667 0.300000 0.333333 0.366667 0.400000 0.433333 0.466667 0.500000
0.533333 0.566667 0.600000 0.633333 0.666667</float_array><technique_common><accessor source="#mixamorig_Neck-Matrix-animation-input-array" count="21"><param name="TIME" type="float"/></accessor></technique_common></source><source id="mixamorig_Neck-Matrix-animation-output-transform"><float_array id="mixamorig_Neck-Matrix-animation-output-transform-array" count="336">

0.976027 0.145802 0.161597 0.879800 -0.145613 0.989255 -0.013076 30.689800 -0.161767 -0.010768 0.986770 2.800200 0.000000 0.000000 0.000000 1.000000
0.984244 0.130078 0.119765 0.879800 -0.128967 0.991503 -0.017019 30.689800 -0.120961 0.001305 0.992656 2.800200 0.000000 0.000000 0.000000 1.000000
0.988126 0.132073 0.078506 0.879800 -0.133133 0.991063 0.008404 30.689800 -0.076694 -0.018756 0.996878 2.800200 0.000000 0.000000 0.000000 1.000000
0.991651 0.123302 0.037745 0.879800 -0.124013 0.992133 0.017105 30.689800 -0.035339 -0.021643 0.999141 2.800200 0.000000 0.000000 0.000000 1.000000
0.992861 0.117621 0.019824 0.879800 -0.118560 0.991376 0.055834 30.689800 -0.013085 -0.057786 0.998243 2.800200 0.000000 0.000000 0.000000 1.000000
0.996517 0.081990 0.015213 0.879800 -0.083056 0.992169 0.093285 30.689800 -0.007445 -0.094224 0.995523 2.800200 0.000000 0.000000 0.000000 1.000000
0.998528 0.052761 0.012571 0.879800 -0.053887 0.991385 0.119384 30.689800 -0.006163 -0.119886 0.992769 2.800200 0.000000 0.000000 0.000000 1.000000
0.996065 0.083799 0.028864 0.879800 -0.086947 0.987045 0.134842 30.689800 -0.017191 -0.136821 0.990447 2.800200 0.000000 0.000000 0.000000 1.000000
0.995041 0.081537 0.056962 0.879800 -0.090114 0.981436 0.169300 30.689800 -0.042100 -0.173594 0.983917 2.800200 0.000000 0.000000 0.000000 1.000000
0.989911 0.101941 0.098410 0.879800 -0.118410 0.976617 0.179440 30.689800 -0.077816 -0.189283 0.978834 2.800200 0.000000 0.000000 0.000000 1.000000
0.971416 0.186999 0.146227 0.879800 -0.196996 0.978743 0.057048 30.689800 -0.132451 -0.084223 0.987605 2.800200 0.000000 0.000000 0.000000 1.000000
0.955030 0.226214 0.191688 0.879800 -0.222032 0.974077 -0.043316 30.689800 -0.196517 -0.001193 0.980500 2.800200 0.000000 0.000000 0.000000 1.000000
0.949782 0.220111 0.222407 0.879800 -0.201401 0.973987 -0.103856 30.689800 -0.239482 0.053848 0.969406 2.800200 0.000000 0.000000 0.000000 1.000000
0.948000 0.213555 0.235987 0.879800 -0.185673 0.973306 -0.134909 30.689800 -0.258498 0.084078 0.962346 2.800200 0.000000 0.000000 0.000000 1.000000
0.945598 0.233269 0.226782 0.879800 -0.202040 0.967408 -0.152646 30.689800 -0.254999 0.098522 0.961909 2.800200 0.000000 0.000000 0.000000 1.000000
0.949306 0.243425 0.198903 0.879800 -0.213457 0.963662 -0.160595 30.689800 -0.230768 0.109996 0.966771 2.800200 0.000000 0.000000 0.000000 1.000000
0.961137 0.213718 0.174756 0.879800 -0.189471 0.971049 -0.145479 30.689800 -0.200788 0.106714 0.973805 2.800200 0.000000 0.000000 0.000000 1.000000
0.970358 0.171718 0.170053 0.879800 -0.158819 0.983480 -0.086857 30.689800 -0.182158 0.057275 0.981600 2.800200 0.000000 0.000000 0.000000 1.000000
0.972713 0.149955 0.177040 0.879800 -0.152329 0.988330 -0.000186 30.689800 -0.175001 -0.026788 0.984204 2.800200 0.000000 0.000000 0.000000 1.000000
0.972559 0.151718 0.176380 0.879800 -0.158749 0.986967 0.026374 30.689800 -0.170079 -0.053650 0.983969 2.800200 0.000000 0.000000 0.000000 1.000000
0.976020 0.145854 0.161588 0.879800 -0.145648 0.989249 -0.013187 30.689800 -0.161774 -0.010664 0.986770 2.800200 0.000000 0.000000 0.000000 1.000000</float_array><technique_common><accessor source="#mixamorig_Neck-Matrix-animation-output-transform-array" count="21" stride="16"><param type="float4x4"/></accessor></technique_common></source><source id="mixamorig_Neck-Interpolations"><Name_array id="mixamorig_Neck-Interpolations-array" count="21">
 LINEAR LINEAR LINEAR LINEAR LINEAR LINEAR LINEAR LINEAR LINEAR LINEAR LINEAR
LINEAR LINEAR LINEAR LINEAR LINEAR LINEAR LINEAR LINEAR LINEAR LINEAR</Name_array><technique_common><accessor source="#mixamorig_Neck-Interpolations-array" count="21"><param type="name"/></accessor></technique_common></source><sampler id="mixamorig_Neck-Matrix-animation-transform"><input semantic="INPUT" source="#mixamorig_Neck-Matrix-animation-input"/><input semantic="OUTPUT" source="#mixamorig_Neck-Matrix-animation-output-transform"/><input semantic="INTERPOLATION" source="#mixamorig_Neck-Interpolations"/></sampler><channel source="#mixamorig_Neck-Matrix-animation-transform" target="mixamorig_Neck/matrix"/></animation>
    <animation id="mixamorig_Head-anim" name="mixamorig_Head"><source id="mixamorig_Head-Matrix-animation-input"><float_array id="mixamorig_Head-Matrix-animation-input-array" count="21">

0.000000 0.033333 0.066667 0.100000 0.133333 0.166667 0.200000 0.233333 0.266667 0.300000 0.333333 0.366667 0.400000 0.433333 0.466667 0.500000
0.533333 0.566667 0.600000 0.633333 0.666667</float_array><technique_common><accessor source="#mixamorig_Head-Matrix-animation-input-array" count="21"><param name="TIME" type="float"/></accessor></technique_common></source><source id="mixamorig_Head-Matrix-animation-output-transform"><float_array id="mixamorig_Head-Matrix-animation-output-transform-array" count="336">

0.995910 -0.035622 0.083038 0.154400 -0.015138 0.840236 0.542010 19.089399 -0.089079 -0.541050 0.836259 6.327400 0.000000 0.000000 0.000000 1.000000
0.998903 -0.023401 0.040573 0.154400 -0.002186 0.842008 0.539460 19.089399 -0.046787 -0.538957 0.841033 6.327400 0.000000 0.000000 0.000000 1.000000
0.999963 -0.007382 -0.004330 0.154400 0.008558 0.867729 0.496964 19.089399 0.000088 -0.496983 0.867760 6.327400 0.000000 0.000000 0.000000 1.000000
0.999844 0.008794 -0.015340 0.154400 -0.000761 0.888153 0.459547 19.089399 0.017665 -0.459463 0.888021 6.327400 0.000000 0.000000 0.000000 1.000000
0.999957 -0.007643 0.005347 0.154400 0.004748 0.910498 0.413487 19.089399 -0.008028 -0.413444 0.910494 6.327400 0.000000 0.000000 0.000000 1.000000
0.999040 -0.013781 0.041582 0.154400 -0.003493 0.921144 0.389206 19.089399 -0.043667 -0.388978 0.920212 6.327400 0.000000 0.000000 0.000000 1.000000
0.998853 0.012108 0.046320 0.154400 -0.028374 0.928983 0.369032 19.089399 -0.038563 -0.369923 0.928262 6.327400 0.000000 0.000000 0.000000 1.000000
0.999915 -0.012724 -0.002897 0.154400 0.012888 0.928023 0.372299 19.089399 -0.002049 -0.372304 0.928108 6.327400 0.000000 0.000000 0.000000 1.000000
0.999559 -0.022157 -0.019773 0.154400 0.028289 0.912977 0.407030 19.089399 0.009033 -0.407410 0.913201 6.327400 0.000000 0.000000 0.000000 1.000000
0.999446 -0.032668 -0.006357 0.154400 0.032133 0.897490 0.439862 19.089399 -0.008664 -0.439823 0.898043 6.327400 0.000000 0.000000 0.000000 1.000000
0.998142 -0.059650 0.012457 0.154400 0.045475 0.865224 0.499319 19.089399 -0.040562 -0.497825 0.866329 6.327400 0.000000 0.000000 0.000000 1.000000
0.995224 -0.068920 0.069136 0.154400 0.021139 0.843557 0.536623 19.089399 -0.095305 -0.532599 0.840985 6.327400 0.000000 0.000000 0.000000 1.000000
0.988865 -0.069583 0.131543 0.154400 -0.013947 0.836720 0.547454 19.089399 -0.148158 -0.543193 0.826433 6.327400 0.000000 0.000000 0.000000 1.000000
0.983525 -0.083333 0.160416 0.154400 -0.020944 0.828896 0.559010 19.089399 -0.179552 -0.553161 0.813495 6.327400 0.000000 0.000000 0.000000 1.000000
0.983620 -0.103406 0.147641 0.154400 -0.000115 0.818720 0.574192 19.089399 -0.180252 -0.564804 0.805298 6.327400 0.000000 0.000000 0.000000 1.000000
0.986675 -0.112876 0.117184 0.154400 0.023934 0.813076 0.581665 19.089399 -0.160935 -0.571110 0.804943 6.327400 0.000000 0.000000 0.000000 1.000000
0.987822 -0.112517 0.107463 0.154400 0.031778 0.822021 0.568570 19.089399 -0.152311 -0.558231 0.815585 6.327400 0.000000 0.000000 0.000000 1.000000
0.986439 -0.111755 0.120207 0.154400 0.028807 0.838901 0.543521 19.089399 -0.161583 -0.532687 0.830744 6.327400 0.000000 0.000000 0.000000 1.000000
0.985767 -0.113197 0.124298 0.154400 0.032518 0.853769 0.519635 19.089399 -0.164943 -0.508197 0.845299 6.327400 0.000000 0.000000 0.000000 1.000000
0.989671 -0.096230 0.106258 0.154400 0.027332 0.854282 0.519091 19.089399 -0.140727 -0.510825 0.848088 6.327400 0.000000 0.000000 0.000000 1.000000
0.995911 -0.035648 0.083014 0.154400 -0.015114 0.840176 0.542103 19.089399 -0.089072 -0.541141 0.836202 6.327400 0.000000 0.000000 0.000000 1.000000</float_array><technique_common><accessor source="#mixamorig_Head-Matrix-animation-output-transform-array" count="21" stride="16"><param type="float4x4"/></accessor></technique_common></source><source id="mixamorig_Head-Interpolations"><Name_array id="mixamorig_Head-Interpolations-array" count="21">
 LINEAR LINEAR LINEAR LINEAR LINEAR LINEAR LINEAR LINEAR LINEAR LINEAR LINEAR
LINEAR LINEAR LINEAR LINEAR LINEAR LINEAR LINEAR LINEAR LINEAR LINEAR</Name_array><technique_common><accessor source="#mixamorig_Head-Interpolations-array" count="21"><param type="name"/></accessor></technique_common></source><sampler id="mixamorig_Head-Matrix-animation-transform"><input semantic="INPUT" source="#mixamorig_Head-Matrix-animation-input"/><input semantic="OUTPUT" source="#mixamorig_Head-Matrix-animation-output-transform"/><input semantic="INTERPOLATION" source="#mixamorig_Head-Interpolations"/></sampler><channel source="#mixamorig_Head-Matrix-animation-transform" target="mixamorig_Head/matrix"/></animation>
    <animation id="mixamorig_LeftShoulder-anim" name="mixamorig_LeftShoulder"><source id="mixamorig_LeftShoulder-Matrix-animation-input"><float_array id="mixamorig_LeftShoulder-Matrix-animation-input-array" count="21">

0.000000 0.033333 0.066667 0.100000 0.133333 0.166667 0.200000 0.233333 0.266667 0.300000 0.333333 0.366667 0.400000 0.433333 0.466667 0.500000
0.533333 0.566667 0.600000 0.633333 0.666667</float_array><technique_common><accessor source="#mixamorig_LeftShoulder-Matrix-animation-input-array" count="21"><param name="TIME" type="float"/></accessor></technique_common></source><source id="mixamorig_LeftShoulder-Matrix-animation-output-transform"><float_array id="mixamorig_LeftShoulder-Matrix-animation-output-transform-array" count="336">

0.969931 -0.240729 -0.035823 12.703900 0.239559 0.970285 -0.034044 19.013800 0.042954 0.024439 0.998778 2.490000 0.000000 0.000000 0.000000 1.000000
0.973035 -0.217440 -0.076955 12.703900 0.215678 0.975985 -0.030606 19.013800 0.081762 0.013183 0.996565 2.490000 0.000000 0.000000 0.000000 1.000000
0.972122 -0.205869 -0.112235 12.703900 0.204157 0.978575 -0.026666 19.013800 0.115320 0.003009 0.993324 2.490000 0.000000 0.000000 0.000000 1.000000
0.968738 -0.199581 -0.147355 12.703900 0.198501 0.979850 -0.022152 19.013800 0.148807 -0.007791 0.988836 2.490000 0.000000 0.000000 0.000000 1.000000
0.963387 -0.203262 -0.174845 12.703900 0.202974 0.978985 -0.019723 19.013800 0.175179 -0.016488 0.984398 2.490000 0.000000 0.000000 0.000000 1.000000
0.956492 -0.226222 -0.184244 12.703900 0.225879 0.973881 -0.023134 19.013800 0.184666 -0.019489 0.982608 2.490000 0.000000 0.000000 0.000000 1.000000
0.943514 -0.295728 -0.149420 12.703900 0.293485 0.955233 -0.037357 19.013800 0.153778 -0.008606 0.988068 2.490000 0.000000 0.000000 0.000000 1.000000
0.923109 -0.369664 -0.105913 12.703900 0.366551 0.929148 -0.048208 19.013800 0.116229 0.005679 0.993206 2.490000 0.000000 0.000000 0.000000 1.000000
0.911750 -0.402923 -0.079782 12.703900 0.399352 0.915007 -0.057266 19.013800 0.096075 0.020351 0.995166 2.490000 0.000000 0.000000 0.000000 1.000000
0.907211 -0.416224 -0.061040 12.703900 0.412421 0.908600 -0.065986 19.013800 0.082926 0.034689 0.995952 2.490000 0.000000 0.000000 0.000000 1.000000
0.911198 -0.409676 -0.043397 12.703900 0.406296 0.911072 -0.069788 19.013800 0.068128 0.045958 0.996617 2.490000 0.000000 0.000000 0.000000 1.000000
0.929412 -0.368393 -0.021914 12.703900 0.366350 0.928160 -0.065627 19.013800 0.044517 0.052966 0.997604 2.490000 0.000000 0.000000 0.000000 1.000000
0.950697 -0.310095 -0.004084 12.703900 0.309305 0.949064 -0.060066 19.013800 0.022502 0.055841 0.998186 2.490000 0.000000 0.000000 0.000000 1.000000
0.959198 -0.282727 -0.002156 12.703900 0.282150 0.957674 -0.057030 19.013800 0.018189 0.054095 0.998370 2.490000 0.000000 0.000000 0.000000 1.000000
0.958645 -0.284111 -0.016741 12.703900 0.282862 0.957626 -0.054231 19.013800 0.031440 0.047253 0.998388 2.490000 0.000000 0.000000 0.000000 1.000000
0.957379 -0.287205 -0.030630 12.703900 0.285455 0.957018 -0.051308 19.013800 0.044049 0.040378 0.998213 2.490000 0.000000 0.000000 0.000000 1.000000
0.958381 -0.283050 -0.037269 12.703900 0.281207 0.958450 -0.047918 19.013800 0.049284 0.035444 0.998156 2.490000 0.000000 0.000000 0.000000 1.000000
0.959529 -0.278446 -0.042095 12.703900 0.276629 0.959957 -0.044253 19.013800 0.052731 0.030818 0.998133 2.490000 0.000000 0.000000 0.000000 1.000000
0.961371 -0.271647 -0.044421 12.703900 0.269959 0.962019 -0.040513 19.013800 0.053739 0.026956 0.998191 2.490000 0.000000 0.000000 0.000000 1.000000
0.964386 -0.260888 -0.043555 12.703900 0.259404 0.965063 -0.036924 19.013800 0.051666 0.024311 0.998368 2.490000 0.000000 0.000000 0.000000 1.000000
0.969931 -0.240729 -0.035823 12.703900 0.239559 0.970285 -0.034045 19.013800 0.042954 0.024439 0.998778 2.490000 0.000000 0.000000 0.000000 1.000000</float_array><technique_common><accessor source="#mixamorig_LeftShoulder-Matrix-animation-output-transform-array" count="21" stride="16"><param type="float4x4"/></accessor></technique_common></source><source id="mixamorig_LeftShoulder-Interpolations"><Name_array id="mixamorig_LeftShoulder-Interpolations-array" count="21">
 LINEAR LINEAR LINEAR LINEAR LINEAR LINEAR LINEAR LINEAR LINEAR LINEAR LINEAR
LINEAR LINEAR LINEAR LINEAR LINEAR LINEAR LINEAR LINEAR LINEAR LINEAR</Name_array><technique_common><accessor source="#mixamorig_LeftShoulder-Interpolations-array" count="21"><param type="name"/></accessor></technique_common></source><sampler id="mixamorig_LeftShoulder-Matrix-animation-transform"><input semantic="INPUT" source="#mixamorig_LeftShoulder-Matrix-animation-input"/><input semantic="OUTPUT" source="#mixamorig_LeftShoulder-Matrix-animation-output-transform"/><input semantic="INTERPOLATION" source="#mixamorig_LeftShoulder-Interpolations"/></sampler><channel source="#mixamorig_LeftShoulder-Matrix-animation-transform" target="mixamorig_LeftShoulder/matrix"/></animation>
    <animation id="mixamorig_LeftArm-anim" name="mixamorig_LeftArm"><source id="mixamorig_LeftArm-Matrix-animation-input"><float_array id="mixamorig_LeftArm-Matrix-animation-input-array" count="21">

0.000000 0.033333 0.066667 0.100000 0.133333 0.166667 0.200000 0.233333 0.266667 0.300000 0.333333 0.366667 0.400000 0.433333 0.466667 0.500000
0.533333 0.566667 0.600000 0.633333 0.666667</float_array><technique_common><accessor source="#mixamorig_LeftArm-Matrix-animation-input-array" count="21"><param name="TIME" type="float"/></accessor></technique_common></source><source id="mixamorig_LeftArm-Matrix-animation-output-transform"><float_array id="mixamorig_LeftArm-Matrix-animation-output-transform-array" count="336">

0.713266 0.624887 0.317441 21.586901 -0.401594 -0.006828 0.915792 1.007900 0.574434 -0.780686 0.246081 -3.635400 0.000000 0.000000 0.000000 1.000000
0.692769 0.677911 0.245983 21.586901 -0.374133 0.046250 0.926221 1.007900 0.616519 -0.733687 0.285670 -3.635400 0.000000 0.000000 0.000000 1.000000
0.656343 0.723712 0.213201 21.586901 -0.399592 0.093760 0.911885 1.007900 0.639953 -0.683703 0.350728 -3.635400 0.000000 0.000000 0.000000 1.000000
0.634476 0.747047 0.198393 21.586901 -0.428952 0.126792 0.894385 1.007900 0.642993 -0.652567 0.400894 -3.635400 0.000000 0.000000 0.000000 1.000000
0.638479 0.743089 0.200408 21.586901 -0.436714 0.135379 0.889355 1.007900 0.633739 -0.655356 0.410954 -3.635400 0.000000 0.000000 0.000000 1.000000
0.658727 0.720141 0.217889 21.586901 -0.423757 0.115812 0.898341 1.007900 0.621698 -0.684094 0.381454 -3.635400 0.000000 0.000000 0.000000 1.000000
0.634152 0.739184 0.226844 21.586901 -0.418094 0.081022 0.904783 1.007900 0.650422 -0.668613 0.360428 -3.635400 0.000000 0.000000 0.000000 1.000000
0.600831 0.768138 0.221284 21.586901 -0.384049 0.034601 0.922664 1.007900 0.701077 -0.639349 0.315792 -3.635400 0.000000 0.000000 0.000000 1.000000
0.597804 0.778043 0.193081 21.586901 -0.288972 -0.015514 0.957212 1.007900 0.747747 -0.628020 0.215559 -3.635400 0.000000 0.000000 0.000000 1.000000
0.606334 0.767777 0.207070 21.586901 -0.243056 -0.069002 0.967555 1.007900 0.757154 -0.636991 0.144775 -3.635400 0.000000 0.000000 0.000000 1.000000
0.601140 0.747905 0.281548 21.586901 -0.320350 -0.097240 0.942295 1.007900 0.732125 -0.656645 0.181137 -3.635400 0.000000 0.000000 0.000000 1.000000
0.633399 0.707163 0.314208 21.586901 -0.371202 -0.078613 0.925218 1.007900 0.678981 -0.702667 0.212707 -3.635400 0.000000 0.000000 0.000000 1.000000
0.683740 0.658955 0.313493 21.586901 -0.387411 -0.036268 0.921194 1.007900 0.618395 -0.751308 0.230488 -3.635400 0.000000 0.000000 0.000000 1.000000
0.714038 0.622932 0.319541 21.586901 -0.396681 -0.016108 0.917815 1.007900 0.576883 -0.782110 0.235603 -3.635400 0.000000 0.000000 0.000000 1.000000
0.716714 0.611866 0.334577 21.586901 -0.418662 -0.006171 0.908121 1.007900 0.557713 -0.790937 0.251742 -3.635400 0.000000 0.000000 0.000000 1.000000
0.706612 0.624446 0.332815 21.586901 -0.429922 0.005294 0.902851 1.007900 0.562020 -0.781050 0.272204 -3.635400 0.000000 0.000000 0.000000 1.000000
0.701751 0.637640 0.317743 21.586901 -0.422743 0.013705 0.906146 1.007900 0.573440 -0.770213 0.279175 -3.635400 0.000000 0.000000 0.000000 1.000000
0.719814 0.619292 0.313602 21.586901 -0.402881 0.004808 0.915240 1.007900 0.565292 -0.785146 0.252962 -3.635400 0.000000 0.000000 0.000000 1.000000
0.748521 0.576355 0.327920 21.586901 -0.388550 -0.019517 0.921221 1.007900 0.537350 -0.816966 0.209334 -3.635400 0.000000 0.000000 0.000000 1.000000
0.744703 0.575790 0.337466 21.586901 -0.396718 -0.024705 0.917608 1.007900 0.536687 -0.817224 0.210029 -3.635400 0.000000 0.000000 0.000000 1.000000
0.713260 0.624896 0.317436 21.586901 -0.401594 -0.006824 0.915792 1.007900 0.574441 -0.780678 0.246088 -3.635400 0.000000 0.000000 0.000000 1.000000</float_array><technique_common><accessor source="#mixamorig_LeftArm-Matrix-animation-output-transform-array" count="21" stride="16"><param type="float4x4"/></accessor></technique_common></source><source id="mixamorig_LeftArm-Interpolations"><Name_array id="mixamorig_LeftArm-Interpolations-array" count="21">
 LINEAR LINEAR LINEAR LINEAR LINEAR LINEAR LINEAR LINEAR LINEAR LINEAR LINEAR
LINEAR LINEAR LINEAR LINEAR LINEAR LINEAR LINEAR LINEAR LINEAR LINEAR</Name_array><technique_common><accessor source="#mixamorig_LeftArm-Interpolations-array" count="21"><param type="name"/></accessor></technique_common></source><sampler id="mixamorig_LeftArm-Matrix-animation-transform"><input semantic="INPUT" source="#mixamorig_LeftArm-Matrix-animation-input"/><input semantic="OUTPUT" source="#mixamorig_LeftArm-Matrix-animation-output-transform"/><input semantic="INTERPOLATION" source="#mixamorig_LeftArm-Interpolations"/></sampler><channel source="#mixamorig_LeftArm-Matrix-animation-transform" target="mixamorig_LeftArm/matrix"/></animation>
    <animation id="mixamorig_LeftForeArm-anim" name="mixamorig_LeftForeArm"><source id="mixamorig_LeftForeArm-Matrix-animation-input"><float_array id="mixamorig_LeftForeArm-Matrix-animation-input-array" count="21">

0.000000 0.033333 0.066667 0.100000 0.133333 0.166667 0.200000 0.233333 0.266667 0.300000 0.333333 0.366667 0.400000 0.433333 0.466667 0.500000
