<?xml version="1.0" encoding="utf-8"?>
<COLLADA xmlns="http://www.collada.org/2005/11/COLLADASchema" version="1.4.1">
  <asset><contributor><author>Mixamo</author><authoring_tool>COLLADA Mixamo exporter</authoring_tool><comments></comments></contributor><created>2018-02-10T21:43:42Z</created><modified>2018-02-10T21:43:42Z</modified><revision></revision><title></title><unit meter="0.010000"/><up_axis>Y_UP</up_axis></asset>
  <library_animations>
    <animation id="mixamorig_Hips-anim" name="mixamorig_Hips"><source id="mixamorig_Hips-Matrix-animation-input"><float_array id="mixamorig_Hips-Matrix-animation-input-array" count="191">

0.000000 0.033333 0.066667 0.100000 0.133333 0.166667 0.200000 0.233333 0.266667 0.300000 0.333333 0.366667 0.400000 0.433333 0.466667 0.500000
0.533333 0.566667 0.600000 0.633333 0.666667 0.700000 0.733333 0.766667 0.800000 0.833333 0.866667 0.900000 0.933333 0.966667 1.000000 1.033333
1.066667 1.100000 1.133333 1.166667 1.200000 1.233333 1.266667 1.300000 1.333333 1.366667 1.400000 1.433333 1.466667 1.500000 1.533333 1.566667
1.600000 1.633333 1.666667 1.700000 1.733333 1.766667 1.800000 1.833333 1.866667 1.900000 1.933333 1.966667 2.000000 2.033333 2.066667 2.100000
2.133333 2.166667 2.200000 2.233333 2.266667 2.300000 2.333333 2.366667 2.400000 2.433333 2.466667 2.500000 2.533333 2.566667 2.600000 2.633333
2.666667 2.700000 2.733333 2.766667 2.800000 2.833333 2.866667 2.900000 2.933333 2.966667 3.000000 3.033333 3.066667 3.100000 3.133333 3.166667
3.200000 3.233333 3.266667 3.300000 3.333333 3.366667 3.400000 3.433333 3.466667 3.500000 3.533333 3.566667 3.600000 3.633333 3.666667 3.700000
3.733333 3.766667 3.800000 3.833333 3.866667 3.900000 3.933333 3.966667 4.000000 4.033333 4.066667 4.100000 4.133333 4.166667 4.200000 4.233333
4.266667 4.300000 4.333333 4.366667 4.400000 4.433333 4.466667 4.500000 4.533333 4.566667 4.600000 4.633333 4.666667 4.700000 4.733333 4.766667
4.800000 4.833333 4.866667 4.900000 4.933333 4.966667 5.000000 5.033333 5.066667 5.100000 5.133333 5.166667 5.200000 5.233333 5.266667 5.300000
5.333333 5.366667 5.400000 5.433333 5.466667 5.500000 5.533333 5.566667 5.600000 5.633333 5.666667 5.700000 5.733333 5.766667 5.800000 5.833333
5.866667 5.900000 5.933333 5.966667 6.000000 6.033333 6.066667 6.100000 6.133333 6.166667 6.200000 6.233333 6.266667 6.300000 6.333333</float_array><technique_common><accessor source="#mixamorig_Hips-Matrix-animation-input-array" count="191"><param name="TIME" type="float"/></accessor></technique_common></source><source id="mixamorig_Hips-Matrix-animation-output-transform"><float_array id="mixamorig_Hips-Matrix-animation-output-transform-array" count="3056">

0.874540 -0.016212 -0.484683 1.335471 -0.006107 0.998994 -0.044433 210.152435 0.484915 0.041818 0.873561 -3.302823 0.000000 0.000000 0.000000 1.000000
0.874667 -0.016136 -0.484455 1.319476 -0.005969 0.999012 -0.044050 210.151779 0.484687 0.041421 0.873706 -3.315739 0.000000 0.000000 0.000000 1.000000
0.874809 -0.016069 -0.484201 1.304525 -0.005834 0.999028 -0.043696 210.150909 0.484432 0.041050 0.873865 -3.328631 0.000000 0.000000 0.000000 1.000000
0.874944 -0.015998 -0.483959 1.288560 -0.005698 0.999045 -0.043327 210.150009 0.484190 0.040666 0.874017 -3.341544 0.000000 0.000000 0.000000 1.000000
0.875024 -0.015882 -0.483819 1.269215 -0.005562 0.999066 -0.042855 210.150253 0.484047 0.040190 0.874118 -3.355335 0.000000 0.000000 0.000000 1.000000
0.875037 -0.015590 -0.483804 1.240733 -0.005488 0.999097 -0.042120 210.151016 0.484024 0.039512 0.874162 -3.370335 0.000000 0.000000 0.000000 1.000000
0.875020 -0.015153 -0.483849 1.205424 -0.005480 0.999136 -0.041200 210.153976 0.484055 0.038702 0.874181 -3.385281 0.000000 0.000000 0.000000 1.000000
0.874984 -0.014678 -0.483929 1.163755 -0.005625 0.999165 -0.040475 210.154449 0.484119 0.038137 0.874171 -3.388437 0.000000 0.000000 0.000000 1.000000
0.874902 -0.014166 -0.484092 1.115322 -0.005897 0.999186 -0.039896 210.153305 0.484264 0.037760 0.874107 -3.382385 0.000000 0.000000 0.000000 1.000000
0.874811 -0.013640 -0.484272 1.065110 -0.006231 0.999204 -0.039399 210.151688 0.484424 0.037484 0.874030 -3.371268 0.000000 0.000000 0.000000 1.000000
0.874800 -0.013238 -0.484303 1.016588 -0.006495 0.999216 -0.039044 210.149857 0.484440 0.037301 0.874029 -3.358850 0.000000 0.000000 0.000000 1.000000
0.874822 -0.013035 -0.484270 0.970356 -0.006602 0.999224 -0.038822 210.149429 0.484400 0.037160 0.874057 -3.348152 0.000000 0.000000 0.000000 1.000000
0.874839 -0.012941 -0.484240 0.926540 -0.006651 0.999228 -0.038721 210.148895 0.484367 0.037095 0.874078 -3.334588 0.000000 0.000000 0.000000 1.000000
0.874859 -0.012940 -0.484205 0.887430 -0.006698 0.999224 -0.038804 210.149582 0.484332 0.037191 0.874094 -3.309975 0.000000 0.000000 0.000000 1.000000
0.874816 -0.013045 -0.484280 0.855332 -0.006774 0.999210 -0.039153 210.151398 0.484409 0.037532 0.874036 -3.268157 0.000000 0.000000 0.000000 1.000000
0.874729 -0.013225 -0.484432 0.824746 -0.006853 0.999190 -0.039652 210.155457 0.484564 0.038005 0.873930 -3.213891 0.000000 0.000000 0.000000 1.000000
0.874626 -0.013475 -0.484611 0.795487 -0.006919 0.999165 -0.040270 210.159653 0.484749 0.038574 0.873802 -3.150887 0.000000 0.000000 0.000000 1.000000
0.874507 -0.013778 -0.484817 0.767421 -0.006981 0.999135 -0.040985 210.164474 0.484963 0.039226 0.873655 -3.080517 0.000000 0.000000 0.000000 1.000000
0.874374 -0.014121 -0.485048 0.740369 -0.007042 0.999102 -0.041780 210.169678 0.485202 0.039947 0.873489 -3.005062 0.000000 0.000000 0.000000 1.000000
0.874226 -0.014495 -0.485302 0.715384 -0.007103 0.999065 -0.042636 210.175400 0.485466 0.040721 0.873306 -2.925902 0.000000 0.000000 0.000000 1.000000
0.874066 -0.014890 -0.485578 0.692490 -0.007169 0.999026 -0.043538 210.181335 0.485754 0.041536 0.873108 -2.845176 0.000000 0.000000 0.000000 1.000000
0.873894 -0.015288 -0.485876 0.672312 -0.007245 0.998985 -0.044465 210.187469 0.486062 0.042378 0.872896 -2.764365 0.000000 0.000000 0.000000 1.000000
0.873711 -0.015684 -0.486192 0.654533 -0.007332 0.998942 -0.045401 210.193558 0.486390 0.043232 0.872672 -2.685611 0.000000 0.000000 0.000000 1.000000
0.873518 -0.016060 -0.486528 0.639903 -0.007438 0.998899 -0.046327 210.199692 0.486736 0.044086 0.872436 -2.610722 0.000000 0.000000 0.000000 1.000000
0.873315 -0.016408 -0.486880 0.628365 -0.007562 0.998856 -0.047225 210.205688 0.487097 0.044924 0.872191 -2.541471 0.000000 0.000000 0.000000 1.000000
0.873104 -0.016713 -0.487248 0.620080 -0.007710 0.998814 -0.048077 210.211365 0.487473 0.045733 0.871939 -2.479629 0.000000 0.000000 0.000000 1.000000
0.872885 -0.016966 -0.487631 0.616413 -0.007885 0.998774 -0.048865 210.216660 0.487862 0.046498 0.871681 -2.427145 0.000000 0.000000 0.000000 1.000000
0.872628 -0.017098 -0.488086 0.625942 -0.008140 0.998739 -0.049541 210.221420 0.488318 0.047204 0.871388 -2.397589 0.000000 0.000000 0.000000 1.000000
0.872489 -0.017355 -0.488325 0.653049 -0.008684 0.998661 -0.051007 210.227692 0.488556 0.048744 0.871170 -2.399714 0.000000 0.000000 0.000000 1.000000
0.872644 -0.017572 -0.488041 0.684109 -0.009278 0.998576 -0.052543 210.230698 0.488269 0.050379 0.871238 -2.412450 0.000000 0.000000 0.000000 1.000000
0.873026 -0.018022 -0.487341 0.715428 -0.009642 0.998484 -0.054197 210.234009 0.487579 0.052014 0.871528 -2.411778 0.000000 0.000000 0.000000 1.000000
0.873477 -0.018604 -0.486509 0.748409 -0.009872 0.998387 -0.055902 210.238297 0.486765 0.053632 0.871885 -2.404315 0.000000 0.000000 0.000000 1.000000
0.873956 -0.019235 -0.485624 0.782568 -0.010058 0.998287 -0.057640 210.243042 0.485901 0.055260 0.872265 -2.394926 0.000000 0.000000 0.000000 1.000000
0.874372 -0.019828 -0.484851 0.813696 -0.010196 0.998194 -0.059209 210.247467 0.485149 0.056714 0.872590 -2.380471 0.000000 0.000000 0.000000 1.000000
0.874637 -0.020338 -0.484351 0.837775 -0.010250 0.998120 -0.060422 210.250854 0.484670 0.057812 0.872785 -2.358272 0.000000 0.000000 0.000000 1.000000
0.874750 -0.020716 -0.484131 0.856497 -0.010282 0.998067 -0.061284 210.253098 0.484465 0.058586 0.872847 -2.328904 0.000000 0.000000 0.000000 1.000000
0.874765 -0.021043 -0.484090 0.874239 -0.010293 0.998024 -0.061984 210.255005 0.484437 0.059204 0.872820 -2.295590 0.000000 0.000000 0.000000 1.000000
0.874737 -0.021318 -0.484128 0.889596 -0.010291 0.997989 -0.062539 210.256454 0.484488 0.059687 0.872759 -2.259203 0.000000 0.000000 0.000000 1.000000
0.874642 -0.021550 -0.484290 0.903525 -0.010276 0.997963 -0.062966 210.257568 0.484661 0.060049 0.872639 -2.219632 0.000000 0.000000 0.000000 1.000000
0.874507 -0.021740 -0.484525 0.915367 -0.010254 0.997943 -0.063282 210.258362 0.484904 0.060309 0.872486 -2.177946 0.000000 0.000000 0.000000 1.000000
0.874349 -0.021891 -0.484804 0.924970 -0.010227 0.997929 -0.063506 210.259003 0.485190 0.060484 0.872314 -2.134307 0.000000 0.000000 0.000000 1.000000
0.874182 -0.022043 -0.485097 0.931465 -0.010169 0.997919 -0.063671 210.259491 0.485491 0.060593 0.872139 -2.089419 0.000000 0.000000 0.000000 1.000000
0.874022 -0.022169 -0.485381 0.934540 -0.010110 0.997913 -0.063781 210.259766 0.485782 0.060653 0.871973 -2.043935 0.000000 0.000000 0.000000 1.000000
0.873883 -0.022284 -0.485626 0.934652 -0.010053 0.997907 -0.063882 210.260056 0.486033 0.060708 0.871829 -1.998148 0.000000 0.000000 0.000000 1.000000
0.873780 -0.022366 -0.485806 0.930852 -0.010016 0.997902 -0.063958 210.260391 0.486218 0.060751 0.871723 -1.952558 0.000000 0.000000 0.000000 1.000000
0.873760 -0.022387 -0.485841 0.923017 -0.009985 0.997904 -0.063939 210.260284 0.486254 0.060719 0.871705 -1.908113 0.000000 0.000000 0.000000 1.000000
0.873772 -0.022297 -0.485825 0.894855 -0.009939 0.997921 -0.063675 210.260651 0.486235 0.060467 0.871734 -1.861212 0.000000 0.000000 0.000000 1.000000
0.873796 -0.022102 -0.485791 0.874512 -0.009846 0.997958 -0.063114 210.259903 0.486194 0.059932 0.871794 -1.824239 0.000000 0.000000 0.000000 1.000000
0.873815 -0.021881 -0.485766 0.861131 -0.009662 0.998008 -0.062336 210.257401 0.486163 0.059164 0.871863 -1.795549 0.000000 0.000000 0.000000 1.000000
0.873834 -0.021645 -0.485742 0.851628 -0.009442 0.998065 -0.061460 210.253708 0.486132 0.058292 0.871939 -1.770069 0.000000 0.000000 0.000000 1.000000
0.873857 -0.021393 -0.485711 0.843277 -0.009208 0.998124 -0.060529 210.249329 0.486095 0.057366 0.872021 -1.748216 0.000000 0.000000 0.000000 1.000000
0.873862 -0.021127 -0.485715 0.835743 -0.008985 0.998183 -0.059582 210.244583 0.486091 0.056430 0.872084 -1.728393 0.000000 0.000000 0.000000 1.000000
0.873809 -0.020851 -0.485822 0.827510 -0.008795 0.998239 -0.058661 210.240158 0.486189 0.055531 0.872087 -1.710163 0.000000 0.000000 0.000000 1.000000
0.873668 -0.020578 -0.486088 0.815043 -0.008652 0.998290 -0.057813 210.236465 0.486446 0.054715 0.871996 -1.692929 0.000000 0.000000 0.000000 1.000000
0.873323 -0.020213 -0.486722 0.796786 -0.008698 0.998333 -0.057065 210.234238 0.487064 0.054070 0.871691 -1.680100 0.000000 0.000000 0.000000 1.000000
0.872663 -0.019579 -0.487930 0.768149 -0.009090 0.998372 -0.056318 210.233429 0.488238 0.053582 0.871064 -1.679135 0.000000 0.000000 0.000000 1.000000
0.871913 -0.018653 -0.489305 0.737608 -0.009699 0.998420 -0.055343 210.234985 0.489565 0.053000 0.870355 -1.688000 0.000000 0.000000 0.000000 1.000000
0.871241 -0.017259 -0.490552 0.720258 -0.010446 0.998503 -0.053682 210.236252 0.490744 0.051894 0.869757 -1.726800 0.000000 0.000000 0.000000 1.000000
0.870705 -0.015602 -0.491558 0.712775 -0.011228 0.998606 -0.051583 210.237350 0.491678 0.050433 0.869316 -1.801050 0.000000 0.000000 0.000000 1.000000
0.870334 -0.014089 -0.492261 0.705628 -0.011913 0.998696 -0.049647 210.239929 0.492318 0.049074 0.869031 -1.885809 0.000000 0.000000 0.000000 1.000000
0.870527 -0.013040 -0.491948 0.697090 -0.012343 0.998756 -0.048315 210.240570 0.491966 0.048131 0.869283 -1.954887 0.000000 0.000000 0.000000 1.000000
0.870955 -0.012107 -0.491214 0.690268 -0.012690 0.998809 -0.047117 210.240784 0.491199 0.047270 0.869764 -2.021290 0.000000 0.000000 0.000000 1.000000
0.871636 -0.011090 -0.490027 0.690587 -0.013016 0.998868 -0.045758 210.240051 0.489980 0.046262 0.870505 -2.096107 0.000000 0.000000 0.000000 1.000000
0.872127 -0.010015 -0.489177 0.701141 -0.013300 0.998936 -0.044164 210.238846 0.489099 0.045022 0.871066 -2.176859 0.000000 0.000000 0.000000 1.000000
0.872220 -0.008976 -0.489032 0.722979 -0.013485 0.999010 -0.042389 210.234512 0.488928 0.043567 0.871235 -2.262310 0.000000 0.000000 0.000000 1.000000
0.872118 -0.008044 -0.489230 0.749522 -0.013580 0.999082 -0.040635 210.229004 0.489108 0.042083 0.871208 -2.349552 0.000000 0.000000 0.000000 1.000000
0.871872 -0.007287 -0.489679 0.778323 -0.013594 0.999144 -0.039072 210.223984 0.489545 0.040723 0.871027 -2.436676 0.000000 0.000000 0.000000 1.000000
0.871277 -0.006787 -0.490744 0.812025 -0.013565 0.999189 -0.037902 210.219299 0.490604 0.039681 0.870479 -2.523905 0.000000 0.000000 0.000000 1.000000
0.870596 -0.006390 -0.491957 0.846892 -0.013503 0.999229 -0.036875 210.216324 0.491814 0.038746 0.869838 -2.610481 0.000000 0.000000 0.000000 1.000000
0.869868 -0.006120 -0.493246 0.882205 -0.013363 0.999264 -0.035964 210.213348 0.493103 0.037875 0.869146 -2.696872 0.000000 0.000000 0.000000 1.000000
0.869133 -0.005879 -0.494544 0.918613 -0.013204 0.999297 -0.035084 210.210052 0.494402 0.037023 0.868444 -2.782877 0.000000 0.000000 0.000000 1.000000
0.868470 -0.005610 -0.495710 0.955211 -0.013035 0.999332 -0.034146 210.208298 0.495570 0.036116 0.867817 -2.867869 0.000000 0.000000 0.000000 1.000000
0.867886 -0.005284 -0.496736 0.992532 -0.012868 0.999369 -0.033113 210.206146 0.496597 0.035130 0.867270 -2.951986 0.000000 0.000000 0.000000 1.000000
0.867440 -0.004964 -0.497518 1.030895 -0.012677 0.999405 -0.032076 210.203735 0.497381 0.034131 0.866861 -3.035956 0.000000 0.000000 0.000000 1.000000
0.867367 -0.004725 -0.497647 1.073390 -0.012411 0.999439 -0.031121 210.200470 0.497515 0.033170 0.866821 -3.120113 0.000000 0.000000 0.000000 1.000000
0.867619 -0.004552 -0.497208 1.118674 -0.012084 0.999470 -0.030237 210.195984 0.497082 0.032242 0.867104 -3.204990 0.000000 0.000000 0.000000 1.000000
0.868001 -0.004426 -0.496543 1.165141 -0.011729 0.999499 -0.029413 210.191010 0.496424 0.031355 0.867514 -3.290087 0.000000 0.000000 0.000000 1.000000
0.868447 -0.004360 -0.495762 1.214085 -0.011351 0.999524 -0.028673 210.186096 0.495652 0.030528 0.867985 -3.375714 0.000000 0.000000 0.000000 1.000000
0.868896 -0.004371 -0.494975 1.266123 -0.010944 0.999547 -0.028038 210.181641 0.494874 0.029779 0.868455 -3.461780 0.000000 0.000000 0.000000 1.000000
0.869285 -0.004469 -0.494291 1.322169 -0.010516 0.999566 -0.027531 210.178421 0.494200 0.029130 0.868860 -3.548161 0.000000 0.000000 0.000000 1.000000
0.869509 -0.004753 -0.493895 1.385277 -0.010028 0.999578 -0.027275 210.176498 0.493816 0.028668 0.869094 -3.634423 0.000000 0.000000 0.000000 1.000000
0.869666 -0.005152 -0.493614 1.452448 -0.009496 0.999586 -0.027162 210.174606 0.493549 0.028309 0.869257 -3.720803 0.000000 0.000000 0.000000 1.000000
0.869765 -0.005726 -0.493434 1.524950 -0.008887 0.999589 -0.027266 210.171570 0.493387 0.028101 0.869356 -3.806488 0.000000 0.000000 0.000000 1.000000
0.869896 -0.006333 -0.493195 1.597342 -0.008266 0.999590 -0.027415 210.167725 0.493167 0.027925 0.869487 -3.891389 0.000000 0.000000 0.000000 1.000000
0.870200 -0.006932 -0.492650 1.664385 -0.007647 0.999591 -0.027572 210.161789 0.492639 0.027761 0.869791 -3.973331 0.000000 0.000000 0.000000 1.000000
0.870665 -0.007470 -0.491819 1.728803 -0.007057 0.999592 -0.027676 210.155304 0.491826 0.027567 0.870257 -4.053358 0.000000 0.000000 0.000000 1.000000
0.871257 -0.007884 -0.490764 1.790735 -0.006534 0.999596 -0.027659 210.153152 0.490784 0.027304 0.870853 -4.132010 0.000000 0.000000 0.000000 1.000000
0.871709 -0.008173 -0.489956 1.845395 -0.006244 0.999594 -0.027783 210.152100 0.489985 0.027278 0.871304 -4.216193 0.000000 0.000000 0.000000 1.000000
0.872144 -0.008401 -0.489178 1.898619 -0.006030 0.999592 -0.027916 210.151123 0.489213 0.027297 0.871737 -4.303885 0.000000 0.000000 0.000000 1.000000
0.872560 -0.008576 -0.488431 1.949556 -0.005877 0.999589 -0.028051 210.149780 0.488471 0.027347 0.872152 -4.393396 0.000000 0.000000 0.000000 1.000000
0.872958 -0.008735 -0.487717 1.997641 -0.005769 0.999585 -0.028230 210.148224 0.487761 0.027457 0.872545 -4.483050 0.000000 0.000000 0.000000 1.000000
0.873335 -0.008908 -0.487038 2.041224 -0.005693 0.999578 -0.028491 210.146286 0.487087 0.027655 0.872916 -4.571082 0.000000 0.000000 0.000000 1.000000
0.873691 -0.009093 -0.486397 2.080191 -0.005645 0.999568 -0.028828 210.143768 0.486449 0.027932 0.873262 -4.654955 0.000000 0.000000 0.000000 1.000000
0.874032 -0.009339 -0.485778 2.112405 -0.005623 0.999554 -0.029334 210.139679 0.485835 0.028371 0.873590 -4.736394 0.000000 0.000000 0.000000 1.000000
0.874200 -0.009652 -0.485470 2.123963 -0.005611 0.999535 -0.029976 210.136261 0.485534 0.028929 0.873739 -4.792186 0.000000 0.000000 0.000000 1.000000
0.874255 -0.009943 -0.485365 2.128968 -0.005605 0.999517 -0.030573 210.134262 0.485435 0.029449 0.873777 -4.832596 0.000000 0.000000 0.000000 1.000000
0.874150 -0.010165 -0.485549 2.123956 -0.005602 0.999503 -0.031010 210.135452 0.485623 0.029828 0.873659 -4.854833 0.000000 0.000000 0.000000 1.000000
0.873974 -0.010368 -0.485862 2.113558 -0.005599 0.999491 -0.031401 210.137772 0.485941 0.030164 0.873471 -4.868653 0.000000 0.000000 0.000000 1.000000
0.873752 -0.010561 -0.486257 2.101366 -0.005592 0.999480 -0.031755 210.140732 0.486340 0.030465 0.873239 -4.872968 0.000000 0.000000 0.000000 1.000000
0.873510 -0.010750 -0.486687 2.088610 -0.005578 0.999470 -0.032087 210.144043 0.486774 0.030743 0.872987 -4.867944 0.000000 0.000000 0.000000 1.000000
0.873275 -0.010948 -0.487104 2.077450 -0.005549 0.999459 -0.032411 210.146988 0.487195 0.031006 0.872742 -4.853356 0.000000 0.000000 0.000000 1.000000
0.873074 -0.011167 -0.487460 2.069195 -0.005496 0.999449 -0.032741 210.149719 0.487557 0.031264 0.872531 -4.828380 0.000000 0.000000 0.000000 1.000000
0.872931 -0.011400 -0.487710 2.067303 -0.005431 0.999438 -0.033082 210.151215 0.487813 0.031527 0.872379 -4.793437 0.000000 0.000000 0.000000 1.000000
0.872864 -0.011633 -0.487825 2.075014 -0.005340 0.999428 -0.033387 210.151566 0.487935 0.031747 0.872303 -4.725255 0.000000 0.000000 0.000000 1.000000
0.872821 -0.011880 -0.487897 2.086229 -0.005224 0.999419 -0.033681 210.151245 0.488013 0.031947 0.872251 -4.643175 0.000000 0.000000 0.000000 1.000000
0.872777 -0.012163 -0.487968 2.098544 -0.005080 0.999409 -0.033998 210.151794 0.488093 0.032151 0.872199 -4.555675 0.000000 0.000000 0.000000 1.000000
0.872711 -0.012516 -0.488077 2.110686 -0.004893 0.999397 -0.034376 210.154449 0.488212 0.032388 0.872124 -4.469637 0.000000 0.000000 0.000000 1.000000
0.872588 -0.013013 -0.488284 2.118349 -0.004649 0.999379 -0.034943 210.160858 0.488435 0.032761 0.871985 -4.381555 0.000000 0.000000 0.000000 1.000000
0.872467 -0.013460 -0.488487 2.120065 -0.004513 0.999356 -0.035598 210.164795 0.488651 0.033262 0.871845 -4.286839 0.000000 0.000000 0.000000 1.000000
0.872229 -0.014124 -0.488893 2.119672 -0.004241 0.999327 -0.036437 210.164520 0.489079 0.033855 0.871582 -4.188175 0.000000 0.000000 0.000000 1.000000
0.871825 -0.014870 -0.489591 2.113934 -0.003861 0.999299 -0.037226 210.161102 0.489802 0.034345 0.871157 -4.086205 0.000000 0.000000 0.000000 1.000000
0.871405 -0.015127 -0.490331 2.085540 -0.003782 0.999288 -0.037551 210.155106 0.490550 0.034577 0.870727 -3.981835 0.000000 0.000000 0.000000 1.000000
0.870996 -0.015944 -0.491031 2.030753 -0.003393 0.999254 -0.038465 210.158798 0.491279 0.035169 0.870292 -3.866714 0.000000 0.000000 0.000000 1.000000
0.870880 -0.017022 -0.491201 1.950776 -0.002606 0.999226 -0.039248 210.175049 0.491489 0.035460 0.870162 -3.762081 0.000000 0.000000 0.000000 1.000000
0.870920 -0.017580 -0.491111 1.877075 -0.002343 0.999200 -0.039923 210.185715 0.491420 0.035920 0.870182 -3.659895 0.000000 0.000000 0.000000 1.000000
0.871168 -0.017899 -0.490659 1.806690 -0.002300 0.999176 -0.040533 210.191238 0.490980 0.036439 0.870408 -3.562770 0.000000 0.000000 0.000000 1.000000
0.871696 -0.017808 -0.489723 1.726335 -0.002291 0.999181 -0.040411 210.195969 0.490042 0.036348 0.870941 -3.479475 0.000000 0.000000 0.000000 1.000000
0.872233 -0.017777 -0.488767 1.617357 -0.002528 0.999162 -0.040852 210.194595 0.489083 0.036868 0.871458 -3.386249 0.000000 0.000000 0.000000 1.000000
0.872488 -0.017655 -0.488316 1.504128 -0.003074 0.999129 -0.041616 210.187988 0.488625 0.037810 0.871674 -3.286173 0.000000 0.000000 0.000000 1.000000
0.872530 -0.017483 -0.488247 1.409076 -0.003570 0.999105 -0.042154 210.183411 0.488547 0.038524 0.871687 -3.193085 0.000000 0.000000 0.000000 1.000000
0.872625 -0.017236 -0.488087 1.321093 -0.004032 0.999089 -0.042490 210.182068 0.488374 0.039046 0.871760 -3.105308 0.000000 0.000000 0.000000 1.000000
0.872935 -0.016837 -0.487545 1.244189 -0.004428 0.999090 -0.042432 210.187943 0.487816 0.039199 0.872066 -3.028620 0.000000 0.000000 0.000000 1.000000
0.873135 -0.016511 -0.487198 1.179973 -0.004788 0.999088 -0.042440 210.192230 0.487454 0.039388 0.872260 -2.951137 0.000000 0.000000 0.000000 1.000000
0.873230 -0.016249 -0.487037 1.127846 -0.005110 0.999084 -0.042494 210.195755 0.487281 0.039596 0.872347 -2.872511 0.000000 0.000000 0.000000 1.000000
0.873195 -0.016092 -0.487105 1.084563 -0.005365 0.999077 -0.042623 210.197845 0.487341 0.039832 0.872303 -2.794513 0.000000 0.000000 0.000000 1.000000
0.873013 -0.016098 -0.487431 1.051061 -0.005529 0.999064 -0.042898 210.198395 0.487666 0.040146 0.872107 -2.717997 0.000000 0.000000 0.000000 1.000000
0.872775 -0.016187 -0.487854 1.020622 -0.005643 0.999049 -0.043245 210.198288 0.488090 0.040497 0.871853 -2.641996 0.000000 0.000000 0.000000 1.000000
0.872528 -0.016380 -0.488290 0.992550 -0.005685 0.999030 -0.043672 210.198059 0.488531 0.040880 0.871588 -2.565990 0.000000 0.000000 0.000000 1.000000
0.872317 -0.016663 -0.488657 0.963403 -0.005658 0.999008 -0.044166 210.198120 0.488909 0.041292 0.871357 -2.489624 0.000000 0.000000 0.000000 1.000000
0.872159 -0.017159 -0.488921 0.935551 -0.005478 0.998980 -0.044832 210.197815 0.489191 0.041779 0.871175 -2.412322 0.000000 0.000000 0.000000 1.000000
0.871872 -0.017497 -0.489421 0.909144 -0.005452 0.998953 -0.045425 210.194458 0.489704 0.042273 0.870863 -2.335557 0.000000 0.000000 0.000000 1.000000
0.871586 -0.017852 -0.489918 0.878104 -0.005406 0.998926 -0.046017 210.193573 0.490213 0.042757 0.870553 -2.253320 0.000000 0.000000 0.000000 1.000000
0.871310 -0.018232 -0.490394 0.844795 -0.005342 0.998898 -0.046628 210.193909 0.490704 0.043248 0.870252 -2.167808 0.000000 0.000000 0.000000 1.000000
0.871274 -0.018464 -0.490450 0.810971 -0.005286 0.998881 -0.046994 210.195480 0.490769 0.043537 0.870201 -2.088602 0.000000 0.000000 0.000000 1.000000
0.871316 -0.018635 -0.490369 0.777518 -0.005236 0.998869 -0.047262 210.197449 0.490695 0.043747 0.870233 -2.011198 0.000000 0.000000 0.000000 1.000000
0.871440 -0.018761 -0.490143 0.744024 -0.005189 0.998860 -0.047458 210.199646 0.490474 0.043900 0.870349 -1.936437 0.000000 0.000000 0.000000 1.000000
0.871640 -0.018848 -0.489784 0.710251 -0.005149 0.998853 -0.047602 210.202118 0.490120 0.044014 0.870543 -1.864230 0.000000 0.000000 0.000000 1.000000
0.871985 -0.018868 -0.489168 0.676270 -0.005123 0.998851 -0.047658 210.205002 0.489505 0.044063 0.870887 -1.797074 0.000000 0.000000 0.000000 1.000000
0.872538 -0.018911 -0.488180 0.637220 -0.005105 0.998843 -0.047819 210.209030 0.488520 0.044216 0.871432 -1.736725 0.000000 0.000000 0.000000 1.000000
0.873241 -0.019021 -0.486917 0.592821 -0.005087 0.998828 -0.048141 210.213028 0.487262 0.044516 0.872120 -1.683386 0.000000 0.000000 0.000000 1.000000
0.873734 -0.019083 -0.486029 0.552720 -0.005057 0.998820 -0.048308 210.214691 0.486377 0.044666 0.872607 -1.650027 0.000000 0.000000 0.000000 1.000000
0.874155 -0.019141 -0.485269 0.514265 -0.005005 0.998815 -0.048414 210.215179 0.485621 0.044750 0.873023 -1.623517 0.000000 0.000000 0.000000 1.000000
0.874511 -0.019252 -0.484623 0.477177 -0.004898 0.998810 -0.048516 210.215271 0.484981 0.044801 0.873377 -1.602259 0.000000 0.000000 0.000000 1.000000
0.874810 -0.019368 -0.484079 0.441405 -0.004784 0.998807 -0.048607 210.214890 0.484443 0.044838 0.873673 -1.585119 0.000000 0.000000 0.000000 1.000000
0.875015 -0.019486 -0.483703 0.407939 -0.004671 0.998803 -0.048686 210.214172 0.484073 0.044861 0.873877 -1.573750 0.000000 0.000000 0.000000 1.000000
0.875072 -0.019620 -0.483595 0.378376 -0.004552 0.998800 -0.048760 210.213852 0.483971 0.044870 0.873933 -1.572565 0.000000 0.000000 0.000000 1.000000
0.875054 -0.019769 -0.483621 0.351133 -0.004424 0.998797 -0.048834 210.213531 0.484005 0.044872 0.873914 -1.577105 0.000000 0.000000 0.000000 1.000000
0.874997 -0.019915 -0.483719 0.325390 -0.004301 0.998794 -0.048902 210.213531 0.484110 0.044870 0.873856 -1.585054 0.000000 0.000000 0.000000 1.000000
0.874893 -0.019970 -0.483905 0.300866 -0.004262 0.998793 -0.048924 210.213913 0.484298 0.044866 0.873752 -1.595571 0.000000 0.000000 0.000000 1.000000
0.874664 -0.019996 -0.484318 0.281289 -0.004259 0.998793 -0.048928 210.215668 0.484712 0.044858 0.873523 -1.610176 0.000000 0.000000 0.000000 1.000000
0.874304 -0.019992 -0.484967 0.265434 -0.004294 0.998794 -0.048916 210.217987 0.485360 0.044850 0.873163 -1.628857 0.000000 0.000000 0.000000 1.000000
0.873864 -0.019922 -0.485762 0.252186 -0.004399 0.998795 -0.048876 210.221268 0.486150 0.044847 0.872724 -1.649661 0.000000 0.000000 0.000000 1.000000
0.873395 -0.019789 -0.486610 0.240412 -0.004568 0.998797 -0.048818 210.223846 0.486991 0.044860 0.872254 -1.671399 0.000000 0.000000 0.000000 1.000000
0.872934 -0.019621 -0.487444 0.229878 -0.004765 0.998800 -0.048738 210.227661 0.487816 0.044867 0.871793 -1.692194 0.000000 0.000000 0.000000 1.000000
0.872517 -0.019410 -0.488197 0.220124 -0.004980 0.998805 -0.048610 210.230484 0.488558 0.044844 0.871378 -1.711406 0.000000 0.000000 0.000000 1.000000
0.872211 -0.019060 -0.488757 0.212408 -0.005239 0.998819 -0.048299 210.232483 0.489101 0.044688 0.871082 -1.726096 0.000000 0.000000 0.000000 1.000000
0.872012 -0.018588 -0.489131 0.207175 -0.005532 0.998841 -0.047821 210.233643 0.489453 0.044406 0.870899 -1.738731 0.000000 0.000000 0.000000 1.000000
0.871846 -0.018127 -0.489444 0.209332 -0.005777 0.998865 -0.047284 210.233994 0.489745 0.044052 0.870752 -1.756181 0.000000 0.000000 0.000000 1.000000
0.871668 -0.017750 -0.489775 0.225899 -0.005921 0.998890 -0.046738 210.232727 0.490061 0.043640 0.870595 -1.785203 0.000000 0.000000 0.000000 1.000000
0.871436 -0.017516 -0.490196 0.262019 -0.005912 0.998915 -0.046204 210.229614 0.490473 0.043161 0.870387 -1.831736 0.000000 0.000000 0.000000 1.000000
0.871164 -0.017386 -0.490684 0.320030 -0.005740 0.998944 -0.045587 210.224045 0.490958 0.042530 0.870144 -1.893808 0.000000 0.000000 0.000000 1.000000
0.870886 -0.017336 -0.491178 0.392018 -0.005466 0.998974 -0.044950 210.217026 0.491454 0.041831 0.869898 -1.967423 0.000000 0.000000 0.000000 1.000000
0.870637 -0.017349 -0.491619 0.469817 -0.005156 0.999001 -0.044385 210.209427 0.491898 0.041178 0.869678 -2.048896 0.000000 0.000000 0.000000 1.000000
0.870451 -0.017413 -0.491948 0.544977 -0.004873 0.999020 -0.043983 210.202469 0.492231 0.040683 0.869513 -2.134020 0.000000 0.000000 0.000000 1.000000
0.870292 -0.017588 -0.492222 0.620009 -0.004590 0.999029 -0.043812 210.195953 0.492515 0.040389 0.869366 -2.226471 0.000000 0.000000 0.000000 1.000000
0.870174 -0.017858 -0.492421 0.698750 -0.004289 0.999031 -0.043810 210.189453 0.492726 0.040234 0.869254 -2.327538 0.000000 0.000000 0.000000 1.000000
0.870203 -0.018118 -0.492359 0.772742 -0.004049 0.999027 -0.043918 210.183594 0.492676 0.040211 0.869283 -2.429669 0.000000 0.000000 0.000000 1.000000
0.870492 -0.018225 -0.491845 0.835620 -0.003943 0.999024 -0.043998 210.178619 0.492167 0.040240 0.869570 -2.527167 0.000000 0.000000 0.000000 1.000000
0.871067 -0.018248 -0.490826 0.888543 -0.003892 0.999022 -0.044050 210.173920 0.491149 0.040281 0.870143 -2.625823 0.000000 0.000000 0.000000 1.000000
0.871762 -0.018238 -0.489589 0.935218 -0.003858 0.999020 -0.044084 210.169998 0.489914 0.040319 0.870838 -2.720884 0.000000 0.000000 0.000000 1.000000
0.872398 -0.018216 -0.488457 0.979316 -0.003841 0.999019 -0.044115 210.167557 0.488782 0.040362 0.871472 -2.806413 0.000000 0.000000 0.000000 1.000000
0.872922 -0.018184 -0.487520 1.019134 -0.003839 0.999018 -0.044136 210.167023 0.487844 0.040399 0.871996 -2.877075 0.000000 0.000000 0.000000 1.000000
0.873406 -0.018134 -0.486654 1.053855 -0.003853 0.999018 -0.044140 210.169312 0.486977 0.040427 0.872479 -2.936980 0.000000 0.000000 0.000000 1.000000
0.873829 -0.018064 -0.485897 1.088715 -0.003881 0.999019 -0.044118 210.171112 0.486217 0.040437 0.872902 -2.992236 0.000000 0.000000 0.000000 1.000000
0.874156 -0.017970 -0.485312 1.123982 -0.003921 0.999021 -0.044053 210.172928 0.485629 0.040412 0.873230 -3.041349 0.000000 0.000000 0.000000 1.000000
0.874277 -0.017859 -0.485099 1.160871 -0.003973 0.999026 -0.043940 210.174561 0.485412 0.040344 0.873354 -3.085309 0.000000 0.000000 0.000000 1.000000
0.874144 -0.017754 -0.485343 1.197967 -0.004035 0.999032 -0.043811 210.176819 0.485651 0.040256 0.873226 -3.123076 0.000000 0.000000 0.000000 1.000000
0.873918 -0.017593 -0.485755 1.236225 -0.004138 0.999039 -0.043628 210.178070 0.486056 0.040137 0.873006 -3.162698 0.000000 0.000000 0.000000 1.000000
0.873646 -0.017306 -0.486255 1.277068 -0.004315 0.999052 -0.043310 210.175552 0.486543 0.039935 0.872743 -3.213783 0.000000 0.000000 0.000000 1.000000
0.873490 -0.017353 -0.486532 1.312124 -0.004472 0.999036 -0.043661 210.170380 0.486821 0.040313 0.872571 -3.246962 0.000000 0.000000 0.000000 1.000000
0.873471 -0.017025 -0.486579 1.349813 -0.004753 0.999043 -0.043488 210.165863 0.486853 0.040298 0.872554 -3.295595 0.000000 0.000000 0.000000 1.000000
0.873622 -0.016637 -0.486321 1.379719 -0.005182 0.999041 -0.043486 210.167770 0.486578 0.040510 0.872697 -3.330800 0.000000 0.000000 0.000000 1.000000
0.873813 -0.016328 -0.485989 1.404320 -0.005570 0.999034 -0.043578 210.170319 0.486231 0.040786 0.872878 -3.359168 0.000000 0.000000 0.000000 1.000000
0.873973 -0.016347 -0.485699 1.417578 -0.005663 0.999024 -0.043813 210.169586 0.485941 0.041042 0.873027 -3.379799 0.000000 0.000000 0.000000 1.000000
0.874121 -0.016443 -0.485430 1.428480 -0.005688 0.999012 -0.044083 210.167053 0.485675 0.041295 0.873163 -3.398126 0.000000 0.000000 0.000000 1.000000
0.874250 -0.016546 -0.485194 1.433098 -0.005695 0.999001 -0.044329 210.165314 0.485443 0.041518 0.873282 -3.409220 0.000000 0.000000 0.000000 1.000000
0.874351 -0.016612 -0.485009 1.428640 -0.005705 0.998993 -0.044501 210.162949 0.485260 0.041676 0.873376 -3.407650 0.000000 0.000000 0.000000 1.000000
0.874424 -0.016619 -0.484878 1.414618 -0.005738 0.998989 -0.044589 210.160507 0.485128 0.041772 0.873445 -3.393688 0.000000 0.000000 0.000000 1.000000
0.874470 -0.016503 -0.484799 1.390100 -0.005836 0.998991 -0.044534 210.157837 0.485045 0.041773 0.873491 -3.365923 0.000000 0.000000 0.000000 1.000000
0.874486 -0.016343 -0.484776 1.361934 -0.005974 0.998994 -0.044455 210.154327 0.485014 0.041772 0.873508 -3.333215 0.000000 0.000000 0.000000 1.000000
0.874486 -0.016265 -0.484778 1.335760 -0.006042 0.998995 -0.044416 210.152420 0.485014 0.041770 0.873508 -3.302769 0.000000 0.000000 0.000000 1.000000</float_array><technique_common><accessor source="#mixamorig_Hips-Matrix-animation-output-transform-array" count="191" stride="16"><param type="float4x4"/></accessor></technique_common></source><source id="mixamorig_Hips-Interpolations"><Name_array id="mixamorig_Hips-Interpolations-array" count="191">
 LINEAR LINEAR LINEAR LINEAR LINEAR LINEAR LINEAR LINEAR LINEAR LINEAR LINEAR
LINEAR LINEAR LINEAR LINEAR LINEAR LINEAR LINEAR LINEAR LINEAR LINEAR LINEAR LINEAR
LINEAR LINEAR LINEAR LINEAR LINEAR LINEAR LINEAR LINEAR LINEAR LINEAR LINEAR LINEAR
LINEAR LINEAR LINEAR LINEAR LINEAR LINEAR LINEAR LINEAR LINEAR LINEAR LINEAR LINEAR
LINEAR LINEAR LINEAR LINEAR LINEAR LINEAR LINEAR LINEAR LINEAR LINEAR LINEAR LINEAR
LINEAR LINEAR LINEAR LINEAR LINEAR LINEAR LINEAR LINEAR LINEAR LINEAR LINEAR LINEAR
LINEAR LINEAR LINEAR LINEAR LINEAR LINEAR LINEAR LINEAR LINEAR LINEAR LINEAR LINEAR
LINEAR LINEAR LINEAR LINEAR LINEAR LINEAR LINEAR LINEAR LINEAR LINEAR LINEAR LINEAR
LINEAR LINEAR LINEAR LINEAR LINEAR LINEAR LINEAR LINEAR LINEAR LINEAR LINEAR LINEAR
LINEAR LINEAR LINEAR LINEAR LINEAR LINEAR LINEAR LINEAR LINEAR LINEAR LINEAR LINEAR
LINEAR LINEAR LINEAR LINEAR LINEAR LINEAR LINEAR LINEAR LINEAR LINEAR LINEAR LINEAR
LINEAR LINEAR LINEAR LINEAR LINEAR LINEAR LINEAR LINEAR LINEAR LINEAR LINEAR LINEAR
LINEAR LINEAR LINEAR LINEAR LINEAR LINEAR LINEAR LINEAR LINEAR LINEAR LINEAR LINEAR
LINEAR LINEAR LINEAR LINEAR LINEAR LINEAR LINEAR LINEAR LINEAR LINEAR LINEAR LINEAR
LINEAR LINEAR LINEAR LINEAR LINEAR LINEAR LINEAR LINEAR LINEAR LINEAR LINEAR LINEAR
LINEAR LINEAR LINEAR LINEAR LINEAR LINEAR LINEAR LINEAR LINEAR LINEAR LINEAR LINEAR</Name_array><technique_common><accessor source="#mixamorig_Hips-Interpolations-array" count="191"><param type="name"/></accessor></technique_common></source><sampler id="mixamorig_Hips-Matrix-animation-transform"><input semantic="INPUT" source="#mixamorig_Hips-Matrix-animation-input"/><input semantic="OUTPUT" source="#mixamorig_Hips-Matrix-animation-output-transform"/><input semantic="INTERPOLATION" source="#mixamorig_Hips-Interpolations"/></sampler><channel source="#mixamorig_Hips-Matrix-animation-transform" target="mixamorig_Hips/matrix"/></animation>
    <animation id="mixamorig_Spine-anim" name="mixamorig_Spine"><source id="mixamorig_Spine-Matrix-animation-input"><float_array id="mixamorig_Spine-Matrix-animation-input-array" count="191">

0.000000 0.033333 0.066667 0.100000 0.133333 0.166667 0.200000 0.233333 0.266667 0.300000 0.333333 0.366667 0.400000 0.433333 0.466667 0.500000
0.533333 0.566667 0.600000 0.633333 0.666667 0.700000 0.733333 0.766667 0.800000 0.833333 0.866667 0.900000 0.933333 0.966667 1.000000 1.033333
1.066667 1.100000 1.133333 1.166667 1.200000 1.233333 1.266667 1.300000 1.333333 1.366667 1.400000 1.433333 1.466667 1.500000 1.533333 1.566667
1.600000 1.633333 1.666667 1.700000 1.733333 1.766667 1.800000 1.833333 1.866667 1.900000 1.933333 1.966667 2.000000 2.033333 2.066667 2.100000
2.133333 2.166667 2.200000 2.233333 2.266667 2.300000 2.333333 2.366667 2.400000 2.433333 2.466667 2.500000 2.533333 2.566667 2.600000 2.633333
2.666667 2.700000 2.733333 2.766667 2.800000 2.833333 2.866667 2.900000 2.933333 2.966667 3.000000 3.033333 3.066667 3.100000 3.133333 3.166667
3.200000 3.233333 3.266667 3.300000 3.333333 3.366667 3.400000 3.433333 3.466667 3.500000 3.533333 3.566667 3.600000 3.633333 3.666667 3.700000
3.733333 3.766667 3.800000 3.833333 3.866667 3.900000 3.933333 3.966667 4.000000 4.033333 4.066667 4.100000 4.133333 4.166667 4.200000 4.233333
4.266667 4.300000 4.333333 4.366667 4.400000 4.433333 4.466667 4.500000 4.533333 4.566667 4.600000 4.633333 4.666667 4.700000 4.733333 4.766667
4.800000 4.833333 4.866667 4.900000 4.933333 4.966667 5.000000 5.033333 5.066667 5.100000 5.133333 5.166667 5.200000 5.233333 5.266667 5.300000
5.333333 5.366667 5.400000 5.433333 5.466667 5.500000 5.533333 5.566667 5.600000 5.633333 5.666667 5.700000 5.733333 5.766667 5.800000 5.833333
5.866667 5.900000 5.933333 5.966667 6.000000 6.033333 6.066667 6.100000 6.133333 6.166667 6.200000 6.233333 6.266667 6.300000 6.333333</float_array><technique_common><accessor source="#mixamorig_Spine-Matrix-animation-input-array" count="191"><param name="TIME" type="float"/></accessor></technique_common></source><source id="mixamorig_Spine-Matrix-animation-output-transform"><float_array id="mixamorig_Spine-Matrix-animation-output-transform-array" count="3056">

0.998987 0.044590 -0.005996 -0.057500 -0.044991 0.989637 -0.136361 18.534300 -0.000147 0.136492 0.990641 -2.042900 0.000000 0.000000 0.000000 1.000000
0.999006 0.044046 -0.006811 -0.057500 -0.044563 0.989737 -0.135773 18.534300 0.000761 0.135942 0.990717 -2.042900 0.000000 0.000000 0.000000 1.000000
0.999028 0.043412 -0.007645 -0.057500 -0.044047 0.989844 -0.135164 18.534300 0.001700 0.135369 0.990794 -2.042900 0.000000 0.000000 0.000000 1.000000
0.999047 0.042827 -0.008464 -0.057500 -0.043577 0.989946 -0.134566 18.534300 0.002616 0.134807 0.990868 -2.042900 0.000000 0.000000 0.000000 1.000000
0.999055 0.042486 -0.009204 -0.057500 -0.043337 0.990027 -0.134047 18.534300 0.003417 0.134319 0.990932 -2.042900 0.000000 0.000000 0.000000 1.000000
0.999044 0.042605 -0.009745 -0.057500 -0.043526 0.990067 -0.133688 18.534300 0.003952 0.133984 0.990976 -2.042900 0.000000 0.000000 0.000000 1.000000
0.999022 0.043032 -0.010146 -0.057500 -0.044002 0.990083 -0.133414 18.534300 0.004305 0.133730 0.991009 -2.042900 0.000000 0.000000 0.000000 1.000000
0.999003 0.043402 -0.010494 -0.057500 -0.044412 0.990151 -0.132776 18.534300 0.004628 0.133109 0.991091 -2.042900 0.000000 0.000000 0.000000 1.000000
0.998984 0.043752 -0.010775 -0.057500 -0.044792 0.990261 -0.131820 18.534300 0.004903 0.132168 0.991215 -2.042900 0.000000 0.000000 0.000000 1.000000
0.998967 0.044082 -0.011003 -0.057500 -0.045144 0.990391 -0.130721 18.534300 0.005134 0.131082 0.991358 -2.042900 0.000000 0.000000 0.000000 1.000000
0.998953 0.044327 -0.011300 -0.057500 -0.045420 0.990509 -0.129723 18.534300 0.005442 0.130101 0.991486 -2.042900 0.000000 0.000000 0.000000 1.000000
0.998939 0.044530 -0.011750 -0.057500 -0.045674 0.990610 -0.128860 18.534300 0.005901 0.129259 0.991593 -2.042900 0.000000 0.000000 0.000000 1.000000
0.998927 0.044676 -0.012217 -0.057500 -0.045875 0.990698 -0.128117 18.534300 0.006379 0.128540 0.991684 -2.042900 0.000000 0.000000 0.000000 1.000000
0.998923 0.044665 -0.012580 -0.057500 -0.045907 0.990764 -0.127592 18.534300 0.006764 0.128032 0.991747 -2.042900 0.000000 0.000000 0.000000 1.000000
0.998923 0.044614 -0.012766 -0.057500 -0.045879 0.990800 -0.127321 18.534300 0.006968 0.127769 0.991779 -2.042900 0.000000 0.000000 0.000000 1.000000
0.998927 0.044493 -0.012840 -0.057500 -0.045766 0.990845 -0.127013 18.534300 0.007071 0.127465 0.991818 -2.042900 0.000000 0.000000 0.000000 1.000000
0.998936 0.044287 -0.012867 -0.057500 -0.045562 0.990897 -0.126674 18.534300 0.007140 0.127126 0.991861 -2.042900 0.000000 0.000000 0.000000 1.000000
0.998947 0.044039 -0.012848 -0.057500 -0.045312 0.990953 -0.126329 18.534300 0.007168 0.126778 0.991905 -2.042900 0.000000 0.000000 0.000000 1.000000
0.998961 0.043746 -0.012803 -0.057500 -0.045012 0.991006 -0.126017 18.534300 0.007175 0.126462 0.991945 -2.042900 0.000000 0.000000 0.000000 1.000000
0.998976 0.043423 -0.012742 -0.057500 -0.044683 0.991051 -0.125785 18.534300 0.007166 0.126226 0.991976 -2.042900 0.000000 0.000000 0.000000 1.000000
0.998992 0.043070 -0.012667 -0.057500 -0.044323 0.991079 -0.125689 18.534300 0.007141 0.126123 0.991989 -2.042900 0.000000 0.000000 0.000000 1.000000
0.999009 0.042701 -0.012578 -0.057500 -0.043946 0.991093 -0.125712 18.534300 0.007098 0.126140 0.991987 -2.042900 0.000000 0.000000 0.000000 1.000000
0.999026 0.042316 -0.012478 -0.057500 -0.043553 0.991079 -0.125956 18.534300 0.007037 0.126376 0.991957 -2.042900 0.000000 0.000000 0.000000 1.000000
0.999044 0.041933 -0.012326 -0.057500 -0.043157 0.991035 -0.126437 18.534300 0.006914 0.126848 0.991898 -2.042900 0.000000 0.000000 0.000000 1.000000
0.999062 0.041551 -0.012163 -0.057500 -0.042762 0.990956 -0.127193 18.534300 0.006768 0.127594 0.991803 -2.042900 0.000000 0.000000 0.000000 1.000000
0.999080 0.041179 -0.011998 -0.057500 -0.042380 0.990834 -0.128265 18.534300 0.006606 0.128655 0.991667 -2.042900 0.000000 0.000000 0.000000 1.000000
